tweet_id: 1748929189326331995
masto_id: 111792107669642489
subre_id: Not uploaded, but here's the text: Let's rock this Sunday!  #VisualArt #AI

n_iter: 540
ct: 1
hue_offset: 64
saturation: 0.16

num_attempts: 483
dur: 601
std: 94.67
size: 1256425 (1.2 MiB)

xmin: 0.4287336639355295
xmax: 0.4351234402933569
ymin: 0.5751194633787304
ymax: 0.5787137125800084

contrast: 1.2
brightness: 0.05
saturation: 1.68
gamma: 0.82
gamma_r: 0.96
gamma_g: 1.04
gamma_b: 0.95
vignette: 21
temp: 6668