tweet_id: 1751588788160131461
masto_id: 111833663867776856
subre_id: Not uploaded, but here's the text: you are fantastic!  #MachineLearning #Art

n_iter: 506
ct: 1
hue_offset: 2
saturation: -0.86

num_attempts: 541
dur: 607
std: 91.6
size: 618714 (604.21 KiB)

xmin: -0.2418227951289249
xmax: -0.23712795944817372
ymin: -0.7264540698336172
ymax: -0.7238132247631947

contrast: 1.37
brightness: 0.14
saturation: 0.76
gamma: 1.08
gamma_r: 0.94
gamma_g: 1.16
gamma_b: 1.13
vignette: -1
temp: 2138