tweet_id: 1751782132127527108
masto_id: 111836684918187975
subre_id: Not uploaded, but here's the text: Today is awesome!  #Mathematics #GenerativeArt

n_iter: 507
ct: 1
hue_offset: 44
saturation: 0.52

num_attempts: 520
dur: 600
std: 71.96
size: 839324 (819.65 KiB)

xmin: -0.3015801265828044
xmax: -0.292808196758243
ymin: -0.7001113340441472
ymax: -0.6951771235178313

contrast: 1.05
brightness: 0.17
saturation: 0.61
gamma: 1.16
gamma_r: 0.93
gamma_g: 1.05
gamma_b: 1.1
vignette: -2
temp: 5131