tweet_id: 1754386702536528270
masto_id: 111877381270827452
subre_id: Not uploaded, but here's the text: Have an awesome Monday!  #Fractals #GenerativeArt

n_iter: 369
ct: 211
hue_offset: 107
saturation: 0.57

num_attempts: 8
dur: 2
std: 24.99
size: 514669 (502.61 KiB)

xmin: 0.29675660117707503
xmax: 0.5967566011770751
ymin: -1.3629581970088773
ymax: -1.1942081970088774

contrast: 1.1
brightness: -0.1
saturation: 1.42
gamma: 0.99
gamma_r: 1.01
gamma_g: 0.9
gamma_b: 0.96
vignette: -17
temp: 7500