tweet_id: 1751884772954325063
masto_id: 111838288730509693
subre_id: Not uploaded, but here's the text: you are cool  #Art #AI

n_iter: 949
ct: 231
hue_offset: 261
saturation: 0.88

num_attempts: 20
dur: 14
std: 86.12
size: 1660826 (1.58 MiB)

xmin: -0.3406422648333707
xmax: -0.34006944512837284
ymin: -0.6212380464135524
ymax: -0.6209158353294911

contrast: 1.18
brightness: -0.06
saturation: 0.83
gamma: 0.98
gamma_r: 1.08
gamma_g: 0.94
gamma_b: 0.99
vignette: 22
temp: 3465