tweet_id: 1750439581416132899
masto_id: 111815707641186994
subre_id: Not uploaded, but here's the text: Feeling good today!  #MachineLearning #VisualArt

n_iter: 438
ct: 1
hue_offset: 160
saturation: -0.04

num_attempts: 519
dur: 601
std: 67.7
size: 1278151 (1.22 MiB)

xmin: 0.09450480252862281
xmax: 0.09967944677183109
ymin: -0.7691350830078962
ymax: -0.7662243456210915

contrast: 1.16
brightness: -0.0
saturation: 1.73
gamma: 1.1
gamma_r: 0.86
gamma_g: 0.99
gamma_b: 0.8
vignette: 33
temp: 3019