tweet_id: 1753605707147133014
masto_id: 111865178406387099
subre_id: Not uploaded, but here's the text: Saturday vibes!  #VisualArt #Art

n_iter: 384
ct: 193
hue_offset: 59
saturation: -0.06

num_attempts: 50
dur: 18
std: 20.98
size: 620759 (606.21 KiB)

xmin: -0.7482571945009537
xmax: -0.7474903233353095
ymin: 0.1219263636052712
ymax: 0.12235772863594604

contrast: 1.29
brightness: 0.1
saturation: 1.67
gamma: 0.96
gamma_r: 0.96
gamma_g: 0.97
gamma_b: 1.08
vignette: 15
temp: 4466