tweet_id: 1752039689245110388
masto_id: FAIL
subre_id: Not uploaded, but here's the text: Ever heard of this Multibrot?  #Nature #DigitalArt

n_iter: 608
ct: 255
hue_offset: 20
saturation: 0.25

num_attempts: 355
dur: 605
std: 81.88
size: 1096222 (1.05 MiB)

xmin: -0.0942456266948477
xmax: -0.08030834446488255
ymin: -0.7723542136358742
ymax: -0.7645144923815188

contrast: 0.97
brightness: 0.15
saturation: 1.7
gamma: 0.93
gamma_r: 0.95
gamma_g: 0.85
gamma_b: 1.08
vignette: 20
temp: 5601