tweet_id: 1756077322174922816
masto_id: 111903797461112864
subre_id: Not uploaded, but here's the text: Feeling good today!  #AI #DeepLearning

n_iter: 353
ct: 130
hue_offset: 275
saturation: 0.34

num_attempts: 1
dur: 1
std: 30.97
size: 638029 (623.08 KiB)

xmin: -0.9717048357526121
xmax: -0.0717048357526121
ymin: -0.778525671499309
ymax: -0.272275671499309

contrast: 0.92
brightness: 0.0
saturation: 0.83
gamma: 1.09
gamma_r: 0.98
gamma_g: 0.91
gamma_b: 0.95
vignette: -31
temp: 2242