tweet_id: 1753147967341506935
masto_id: 111858026114826236
subre_id: Not uploaded, but here's the text: Today is awesome!  #VisualArt #AI

n_iter: 426
ct: 63
hue_offset: 136
saturation: -0.25

num_attempts: 2
dur: 1
std: 48.33
size: 1354510 (1.29 MiB)

xmin: -1.087555507452227
xmax: 0.037444492547773045
ymin: -1.1995566612953017
ymax: -0.5667441612953017

contrast: 1.46
brightness: 0.06
saturation: 0.39
gamma: 1.03
gamma_r: 0.97
gamma_g: 0.96
gamma_b: 0.97
vignette: -41
temp: 7721