tweet_id: 1748739089489400119
masto_id: 111789137401725970
subre_id: Not uploaded, but here's the text: Chin up, lovely humans!  #AI #GenerativeArt

n_iter: 215
ct: 183
hue_offset: 273
saturation: 0.88

num_attempts: 11
dur: 3
std: 35.01
size: 1953055 (1.86 MiB)

xmin: -0.36077675816707
xmax: -0.18769983509014693
ymin: -1.0760868342840566
ymax: -0.9787310650532873

contrast: 1.39
brightness: 0.17
saturation: 0.5
gamma: 0.95
gamma_r: 0.9
gamma_g: 0.93
gamma_b: 0.9
vignette: 24
temp: 3674