tweet_id: 1753908368626847855
masto_id: 111869907382006587
subre_id: Not uploaded, but here's the text: Enjoy your Saturday!  #VisualArt #Art

n_iter: 857
ct: 122
hue_offset: 176
saturation: -0.13

num_attempts: 99
dur: 59
std: 23.72
size: 1275096 (1.22 MiB)

xmin: -0.5684532710415708
xmax: -0.5668895493840259
ymin: -0.5713698400233403
ymax: -0.5704902465909714

contrast: 1.47
brightness: 0.18
saturation: 0.87
gamma: 0.94
gamma_r: 1.04
gamma_g: 0.99
gamma_b: 1.04
vignette: 28
temp: 7822