tweet_id: 1751155150436151735
masto_id: 111826888370218684
subre_id: Not uploaded, but here's the text: Today is awesome!  #AI #MachineLearning

n_iter: 473
ct: 152
hue_offset: 151
saturation: -0.73

num_attempts: 8
dur: 1
std: 30.19
size: 1159599 (1.11 MiB)

xmin: -0.6506217722498506
xmax: -0.3044679260960045
ymin: -1.1791300899339605
ymax: -0.9844185514724221

contrast: 1.09
brightness: -0.05
saturation: 0.47
gamma: 0.99
gamma_r: 0.98
gamma_g: 1.04
gamma_b: 1.06
vignette: -28
temp: 2736