tweet_id: 1755714778339623142
masto_id: 111898132495173182
subre_id: Not uploaded, but here's the text: Smile, it's Thursday!  #AI #MachineLearning

n_iter: 505
ct: 156
hue_offset: 231
saturation: -0.39

num_attempts: 30
dur: 10
std: 25.43
size: 1634790 (1.56 MiB)

xmin: 0.6123312245003474
xmax: 0.698869686038809
ymin: -1.296079765436828
ymax: -1.2474018808214433

contrast: 1.5
brightness: 0.12
saturation: 1.61
gamma: 1.09
gamma_r: 1.02
gamma_g: 0.94
gamma_b: 1.06
vignette: -23
temp: 7521