tweet_id: 1755565249418166692
masto_id: 111895796071864149
subre_id: Not uploaded, but here's the text: How's your day?  #DigitalArt #AI

n_iter: 180
ct: 130
hue_offset: 77
saturation: 0.88

num_attempts: 7
dur: 2
std: 25.33
size: 1967312 (1.88 MiB)

xmin: -1.0393355285447394
xmax: -0.9690230285447394
ymin: -0.6584604616503833
ymax: -0.6189096804003833

contrast: 1.08
brightness: 0.21
saturation: 1.68
gamma: 1.09
gamma_r: 0.96
gamma_g: 1.04
gamma_b: 0.99
vignette: -20
temp: 6830