tweet_id: 1749245434080719299
masto_id: 111797049069164681
subre_id: Not uploaded, but here's the text: Have a great day!  #DigitalArt #AI

n_iter: 821
ct: 40
hue_offset: 134
saturation: -0.71

num_attempts: 59
dur: 32
std: 46.19
size: 1294000 (1.23 MiB)

xmin: 0.32692032072297117
xmax: 0.32754124590148714
ymin: -0.5071652400141959
ymax: -0.5068159696012807

contrast: 1.77
brightness: -0.06
saturation: 1.67
gamma: 1.09
gamma_r: 0.91
gamma_g: 1.01
gamma_b: 1.09
vignette: 14
temp: 4919