tweet_id: 1748799288992317804
masto_id: 111790078296858629
subre_id: Not uploaded, but here's the text: Having a blast on Saturday?  #Mathematics #AI

n_iter: 291
ct: 117
hue_offset: 0
saturation: 0.6

num_attempts: 20
dur: 5
std: 23.88
size: 675745 (659.91 KiB)

xmin: 0.5343051341783562
xmax: 0.5976854158684971
ymin: -0.9379536383681433
ymax: -0.902302229917439

contrast: 1.0
brightness: 0.22
saturation: 1.72
gamma: 1.01
gamma_r: 0.99
gamma_g: 0.91
gamma_b: 0.96
vignette: 24
temp: 3477