tweet_id: 1754869148595970254
masto_id: 111884919574401013
subre_id: Not uploaded, but here's the text: Happy Tuesday!  #VisualArt #Fractals

n_iter: 380
ct: 152
hue_offset: 288
saturation: -0.12

num_attempts: 30
dur: 12
std: 35.63
size: 1495200 (1.43 MiB)

xmin: -1.1575208175015028
xmax: -0.9075208175015028
ymin: -0.7449475774999876
ymax: -0.6043225774999876

contrast: 1.56
brightness: 0.06
saturation: 0.85
gamma: 0.95
gamma_r: 0.99
gamma_g: 0.9
gamma_b: 1.08
vignette: -29
temp: 3111