tweet_id: 1755292458429075915
masto_id: 111891533765529341
subre_id: Not uploaded, but here's the text: Keep smiling!  #Nature #AI

n_iter: 339
ct: 124
hue_offset: 285
saturation: 0.2

num_attempts: 11
dur: 2
std: 34.61
size: 540358 (527.69 KiB)

xmin: -1.6496627472121073
xmax: -0.14966274721210726
ymin: -0.9910759491694523
ymax: -0.1473259491694523

contrast: 1.34
brightness: -0.01
saturation: 1.6
gamma: 0.99
gamma_r: 0.98
gamma_g: 1.08
gamma_b: 1.05
vignette: 4
temp: 6703