tweet_id: 1755388883745829222
masto_id: 111893040393300967
subre_id: Not uploaded, but here's the text: Hope you're having a great Thursday!  #AI #Nature

n_iter: 319
ct: 238
hue_offset: 331
saturation: 0.64

num_attempts: 2
dur: 1
std: 49.94
size: 2305908 (2.2 MiB)

xmin: -0.8649662592214777
xmax: -0.8185745066441581
ymin: -0.6504068156506662
ymax: -0.6243114548259239

contrast: 1.02
brightness: 0.22
saturation: 0.6
gamma: 1.05
gamma_r: 0.94
gamma_g: 0.99
gamma_b: 1.0
vignette: -36
temp: 7371