tweet_id: 1749413106478973020
masto_id: 111799668958676251
subre_id: Not uploaded, but here's the text: Brighten your Monday!  #Fractals #VisualArt

n_iter: 420
ct: 9
hue_offset: 346
saturation: 0.38

num_attempts: 31
dur: 10
std: 48.26
size: 1512567 (1.44 MiB)

xmin: 0.1758068922076319
xmax: 0.1767364762187869
ymin: 0.5845171030044682
ymax: 0.5850399940107429

contrast: 1.43
brightness: 0.23
saturation: 1.45
gamma: 1.07
gamma_r: 0.96
gamma_g: 0.94
gamma_b: 1.04
vignette: -34
temp: 4225