tweet_id: 1756289807427453085
masto_id: 111907117292086183
subre_id: Not uploaded, but here's the text: Chin up, lovely humans!  #DigitalArt #Mathematics

n_iter: 483
ct: 139
hue_offset: 255
saturation: 0.26

num_attempts: 25
dur: 13
std: 23.64
size: 88122 (86.06 KiB)

xmin: -0.3151077017709403
xmax: 0.4348922982290597
ymin: -0.9731342420011833
ymax: -0.5512592420011833

contrast: 1.75
brightness: 0.21
saturation: 1.65
gamma: 0.96
gamma_r: 1.08
gamma_g: 0.99
gamma_b: 0.95
vignette: 4
temp: 7869