tweet_id: 1748980867681100228
masto_id: 111792915176337069
subre_id: Not uploaded, but here's the text: Have an awesome day!  #DigitalArt #GenerativeArt

n_iter: 149
ct: 210
hue_offset: 180
saturation: 0.13

num_attempts: 3
dur: 0
std: 23.43
size: 1577232 (1.5 MiB)

xmin: -0.8426596003846591
xmax: -0.735516743241802
ymin: -0.7133492333609539
ymax: -0.6530813762180968

contrast: 0.98
brightness: 0.14
saturation: 0.94
gamma: 1.07
gamma_r: 0.99
gamma_g: 1.05
gamma_b: 1.1
vignette: 13
temp: 7903