tweet_id: 1753334442373103728
masto_id: 111860939684464901
subre_id: Not uploaded, but here's the text: you are awesome.  #GenerativeArt #Fractals

n_iter: 447
ct: 106
hue_offset: 121
saturation: -0.34

num_attempts: 83
dur: 26
std: 75.09
size: 421754 (411.87 KiB)

xmin: -0.9956361937874869
xmax: -0.9884419491831704
ymin: 0.27488145533461017
ymax: 0.2789282179245382

contrast: 1.61
brightness: -0.03
saturation: 1.73
gamma: 1.07
gamma_r: 1.09
gamma_g: 0.93
gamma_b: 0.93
vignette: -46
temp: 6563