tweet_id: 1750732672484172163
masto_id: 111820287102363357
subre_id: Not uploaded, but here's the text: Hope your Friday is awesome!  #Nature #Art

n_iter: 229
ct: 118
hue_offset: 246
saturation: 0.73

num_attempts: 18
dur: 3
std: 34.89
size: 1378747 (1.31 MiB)

xmin: -0.9636880476076874
xmax: -0.8736880476076875
ymin: -0.7085496417477062
ymax: -0.6579246417477062

contrast: 1.74
brightness: 0.16
saturation: 0.58
gamma: 0.91
gamma_r: 0.91
gamma_g: 1.07
gamma_b: 1.0
vignette: -4
temp: 7161