tweet_id: 1754121961800692023
masto_id: 111873244815859703
subre_id: Not uploaded, but here's the text: Smile!  #Fractals #Mathematics

n_iter: 487
ct: 238
hue_offset: 320
saturation: -0.6

num_attempts: 25
dur: 10
std: 44.32
size: 1305401 (1.24 MiB)

xmin: -0.5312626647599195
xmax: -0.5304169987979744
ymin: -0.5250170169429241
ymax: -0.52454132983933

contrast: 1.16
brightness: -0.02
saturation: 0.73
gamma: 1.0
gamma_r: 0.96
gamma_g: 1.04
gamma_b: 0.92
vignette: 18
temp: 4416