tweet_id: 1752665939391168543
masto_id: 111850494398093043
subre_id: Not uploaded, but here's the text: Surprise! Burning Ship!  #DigitalArt #DeepLearning

n_iter: 412
ct: 30
hue_offset: 7
saturation: -0.86

num_attempts: 2
dur: 0
std: 20.09
size: 1471642 (1.4 MiB)

xmin: -1.0847198484949971
xmax: -0.9047198484949972
ymin: -0.7987452707392739
ymax: -0.697495270739274

contrast: 1.58
brightness: -0.07
saturation: 1.45
gamma: 1.09
gamma_r: 1.09
gamma_g: 1.1
gamma_b: 1.02
vignette: -7
temp: 7122