tweet_id: 1754416910203027853
masto_id: 111877853399878658
subre_id: Not uploaded, but here's the text: Monday vibes!  #Mathematics #MachineLearning

n_iter: 180
ct: 169
hue_offset: 82
saturation: 0.1

num_attempts: 6
dur: 2
std: 27.89
size: 1977229 (1.89 MiB)

xmin: -0.4164744857718947
xmax: -0.28412154459542416
ymin: -1.0475687156367453
ymax: -0.9731201862249805

contrast: 1.13
brightness: -0.03
saturation: 1.26
gamma: 0.97
gamma_r: 1.03
gamma_g: 1.09
gamma_b: 1.0
vignette: 22
temp: 3598