tweet_id: 1753419654389743891
masto_id: 111862271372988837
subre_id: Not uploaded, but here's the text: Look closely, it's Burning Ship!  #Fractals #Art

n_iter: 373
ct: 253
hue_offset: 172
saturation: -0.2

num_attempts: 1
dur: 0
std: 20.72
size: 579462 (565.88 KiB)

xmin: -2.4352027116998567
xmax: -0.1852027116998567
ymin: -0.808833313522324
ymax: 0.456791686477676

contrast: 0.86
brightness: -0.04
saturation: 0.53
gamma: 1.03
gamma_r: 1.1
gamma_g: 1.06
gamma_b: 1.03
vignette: -17
temp: 4533