tweet_id: 1749200744505553086
masto_id: 111796350759989621
subre_id: Not uploaded, but here's the text: Enjoy your Sunday!  #Nature #MachineLearning

n_iter: 432
ct: 1
hue_offset: 234
saturation: 0.98

num_attempts: 539
dur: 603
std: 80.39
size: 1156354 (1.1 MiB)

xmin: -0.3753281046567536
xmax: -0.3704500558762658
ymin: -0.6372826080117601
ymax: -0.6345387055727357

contrast: 1.48
brightness: -0.01
saturation: 1.49
gamma: 0.98
gamma_r: 0.92
gamma_g: 1.11
gamma_b: 1.06
vignette: 28
temp: 4690