tweet_id: 1756232982505914638
masto_id: 111906229481498888
subre_id: Not uploaded, but here's the text: You are lovely!  #Fractals #Nature

n_iter: 225
ct: 91
hue_offset: 273
saturation: 0.86

num_attempts: 58
dur: 15
std: 29.85
size: 1616094 (1.54 MiB)

xmin: 0.3865939857266527
xmax: 0.3872856682443771
ymin: -0.3085932254600161
ymax: -0.30820415404379614

contrast: 1.03
brightness: 0.09
saturation: 1.61
gamma: 0.94
gamma_r: 1.07
gamma_g: 1.07
gamma_b: 1.07
vignette: 19
temp: 4637