tweet_id: 1751677026933903815
masto_id: 111835042915090208
subre_id: Not uploaded, but here's the text: Have a great day!  #DeepLearning #VisualArt

n_iter: 475
ct: 1
hue_offset: 127
saturation: 0.83

num_attempts: 458
dur: 601
std: 82.3
size: 1376192 (1.31 MiB)

xmin: -0.5336482370725351
xmax: -0.5293792936360356
ymin: -0.6128528455524312
ymax: -0.6104515648694003

contrast: 1.13
brightness: 0.1
saturation: 1.51
gamma: 1.07
gamma_r: 0.96
gamma_g: 0.85
gamma_b: 1.2
vignette: -26
temp: 3963