tweet_id: 1754878129019986177
masto_id: 111885059835371771
subre_id: Not uploaded, but here's the text: How was your day?  #AI #Fractals

n_iter: 295
ct: 255
hue_offset: 327
saturation: -0.98

num_attempts: 695
dur: 601
std: 52.94
size: 559877 (546.75 KiB)

xmin: 0.03030968176958826
xmax: 0.03492861941393006
ymin: -0.7734309480941846
ymax: -0.7708327956692423

contrast: 1.14
brightness: -0.06
saturation: 0.6
gamma: 1.09
gamma_r: 1.07
gamma_g: 1.19
gamma_b: 1.16
vignette: -29
temp: 5384