tweet_id: 1755055933229596934
masto_id: 111887838203059434
subre_id: Not uploaded, but here's the text: you're awesome!  #DeepLearning #Fractals

n_iter: 879
ct: 219
hue_offset: 207
saturation: -0.76

num_attempts: 153
dur: 83
std: 20.11
size: 1125650 (1.07 MiB)

xmin: -0.6986184640879993
xmax: -0.6978841149049628
ymin: -0.37542099915002247
ymax: -0.37500792773456443

contrast: 1.27
brightness: 0.07
saturation: 1.02
gamma: 0.95
gamma_r: 0.95
gamma_g: 1.04
gamma_b: 0.95
vignette: 20
temp: 4718