tweet_id: 1749735709907312734
masto_id: 111804709638138916
subre_id: Not uploaded, but here's the text: Enjoy your Tuesday!  #Art #GenerativeArt

n_iter: 395
ct: 114
hue_offset: 149
saturation: -0.16

num_attempts: 28
dur: 10
std: 38.88
size: 616364 (601.92 KiB)

xmin: -0.008983336403342701
xmax: 0.6338738064538002
ymin: -1.1670750058119443
ymax: -0.8054678629548014

contrast: 0.85
brightness: -0.06
saturation: 1.33
gamma: 1.01
gamma_r: 0.91
gamma_g: 0.98
gamma_b: 0.93
vignette: 13
temp: 6987