tweet_id: 1756022058645884943
masto_id: 111902933812435119
subre_id: Not uploaded, but here's the text: Cheers to an incredible Friday!  #AI #Fractals

n_iter: 657
ct: 171
hue_offset: 176
saturation: 0.47

num_attempts: 4
dur: 5
std: 95.79
size: 1231640 (1.17 MiB)

xmin: -0.23902605451248515
xmax: -0.2384364318709757
ymin: 0.6508024487203947
ymax: 0.6511341114562438

contrast: 1.79
brightness: -0.03
saturation: 1.04
gamma: 0.95
gamma_r: 0.99
gamma_g: 0.91
gamma_b: 0.99
vignette: -10
temp: 4005