tweet_id: 1750797756833427602
masto_id: 111821304105673083
subre_id: Not uploaded, but here's the text: Happy Friday!  #GenerativeArt #DigitalArt

n_iter: 642
ct: 108
hue_offset: 41
saturation: 0.63

num_attempts: 41
dur: 20
std: 49.8
size: 924407 (902.74 KiB)

xmin: -0.8087411386847834
xmax: -0.7006330305766753
ymin: -0.28545729013704246
ymax: -0.22464647932623166

contrast: 1.5
brightness: 0.08
saturation: 0.72
gamma: 1.07
gamma_r: 1.01
gamma_g: 0.99
gamma_b: 0.98
vignette: 16
temp: 5609