tweet_id: 1752160167389466900
masto_id: 111842591771433828
subre_id: Not uploaded, but here's the text: Look closely, it's Multibrot!  #Fractals #AI

n_iter: 450
ct: 1
hue_offset: 298
saturation: -0.32

num_attempts: 527
dur: 606
std: 66.93
size: 1147670 (1.09 MiB)

xmin: -0.5498685670302814
xmax: -0.5441296861120605
ymin: -0.252594246115202
ymax: -0.2493661255987027

contrast: 1.17
brightness: 0.22
saturation: 0.67
gamma: 1.0
gamma_r: 1.12
gamma_g: 1.14
gamma_b: 0.89
vignette: -14
temp: 6795