tweet_id: 1753519149266182287
masto_id: 111863825879203246
subre_id: Not uploaded, but here's the text: Friday vibes!  #DigitalArt #VisualArt

n_iter: 487
ct: 1
hue_offset: 178
saturation: 0.56

num_attempts: 523
dur: 605
std: 69.59
size: 813066 (794.01 KiB)

xmin: 0.08674063888925776
xmax: 0.10029996092315606
ymin: 0.7589831766648154
ymax: 0.7666102953088832

contrast: 0.74
brightness: -0.1
saturation: 1.45
gamma: 0.85
gamma_r: 0.82
gamma_g: 0.95
gamma_b: 1.18
vignette: 14
temp: 5143