tweet_id: 1750801305562468549
masto_id: 111821359548340689
subre_id: Not uploaded, but here's the text: Today is awesome!  #Fractals #Art

n_iter: 628
ct: 255
hue_offset: 143
saturation: 0.83

num_attempts: 390
dur: 609
std: 67.67
size: 895680 (874.69 KiB)

xmin: -0.5536347975324911
xmax: -0.5316567755544691
ymin: -0.3235441479147969
ymax: -0.31118151055215953

contrast: 0.72
brightness: 0.16
saturation: 1.51
gamma: 0.85
gamma_r: 0.97
gamma_g: 0.89
gamma_b: 1.07
vignette: -8
temp: 4057