tweet_id: 1750503513204072450
masto_id: 111816706542289953
subre_id: Not uploaded, but here's the text: Smile on this lovely day!  #Fractals #AI

n_iter: 560
ct: 1
hue_offset: 219
saturation: -0.86

num_attempts: 425
dur: 603
std: 79.8
size: 1162389 (1.11 MiB)

xmin: 0.18412852494997844
xmax: 0.19319881973455894
ymin: -0.8884586701364728
ymax: -0.8833566293201464

contrast: 1.06
brightness: 0.13
saturation: 0.59
gamma: 1.12
gamma_r: 0.95
gamma_g: 0.93
gamma_b: 0.94
vignette: -15
temp: 5328