tweet_id: 1753247348682109053
masto_id: 111859578900016489
subre_id: Not uploaded, but here's the text: Enjoy your Friday!  #Art #AI

n_iter: 289
ct: 1
hue_offset: 236
saturation: 0.25

num_attempts: 692
dur: 601
std: 47.07
size: 516049 (503.95 KiB)

xmin: -0.19395082648764705
xmax: -0.1846485009062517
ymin: 0.7424366965078764
ymax: 0.7476692546474113

contrast: 1.27
brightness: -0.1
saturation: 1.45
gamma: 1.16
gamma_r: 1.14
gamma_g: 1.07
gamma_b: 0.99
vignette: -5
temp: 3575