tweet_id: 1754905295313080708
masto_id: 111885484566041417
subre_id: Not uploaded, but here's the text: Keep shining on Tuesday!  #AI #VisualArt

n_iter: 150
ct: 139
hue_offset: 320
saturation: -0.97

num_attempts: 21
dur: 4
std: 32.18
size: 363263 (354.75 KiB)

xmin: -0.7337053663910007
xmax: -0.7238288231811242
ymin: 0.1688075431180549
ymax: 0.17436309867361047

contrast: 1.51
brightness: 0.07
saturation: 1.6
gamma: 0.99
gamma_r: 0.97
gamma_g: 1.02
gamma_b: 0.92
vignette: 21
temp: 7408