tweet_id: 1751951758736159135
masto_id: 111839335340044713
subre_id: Not uploaded, but here's the text: Smile, it's Monday!  #VisualArt #Fractals

n_iter: 506
ct: 1
hue_offset: 307
saturation: 0.58

num_attempts: 553
dur: 600
std: 70.88
size: 552846 (539.89 KiB)

xmin: -0.2190494611850995
xmax: -0.2117501911121068
ymin: -1.0555884231962591
ymax: -1.0514825837802007

contrast: 1.8
brightness: 0.21
saturation: 0.64
gamma: 1.1
gamma_r: 0.97
gamma_g: 1.19
gamma_b: 0.91
vignette: 28
temp: 5775