tweet_id: 1752281298566066671
masto_id: 111844484408053190
subre_id: Not uploaded, but here's the text: Hey wait, look! it's Multibrot!  #AI #Nature

n_iter: 603
ct: 255
hue_offset: 163
saturation: 0.35

num_attempts: 390
dur: 600
std: 96.05
size: 767811 (749.82 KiB)

xmin: 0.3794250848003684
xmax: 0.38573423306535265
ymin: -0.6360285465025789
ymax: -0.6324796506035253

contrast: 1.12
brightness: 0.08
saturation: 0.44
gamma: 1.02
gamma_r: 0.94
gamma_g: 0.9
gamma_b: 1.02
vignette: 0
temp: 6447