tweet_id: 1753401127515644144
masto_id: 111861981822176475
subre_id: Not uploaded, but here's the text: Have an extraordinary Friday!  #Art #DigitalArt

n_iter: 504
ct: 1
hue_offset: 13
saturation: -0.03

num_attempts: 453
dur: 604
std: 71.27
size: 1075436 (1.03 MiB)

xmin: 0.4708776897946598
xmax: 0.48063378735563544
ymin: 0.5705338162131963
ymax: 0.5760216210912451

contrast: 0.78
brightness: -0.02
saturation: 1.48
gamma: 0.99
gamma_r: 0.99
gamma_g: 1.03
gamma_b: 0.92
vignette: -31
temp: 2820