tweet_id: 1751254526072365376
masto_id: 111828441193399726
subre_id: Not uploaded, but here's the text: Feeling good today!  #Nature #Art

n_iter: 420
ct: 255
hue_offset: 97
saturation: -0.99

num_attempts: 629
dur: 606
std: 68.39
size: 1343996 (1.28 MiB)

xmin: -0.5385394472999034
xmax: -0.5311729647952994
ymin: 0.40182509290235924
ymax: 0.40596873931119903

contrast: 0.81
brightness: 0.11
saturation: 1.21
gamma: 0.9
gamma_r: 1.07
gamma_g: 0.83
gamma_b: 1.11
vignette: -9
temp: 3332