tweet_id: 1756176714231582851
masto_id: 111905350181262886
subre_id: Not uploaded, but here's the text: Have a great day!  #GenerativeArt #Art

n_iter: 256
ct: 1
hue_offset: 116
saturation: -0.77

num_attempts: 824
dur: 601
std: 49.87
size: 381560 (372.62 KiB)

xmin: -0.20400151137781375
xmax: -0.19995292838186232
ymin: -0.8796176134734317
ymax: -0.8773402855382091

contrast: 1.78
brightness: -0.07
saturation: 1.19
gamma: 0.87
gamma_r: 0.9
gamma_g: 0.96
gamma_b: 0.9
vignette: -5
temp: 2457