tweet_id: 1754084150271742202
masto_id: 111872653910976212
subre_id: Not uploaded, but here's the text: You are lovely!  #Art #DeepLearning

n_iter: 458
ct: 59
hue_offset: 83
saturation: -0.91

num_attempts: 15
dur: 7
std: 43.33
size: 578916 (565.35 KiB)

xmin: -0.17899280556237818
xmax: 0.7210071944376218
ymin: -1.2303815363139312
ymax: -0.7241315363139312

contrast: 1.33
brightness: 0.19
saturation: 0.59
gamma: 0.93
gamma_r: 0.91
gamma_g: 0.92
gamma_b: 1.03
vignette: -3
temp: 4155