tweet_id: 1755262636760121567
masto_id: 111891067891777686
subre_id: Not uploaded, but here's the text: Keep smiling!  #MachineLearning #GenerativeArt

n_iter: 416
ct: 150
hue_offset: 302
saturation: -0.4

num_attempts: 5
dur: 1
std: 58.85
size: 2510045 (2.39 MiB)

xmin: -0.44039945076059883
xmax: -0.23585399621514427
ymin: -1.0163882914355662
ymax: -0.901331473253748

contrast: 0.79
brightness: 0.12
saturation: 1.35
gamma: 1.01
gamma_r: 1.06
gamma_g: 1.09
gamma_b: 0.94
vignette: -38
temp: 4480