tweet_id: 1752694854621024549
masto_id: 111850946181932381
subre_id: Not uploaded, but here's the text: Smile on this lovely day!  #Fractals #AI

n_iter: 380
ct: 20
hue_offset: 279
saturation: -0.63

num_attempts: 5
dur: 1
std: 55.32
size: 1045610 (1021.1 KiB)

xmin: -1.5207800078070683
xmax: -1.4504675078070683
ymin: -0.07691319911447714
ymax: -0.03736241786447714

contrast: 0.93
brightness: -0.08
saturation: 1.09
gamma: 0.92
gamma_r: 1.05
gamma_g: 1.03
gamma_b: 1.08
vignette: 11
temp: 6483