tweet_id: 1749953946783981872
masto_id: 111808119515082743
subre_id: Not uploaded, but here's the text: Have an awesome Wednesday!  #DeepLearning #AI

n_iter: 291
ct: 66
hue_offset: 64
saturation: 0.4

num_attempts: 9
dur: 1
std: 42.21
size: 2024353 (1.93 MiB)

xmin: -0.34513473861831256
xmax: -0.2688635521776346
ymin: -1.0096521426695872
ymax: -0.9667496002967059

contrast: 1.18
brightness: -0.03
saturation: 1.41
gamma: 1.01
gamma_r: 1.03
gamma_g: 1.0
gamma_b: 1.09
vignette: 11
temp: 4402