tweet_id: 1752065249640083556
masto_id: 111841108598321917
subre_id: Not uploaded, but here's the text: Hey there, it's Monday!  #Art #Mathematics

n_iter: 502
ct: 57
hue_offset: 353
saturation: -0.49

num_attempts: 29
dur: 9
std: 51.18
size: 158043 (154.34 KiB)

xmin: -0.1644374284343626
xmax: -0.16053498940997235
ymin: 0.8290924390963876
ymax: 0.8312875610476071

contrast: 1.76
brightness: -0.03
saturation: 1.52
gamma: 1.03
gamma_r: 0.91
gamma_g: 1.01
gamma_b: 1.05
vignette: -8
temp: 5937