tweet_id: 1754693384206254149
masto_id: 111882173287975877
subre_id: Not uploaded, but here's the text: Chin up, lovely humans!  #AI #VisualArt

n_iter: 274
ct: 134
hue_offset: 271
saturation: 0.81

num_attempts: 20
dur: 5
std: 32.32
size: 1319006 (1.26 MiB)

xmin: 0.15224183005442393
xmax: 0.1531095090132092
ymin: -0.6131284679381483
ymax: -0.6126403985238317

contrast: 0.89
brightness: 0.17
saturation: 1.44
gamma: 0.98
gamma_r: 1.05
gamma_g: 1.04
gamma_b: 0.95
vignette: 21
temp: 5038