tweet_id: 1750640767486578927
masto_id: 111818851082429951
subre_id: Not uploaded, but here's the text: Today is awesome!  #Art #Mathematics

n_iter: 264
ct: 140
hue_offset: 217
saturation: -0.0

num_attempts: 48
dur: 11
std: 52.06
size: 1022296 (998.34 KiB)

xmin: 0.5935060296680197
xmax: 0.6753242114862015
ymin: -1.2050089364497778
ymax: -1.1589862091770504

contrast: 1.6
brightness: 0.08
saturation: 1.55
gamma: 1.07
gamma_r: 0.98
gamma_g: 1.05
gamma_b: 1.08
vignette: -36
temp: 5175