tweet_id: 1752181835918938292
masto_id: 111842930404890007
subre_id: Not uploaded, but here's the text: Have an awesome Tuesday!  #Nature #DigitalArt

n_iter: 512
ct: 81
hue_offset: 313
saturation: -0.03

num_attempts: 6
dur: 1
std: 20.02
size: 725889 (708.88 KiB)

xmin: -2.5
xmax: 2.0
ymin: -1.6998195659677915
ymax: 0.8314304340322085

contrast: 1.26
brightness: 0.2
saturation: 1.22
gamma: 1.03
gamma_r: 0.96
gamma_g: 1.07
gamma_b: 0.93
vignette: -28
temp: 2204