tweet_id: 1753299452088221892
masto_id: 111860393029453905
subre_id: Not uploaded, but here's the text: Having a blast on Friday?  #Nature #MachineLearning

n_iter: 246
ct: 7
hue_offset: 42
saturation: 0.34

num_attempts: 7
dur: 2
std: 32.85
size: 1584671 (1.51 MiB)

xmin: -0.7657384071307738
xmax: -0.5782384071307738
ymin: -0.9705529197973422
ymax: -0.8650841697973422

contrast: 1.64
brightness: -0.04
saturation: 0.99
gamma: 0.92
gamma_r: 1.08
gamma_g: 0.91
gamma_b: 1.01
vignette: 8
temp: 2191