tweet_id: 1755986993501061170
masto_id: 111902385928651632
subre_id: Not uploaded, but here's the text: Brighten your Friday!  #GenerativeArt #AI

n_iter: 142
ct: 28
hue_offset: 104
saturation: -0.95

num_attempts: 40
dur: 7
std: 22.65
size: 1227574 (1.17 MiB)

xmin: -1.154159530539304
xmax: -1.107284530539304
ymin: -0.5254908056716088
ymax: -0.4991236181716088

contrast: 0.98
brightness: 0.17
saturation: 0.94
gamma: 1.06
gamma_r: 0.98
gamma_g: 1.03
gamma_b: 0.97
vignette: 7
temp: 3038