tweet_id: 1750379416197251169
masto_id: 111814767497869886
subre_id: Not uploaded, but here's the text: Smile on this lovely day!  #AI #DeepLearning

n_iter: 444
ct: 255
hue_offset: 11
saturation: 0.26

num_attempts: 513
dur: 600
std: 54.98
size: 933963 (912.07 KiB)

xmin: -0.5570733825211054
xmax: -0.5457419377618986
ymin: 0.32168926748288373
ymax: 0.32806320515993753

contrast: 1.0
brightness: 0.14
saturation: 0.49
gamma: 0.95
gamma_r: 1.0
gamma_g: 0.9
gamma_b: 1.16
vignette: -6
temp: 7078