tweet_id: 1755421667738730970
masto_id: 111893552688732585
subre_id: Not uploaded, but here's the text: Chin up, lovely humans!  #AI #Nature

n_iter: 585
ct: 255
hue_offset: 282
saturation: -0.47

num_attempts: 349
dur: 602
std: 76.66
size: 1350165 (1.29 MiB)

xmin: -0.47602604481430166
xmax: -0.46972683221587647
ymin: 0.5708629793626758
ymax: 0.57440628644929

contrast: 1.22
brightness: 0.11
saturation: 0.8
gamma: 1.16
gamma_r: 0.89
gamma_g: 0.82
gamma_b: 0.9
vignette: -15
temp: 5370