tweet_id: 1755231488612974822
masto_id: FAIL
subre_id: Not uploaded, but here's the text: you are cool  #MachineLearning #GenerativeArt

n_iter: 315
ct: 80
hue_offset: 323
saturation: -0.17

num_attempts: 7
dur: 1
std: 28.89
size: 700658 (684.24 KiB)

xmin: -0.5082008723322426
xmax: -0.44391515804652837
ymin: 0.04931580720519779
ymax: 0.08547652149091207

contrast: 1.4
brightness: 0.14
saturation: 0.59
gamma: 1.0
gamma_r: 1.04
gamma_g: 1.09
gamma_b: 1.06
vignette: 17
temp: 3868