tweet_id: 1754302167735849026
masto_id: 111876060430167984
subre_id: Not uploaded, but here's the text: Hey there, it's Monday!  #DeepLearning #Fractals

n_iter: 507
ct: 121
hue_offset: 175
saturation: 0.21

num_attempts: 12
dur: 3
std: 66.92
size: 1702653 (1.62 MiB)

xmin: -1.2886090368181424
xmax: -1.2330534812625868
ymin: -0.3787992033052472
ymax: -0.3475492033052472

contrast: 1.21
brightness: 0.08
saturation: 1.6
gamma: 1.07
gamma_r: 1.03
gamma_g: 0.91
gamma_b: 1.03
vignette: -2
temp: 5135