tweet_id: 1753726862382207480
masto_id: 111867071400344619
subre_id: Not uploaded, but here's the text: Enjoy your Saturday!  #AI #Art

n_iter: 258
ct: 37
hue_offset: 123
saturation: 0.69

num_attempts: 150
dur: 42
std: 45.95
size: 1562294 (1.49 MiB)

xmin: -0.7513703151105184
xmax: -0.7309621518452123
ymin: -0.21456992166077005
ymax: -0.20309032982403535

contrast: 0.89
brightness: 0.08
saturation: 1.35
gamma: 0.97
gamma_r: 0.98
gamma_g: 1.08
gamma_b: 1.03
vignette: -25
temp: 3673