tweet_id: 1755213280229093486
masto_id: 111890296654453638
subre_id: Not uploaded, but here's the text: Wednesday vibes!  #MachineLearning #Mathematics

n_iter: 598
ct: 1
hue_offset: 241
saturation: 0.74

num_attempts: 364
dur: 609
std: 95.56
size: 1085927 (1.04 MiB)

xmin: 0.5152917067017433
xmax: 0.523150252870702
ymin: 0.4322051872817221
ymax: 0.4366256195017614

contrast: 1.79
brightness: 0.09
saturation: 1.01
gamma: 1.16
gamma_r: 0.99
gamma_g: 0.91
gamma_b: 0.93
vignette: 19
temp: 5763