tweet_id: 1749464192136925527
masto_id: 111800467135421388
subre_id: Not uploaded, but here's the text: Surprise! Burning Ship!  #DeepLearning #VisualArt

n_iter: 395
ct: 92
hue_offset: 306
saturation: 0.59

num_attempts: 6
dur: 2
std: 28.9
size: 748290 (730.75 KiB)

xmin: -1.7697206688054907
xmax: 0.4802793311945093
ymin: -1.6188087430552693
ymax: -0.35318374305526934

contrast: 1.46
brightness: 0.14
saturation: 1.1
gamma: 0.97
gamma_r: 1.0
gamma_g: 1.04
gamma_b: 1.02
vignette: 24
temp: 3375