tweet_id: 1750350935832789407
masto_id: 111814322561311718
subre_id: Not uploaded, but here's the text: Have an awesome day!  #Fractals #Art

n_iter: 484
ct: 1
hue_offset: 115
saturation: 0.9

num_attempts: 559
dur: 602
std: 73.62
size: 1116697 (1.06 MiB)

xmin: -0.5537802711814102
xmax: -0.5480659854671245
ymin: 0.24877904213127366
ymax: 0.2519933278455594

contrast: 0.81
brightness: -0.05
saturation: 1.27
gamma: 0.91
gamma_r: 1.16
gamma_g: 0.97
gamma_b: 1.03
vignette: 16
temp: 3637