tweet_id: 1753700384890105966
masto_id: 111866657653176046
subre_id: Not uploaded, but here's the text: Hey there, it's Saturday!  #MachineLearning #Art

n_iter: 345
ct: 255
hue_offset: 25
saturation: 0.65

num_attempts: 613
dur: 600
std: 58.59
size: 1161945 (1.11 MiB)

xmin: 0.5519518753867079
xmax: 0.5572150332814447
ymin: 0.381740512942111
ymax: 0.38470103925790045

contrast: 0.92
brightness: 0.02
saturation: 0.77
gamma: 0.89
gamma_r: 1.04
gamma_g: 1.11
gamma_b: 0.82
vignette: -17
temp: 5415