tweet_id: 1753093371693039897
masto_id: 111857173092215646
subre_id: Not uploaded, but here's the text: Happy Thursday!  #DeepLearning #MachineLearning

n_iter: 873
ct: 121
hue_offset: 206
saturation: 0.81

num_attempts: 30
dur: 7
std: 77.9
size: 1617405 (1.54 MiB)

xmin: -0.030438477003548847
xmax: -0.029957707772779618
ymin: 0.8039751805637063
ymax: 0.804245613256014

contrast: 1.64
brightness: 0.2
saturation: 0.38
gamma: 0.94
gamma_r: 1.09
gamma_g: 0.9
gamma_b: 0.98
vignette: -7
temp: 4376