tweet_id: 1754452493797310526
masto_id: 111878409315645427
subre_id: Not uploaded, but here's the text: you are cool  #DeepLearning #DigitalArt

n_iter: 421
ct: 71
hue_offset: 1
saturation: -0.69

num_attempts: 27
dur: 10
std: 101.12
size: 966809 (944.15 KiB)

xmin: 0.3249978956695543
xmax: 0.3255946433944536
ymin: -0.5353506320633582
ymax: -0.5350149614681023

contrast: 1.25
brightness: 0.01
saturation: 1.09
gamma: 1.04
gamma_r: 1.04
gamma_g: 0.92
gamma_b: 0.91
vignette: -48
temp: 2505