tweet_id: 1751094664172605949
masto_id: 111825943174411844
subre_id: Not uploaded, but here's the text: Keep smiling!  #DeepLearning #Fractals

n_iter: 142
ct: 110
hue_offset: 315
saturation: -0.62

num_attempts: 37
dur: 10
std: 24.76
size: 2207303 (2.11 MiB)

xmin: -0.7823058810819725
xmax: -0.649952939905502
ymin: -0.8834433234758068
ymax: -0.8089947940640421

contrast: 1.75
brightness: 0.12
saturation: 0.85
gamma: 1.04
gamma_r: 1.07
gamma_g: 0.97
gamma_b: 0.98
vignette: -31
temp: 4480