tweet_id: 1751244704543330807
masto_id: 111828287714778666
subre_id: Not uploaded, but here's the text: Feeling good today!  #Fractals #DigitalArt

n_iter: 215
ct: 211
hue_offset: 44
saturation: -0.68

num_attempts: 29
dur: 6
std: 22.34
size: 607803 (593.56 KiB)

xmin: -1.782120183601268
xmax: -0.8821201836012679
ymin: -0.7179695519048306
ymax: -0.2117195519048306

contrast: 1.75
brightness: 0.2
saturation: 1.51
gamma: 1.04
gamma_r: 1.03
gamma_g: 0.9
gamma_b: 1.04
vignette: 8
temp: 7004