tweet_id: 1750500133601464815
masto_id: 111816653698525405
subre_id: Not uploaded, but here's the text: Chin up, buttercup!  #VisualArt #Art

n_iter: 771
ct: 131
hue_offset: 127
saturation: 0.28

num_attempts: 54
dur: 23
std: 47.88
size: 809953 (790.97 KiB)

xmin: -0.701480092171602
xmax: -0.6932496394967049
ymin: -0.3694693406922198
ymax: -0.36483971106259017

contrast: 1.74
brightness: -0.09
saturation: 1.72
gamma: 0.99
gamma_r: 0.91
gamma_g: 1.03
gamma_b: 0.99
vignette: -3
temp: 7596