tweet_id: 1755268156174614975
masto_id: 111891154073201477
subre_id: Not uploaded, but here's the text: Keep shining on Wednesday!  #AI #Fractals

n_iter: 679
ct: 244
hue_offset: 351
saturation: 0.92

num_attempts: 126
dur: 70
std: 101.02
size: 1518191 (1.45 MiB)

xmin: -0.6481422871947045
xmax: -0.6475346614921372
ymin: 0.3754402392106835
ymax: 0.37578202866837757

contrast: 0.77
brightness: -0.07
saturation: 1.03
gamma: 1.02
gamma_r: 1.01
gamma_g: 1.02
gamma_b: 0.93
vignette: 13
temp: 7791