tweet_id: 1756113462374068553
masto_id: 111904361934688719
subre_id: Not uploaded, but here's the text: How was your day?  #Art #GenerativeArt

n_iter: 144
ct: 214
hue_offset: 67
saturation: -0.87

num_attempts: 5
dur: 0
std: 20.13
size: 1627650 (1.55 MiB)

xmin: -1.0814027622252955
xmax: -0.9450391258616592
ymin: -0.7418736153003254
ymax: -0.66516906984578

contrast: 0.92
brightness: 0.07
saturation: 1.02
gamma: 0.91
gamma_r: 0.94
gamma_g: 0.97
gamma_b: 0.99
vignette: -18
temp: 2213