tweet_id: 1749856886415884789
masto_id: 111806602940123256
subre_id: Not uploaded, but here's the text: Today is awesome!  #DigitalArt #VisualArt

n_iter: 144
ct: 191
hue_offset: 186
saturation: 0.31

num_attempts: 30
dur: 5
std: 21.96
size: 1648761 (1.57 MiB)

xmin: -0.8859412123236412
xmax: -0.5109412123236412
ymin: -1.0722207806576305
ymax: -0.8612832806576305

contrast: 1.61
brightness: 0.11
saturation: 1.63
gamma: 0.94
gamma_r: 1.01
gamma_g: 0.91
gamma_b: 0.97
vignette: 13
temp: 7500