tweet_id: 1751948437795553643
masto_id: 111839283574982425
subre_id: Not uploaded, but here's the text: Let's rock this Monday!  #Fractals #Nature

n_iter: 304
ct: 91
hue_offset: 289
saturation: 0.32

num_attempts: 53
dur: 12
std: 22.04
size: 875216 (854.7 KiB)

xmin: -0.7150036727897939
xmax: -0.7144370202894398
ymin: 0.27212979955788685
ymax: 0.27244854158933607

contrast: 1.77
brightness: 0.04
saturation: 0.8
gamma: 1.04
gamma_r: 0.91
gamma_g: 0.98
gamma_b: 1.09
vignette: -28
temp: 4634