tweet_id: 1749925970570834105
masto_id: 111807682426154482
subre_id: Not uploaded, but here's the text: Wishing you a joyful day!  #Fractals #Nature

n_iter: 315
ct: 1
hue_offset: 200
saturation: 0.7

num_attempts: 782
dur: 604
std: 56.1
size: 1097924 (1.05 MiB)

xmin: 0.19848628211080133
xmax: 0.20519769150677447
ymin: 0.9035365461898253
ymax: 0.9073117139750602

contrast: 1.52
brightness: -0.02
saturation: 1.15
gamma: 0.95
gamma_r: 0.82
gamma_g: 0.82
gamma_b: 1.01
vignette: -32
temp: 7036