tweet_id: 1749288654382469207
masto_id: 111797724450601995
subre_id: Not uploaded, but here's the text: Let's rock this Monday!  #DigitalArt #GenerativeArt

n_iter: 654
ct: 58
hue_offset: 30
saturation: 0.8

num_attempts: 9
dur: 2
std: 20.19
size: 738085 (720.79 KiB)

xmin: -0.06651144789474905
xmax: 0.6001552187719176
ymin: 0.15479413451692858
ymax: 0.5297941345169286

contrast: 1.01
brightness: 0.1
saturation: 0.88
gamma: 1.04
gamma_r: 0.95
gamma_g: 0.97
gamma_b: 1.04
vignette: -35
temp: 6677