tweet_id: 1754633089148498081
masto_id: 111881231146812752
subre_id: Not uploaded, but here's the text: Let's rock this Monday!  #VisualArt #Mathematics

n_iter: 262
ct: 5
hue_offset: 26
saturation: -0.21

num_attempts: 21
dur: 6
std: 30.94
size: 1334169 (1.27 MiB)

xmin: -0.5897303772616755
xmax: -0.5892876545167945
ymin: -0.4742931989413276
ymax: -0.474044167397332

contrast: 0.73
brightness: 0.07
saturation: 1.67
gamma: 0.96
gamma_r: 1.05
gamma_g: 0.95
gamma_b: 0.91
vignette: 17
temp: 6671