tweet_id: 1751578523507060946
masto_id: 111833503473882515
subre_id: Not uploaded, but here's the text: Surprise! Burning Ship!  #Nature #GenerativeArt

n_iter: 370
ct: 3
hue_offset: 116
saturation: 0.83

num_attempts: 69
dur: 17
std: 49.49
size: 779784 (761.51 KiB)

xmin: -1.45988205765532
xmax: -1.2991677719410342
ymin: -0.2252679668471782
ymax: -0.13486618113289248

contrast: 1.75
brightness: 0.04
saturation: 1.19
gamma: 0.94
gamma_r: 0.99
gamma_g: 0.98
gamma_b: 1.04
vignette: -20
temp: 4747