tweet_id: 1753601957808205879
masto_id: 111865119689251523
subre_id: Not uploaded, but here's the text: Let's rock this Saturday!  #Mathematics #Nature

n_iter: 170
ct: 49
hue_offset: 88
saturation: -0.05

num_attempts: 57
dur: 12
std: 23.59
size: 527818 (515.45 KiB)

xmin: 0.5882635258641802
xmax: 0.6361358662897121
ymin: -0.9691430197037845
ymax: -0.9422148282144228

contrast: 1.32
brightness: -0.02
saturation: 1.5
gamma: 0.93
gamma_r: 1.04
gamma_g: 1.08
gamma_b: 0.99
vignette: 12
temp: 3244