tweet_id: 1752507057708880041
masto_id: 111848011974902421
subre_id: Not uploaded, but here's the text: Wishing you a rad Wednesday!  #Nature #AI

n_iter: 609
ct: 1
hue_offset: 324
saturation: -0.34

num_attempts: 394
dur: 608
std: 85.9
size: 1155072 (1.1 MiB)

xmin: -0.15624953466023372
xmax: -0.15205666254283332
ymin: -0.7554089759991552
ymax: -0.7530504854331175

contrast: 1.66
brightness: 0.05
saturation: 1.69
gamma: 0.94
gamma_r: 0.97
gamma_g: 0.97
gamma_b: 1.01
vignette: -14
temp: 2976