tweet_id: 1753028427513221275
masto_id: 111856158269339964
subre_id: Not uploaded, but here's the text: Keep smiling!  #AI #DigitalArt

n_iter: 370
ct: 210
hue_offset: 132
saturation: -0.91

num_attempts: 7
dur: 4
std: 50.52
size: 1907365 (1.82 MiB)

xmin: 0.6594188014463209
xmax: 0.7594188014463209
ymin: -1.2473895498209542
ymax: -1.1911395498209543

contrast: 0.71
brightness: -0.09
saturation: 1.38
gamma: 0.92
gamma_r: 1.04
gamma_g: 0.97
gamma_b: 0.91
vignette: 14
temp: 2974