tweet_id: 1755508546903675249
masto_id: 111894910206107870
subre_id: Not uploaded, but here's the text: How's your day?  #Art #DeepLearning

n_iter: 423
ct: 90
hue_offset: 260
saturation: -0.14

num_attempts: 12
dur: 4
std: 26.24
size: 1128226 (1.08 MiB)

xmin: -1.3170612938335382
xmax: -1.315513905052107
ymin: 0.07435434493964577
ymax: 0.07522475112920089

contrast: 1.06
brightness: 0.21
saturation: 0.57
gamma: 0.92
gamma_r: 0.98
gamma_g: 1.07
gamma_b: 0.98
vignette: -20
temp: 4282