tweet_id: 1752640198301618500
masto_id: 111850092079982717
subre_id: Not uploaded, but here's the text: Have an awesome Wednesday!  #DigitalArt #Nature

n_iter: 437
ct: 115
hue_offset: 66
saturation: -0.69

num_attempts: 87
dur: 26
std: 19.91
size: 36744 (35.88 KiB)

xmin: -0.163073910110616
xmax: -0.14505589209259798
ymin: -0.6657882707254701
ymax: -0.655653135590335

contrast: 1.34
brightness: 0.03
saturation: 0.65
gamma: 1.07
gamma_r: 1.09
gamma_g: 1.02
gamma_b: 1.09
vignette: 15
temp: 6954