tweet_id: 1750068373424119999
masto_id: 111809907468300304
subre_id: Not uploaded, but here's the text: How was your day?  #Art #Mathematics

n_iter: 391
ct: 251
hue_offset: 262
saturation: 0.62

num_attempts: 9
dur: 2
std: 29.12
size: 535564 (523.01 KiB)

xmin: -1.2827418835265765
xmax: 0.9672581164734235
ymin: -1.7828764239052128
ymax: -0.5172514239052128

contrast: 1.17
brightness: 0.2
saturation: 0.69
gamma: 0.95
gamma_r: 0.96
gamma_g: 1.08
gamma_b: 0.96
vignette: -5
temp: 7145