tweet_id: 1753364934791147823
masto_id: 111861416130068732
subre_id: Not uploaded, but here's the text: Wishing you a rad Friday!  #AI #DeepLearning

n_iter: 984
ct: 57
hue_offset: 150
saturation: -0.06

num_attempts: 23
dur: 14
std: 86.42
size: 248346 (242.53 KiB)

xmin: -0.47820792285189784
xmax: -0.4506217159553461
ymin: -0.5482270369915718
ymax: -0.5327097956122615

contrast: 1.64
brightness: 0.0
saturation: 1.67
gamma: 1.03
gamma_r: 1.02
gamma_g: 1.02
gamma_b: 0.97
vignette: -23
temp: 3687