tweet_id: 1753214772047176072
masto_id: 111859069852953400
subre_id: Not uploaded, but here's the text: You are lovely!  #Mathematics #Nature

n_iter: 433
ct: 234
hue_offset: 137
saturation: 0.7

num_attempts: 27
dur: 8
std: 41.78
size: 368531 (359.89 KiB)

xmin: -1.7164270536564317
xmax: -0.9664270536564317
ymin: -0.6051918699575496
ymax: -0.1833168699575496

contrast: 1.05
brightness: -0.08
saturation: 0.3
gamma: 0.97
gamma_r: 1.02
gamma_g: 0.91
gamma_b: 0.98
vignette: 2
temp: 6363