tweet_id: 1753449991203639369
masto_id: 111862745304418458
subre_id: Not uploaded, but here's the text: Smile, it's Friday!  #Art #GenerativeArt

n_iter: 364
ct: 75
hue_offset: 263
saturation: 0.69

num_attempts: 31
dur: 8
std: 27.94
size: 1004579 (981.03 KiB)

xmin: -2.0720776159455996
xmax: 0.17792238405440042
ymin: -1.1500809712667355
ymax: 0.11554402873326453

contrast: 0.82
brightness: 0.14
saturation: 0.34
gamma: 1.06
gamma_r: 0.96
gamma_g: 1.06
gamma_b: 0.98
vignette: 33
temp: 5007