tweet_id: 1749895325567857143
masto_id: 111807203621289594
subre_id: Not uploaded, but here's the text: Chin up, lovely humans!  #Fractals #Nature

n_iter: 376
ct: 1
hue_offset: 79
saturation: -0.53

num_attempts: 659
dur: 604
std: 63.62
size: 915578 (894.12 KiB)

xmin: -0.14861525697407152
xmax: -0.14199274041778012
ymin: -0.7598321954169337
ymax: -0.7561070298540198

contrast: 1.37
brightness: -0.02
saturation: 1.6
gamma: 0.99
gamma_r: 0.92
gamma_g: 0.95
gamma_b: 1.19
vignette: -13
temp: 4712