tweet_id: 1753359586680348679
masto_id: 111861332638606463
subre_id: Not uploaded, but here's the text: How's your day?  #Mathematics #VisualArt

n_iter: 228
ct: 180
hue_offset: 28
saturation: -0.6

num_attempts: 13
dur: 2
std: 21.16
size: 569198 (555.86 KiB)

xmin: 0.6892625566408062
xmax: 0.7870886435973279
ymin: -1.1189117738256735
ymax: -1.06388459991263

contrast: 1.2
brightness: 0.03
saturation: 0.55
gamma: 1.08
gamma_r: 0.96
gamma_g: 1.04
gamma_b: 1.01
vignette: 32
temp: 2050