tweet_id: 1750043686807683391
masto_id: 111809521787982171
subre_id: Not uploaded, but here's the text: Today is awesome!  #DeepLearning #Fractals

n_iter: 675
ct: 26
hue_offset: 6
saturation: -0.77

num_attempts: 38
dur: 19
std: 24.32
size: 1358638 (1.3 MiB)

xmin: -0.02300154036011337
xmax: -0.02097314279419045
ymin: 0.7071545183422354
ymax: 0.7082954919730671

contrast: 0.88
brightness: -0.0
saturation: 0.82
gamma: 1.04
gamma_r: 1.01
gamma_g: 0.98
gamma_b: 0.96
vignette: -39
temp: 5564