tweet_id: 1755448420507267359
masto_id: 111893970656143259
subre_id: Not uploaded, but here's the text: Keep smiling!  #AI #Mathematics

n_iter: 571
ct: 121
hue_offset: 354
saturation: -0.05

num_attempts: 2
dur: 0
std: 20.4
size: 385349 (376.32 KiB)

xmin: -1.2713850490725824
xmax: -1.269483004374532
ymin: 0.059430071968369136
ymax: 0.06049997211102249

contrast: 1.71
brightness: -0.02
saturation: 0.7
gamma: 1.06
gamma_r: 0.99
gamma_g: 1.1
gamma_b: 1.04
vignette: 3
temp: 6640