tweet_id: 1752000637342982212
masto_id: 111840099009755319
subre_id: Not uploaded, but here's the text: Wishing you the best!  #MachineLearning #AI

n_iter: 443
ct: 119
hue_offset: 236
saturation: 0.92

num_attempts: 3
dur: 1
std: 47.27
size: 517301 (505.18 KiB)

xmin: -1.363922237186004
xmax: -1.2353508086145755
ymin: -0.2779321361373559
ymax: -0.20561070756592734

contrast: 1.54
brightness: 0.15
saturation: 1.25
gamma: 0.98
gamma_r: 1.01
gamma_g: 1.09
gamma_b: 1.04
vignette: -47
temp: 6669