tweet_id: 1756198394295456030
masto_id: 111905688997082148
subre_id: Not uploaded, but here's the text: Enjoy your Saturday!  #AI #Art

n_iter: 376
ct: 15
hue_offset: 280
saturation: -0.36

num_attempts: 33
dur: 9
std: 56.85
size: 2356747 (2.25 MiB)

xmin: -0.3663571670241459
xmax: -0.3086648593318382
ymin: -0.9523719806424149
ymax: -0.9199200575654918

contrast: 1.71
brightness: 0.05
saturation: 1.23
gamma: 1.04
gamma_r: 1.09
gamma_g: 1.02
gamma_b: 1.01
vignette: -22
temp: 2900