tweet_id: 1755141493499494459
masto_id: 111889174914614447
subre_id: Not uploaded, but here's the text: Smile!  #Mathematics #AI

n_iter: 265
ct: 130
hue_offset: 254
saturation: 0.23

num_attempts: 5
dur: 0
std: 27.26
size: 1734564 (1.65 MiB)

xmin: -1.0491641795791329
xmax: -0.5991641795791329
ymin: -1.0834320282287522
ymax: -0.8303070282287521

contrast: 1.5
brightness: -0.06
saturation: 1.51
gamma: 0.96
gamma_r: 1.08
gamma_g: 1.04
gamma_b: 1.06
vignette: -40
temp: 3136