tweet_id: 1754678145985470939
masto_id: 111881935384636945
subre_id: Not uploaded, but here's the text: Tuesday vibes!  #Nature #Art

n_iter: 738
ct: 41
hue_offset: 27
saturation: 0.56

num_attempts: 38
dur: 18
std: 16.83
size: 738636 (721.32 KiB)

xmin: 0.14758124902853842
xmax: 0.19886330031058969
ymin: -0.6440230581937749
ymax: -0.6151769043476211

contrast: 0.88
brightness: 0.18
saturation: 0.5
gamma: 1.06
gamma_r: 0.91
gamma_g: 1.0
gamma_b: 0.9
vignette: 31
temp: 3070