tweet_id: 1752432070100418700
masto_id: 111846840223677933
subre_id: Not uploaded, but here's the text: Feeling good today!  #Fractals #Art

n_iter: 664
ct: 255
hue_offset: 3
saturation: 0.63

num_attempts: 328
dur: 603
std: 94.87
size: 663950 (648.39 KiB)

xmin: 0.1987008551501832
xmax: 0.20350854745787553
ymin: 0.9288859059438663
ymax: 0.9315902328669432

contrast: 1.35
brightness: -0.1
saturation: 1.64
gamma: 1.2
gamma_r: 1.17
gamma_g: 1.18
gamma_b: 1.12
vignette: 18
temp: 2874