tweet_id: 1752127554540970108
masto_id: 111842082201834771
subre_id: Not uploaded, but here's the text: Chin up, buttercup!  #DigitalArt #Mathematics

n_iter: 422
ct: 200
hue_offset: 232
saturation: 0.41

num_attempts: 19
dur: 7
std: 37.62
size: 1103740 (1.05 MiB)

xmin: 0.25036652465659026
xmax: 1.0003665246565903
ymin: -1.2535001689008651
ymax: -0.8316251689008651

contrast: 0.76
brightness: 0.12
saturation: 1.26
gamma: 0.95
gamma_r: 0.9
gamma_g: 1.02
gamma_b: 0.94
vignette: -39
temp: 5748