tweet_id: 1749140596739215606
masto_id: 111795410874562031
subre_id: Not uploaded, but here's the text: you are cool  #Art #Fractals

n_iter: 603
ct: 255
hue_offset: 284
saturation: 0.04

num_attempts: 358
dur: 600
std: 60.23
size: 491088 (479.58 KiB)

xmin: -0.48392606174682906
xmax: -0.45892606174682904
ymin: -0.5448621534502565
ymax: -0.5307996534502565

contrast: 1.45
brightness: 0.11
saturation: 0.27
gamma: 1.04
gamma_r: 1.02
gamma_g: 1.17
gamma_b: 1.2
vignette: -20
temp: 7510