tweet_id: 1751428815484829795
masto_id: 111831164375408279
subre_id: Not uploaded, but here's the text: Chin up, lovely humans!  #AI #Nature

n_iter: 319
ct: 143
hue_offset: 162
saturation: 0.47

num_attempts: 37
dur: 11
std: 45.75
size: 1486243 (1.42 MiB)

xmin: -0.0042692118794462885
xmax: 0.06001650240626799
ymin: -1.0603984684109
ymax: -1.0242377541251857

contrast: 1.37
brightness: 0.06
saturation: 0.62
gamma: 1.07
gamma_r: 1.06
gamma_g: 1.04
gamma_b: 1.05
vignette: -43
temp: 7572