tweet_id: 1751403429728342366
masto_id: 111830767685576120
subre_id: Not uploaded, but here's the text: Today is awesome!  #Fractals #MachineLearning

n_iter: 264
ct: 46
hue_offset: 279
saturation: 0.7

num_attempts: 52
dur: 14
std: 36.24
size: 2448266 (2.33 MiB)

xmin: -0.44871671479799735
xmax: -0.33621671479799736
ymin: -1.0315105971580516
ymax: -0.9682293471580516

contrast: 1.45
brightness: 0.22
saturation: 0.71
gamma: 0.91
gamma_r: 1.04
gamma_g: 1.06
gamma_b: 1.0
vignette: -32
temp: 4526