tweet_id: 1750762791298879777
masto_id: 111820757707427734
subre_id: Not uploaded, but here's the text: Surprise! It's a Burning Ship!  #DeepLearning #Art

n_iter: 166
ct: 14
hue_offset: 87
saturation: -0.7

num_attempts: 18
dur: 4
std: 21.2
size: 1739043 (1.66 MiB)

xmin: -1.106075258757955
xmax: -0.981075258757955
ymin: -0.6943745888207287
ymax: -0.6240620888207287

contrast: 1.53
brightness: -0.08
saturation: 1.25
gamma: 0.98
gamma_r: 0.92
gamma_g: 0.99
gamma_b: 0.93
vignette: -7
temp: 7979