tweet_id: 1716042185756541368
masto_id: 111278248189952139
subre_id: Not uploaded, but here's the text: you're awesome!  #Math #Nature

n_iter: 336
ct: 1
hue_offset: 13
saturation: 0.93

num_attempts: 352
dur: 603
std: 54.39
size: 492400 (480.86 KiB)

xmin: 0.5236724462464588
xmax: 0.5319198689268712
ymin: 0.4130655046138656
ymax: 0.41770467987159754

contrast: 1.52
brightness: -0.08
saturation: 0.64
gamma: 0.92
gamma_r: 1.09
gamma_g: 1.01
gamma_b: 0.98
vignette: -10
temp: 2178