tweet_id: 1715340544870588563
masto_id: 111267285134722097
subre_id: Not uploaded, but here's the text: Today is awesome!  #Mathematics #Math

n_iter: 263
ct: 18
hue_offset: 169
saturation: 0.82

num_attempts: 10
dur: 3
std: 27.91
size: 586128 (572.39 KiB)

xmin: -0.107418800959449
xmax: 0.455081199040551
ymin: -1.275215946720279
ymax: -0.958809696720279

contrast: 0.9
brightness: -0.05
saturation: 1.43
gamma: 0.94
gamma_r: 1.03
gamma_g: 0.99
gamma_b: 0.92
vignette: 3
temp: 3408