tweet_id: 1721595350962880870
masto_id: 111365016507314504
subre_id: Not uploaded, but here's the text: Smile on this lovely day!  #Art #Nature

n_iter: 635
ct: 192
hue_offset: 247
saturation: -0.73

num_attempts: 212
dur: 103
std: 36.65
size: 1178738 (1.12 MiB)

xmin: -1.393271705682281
xmax: -1.392814353749969
ymin: -0.009272624120440165
ymax: -0.009015363658514713

contrast: 1.24
brightness: -0.02
saturation: 0.49
gamma: 1.07
gamma_r: 1.01
gamma_g: 0.99
gamma_b: 0.98
vignette: -29
temp: 5497