tweet_id: 1720512070179864665
masto_id: 111348090354190990
subre_id: Not uploaded, but here's the text: How was your day?  #Science #Fractals

n_iter: 571
ct: 1
hue_offset: 149
saturation: 0.63

num_attempts: 229
dur: 606
std: 74.01
size: 700137 (683.73 KiB)

xmin: 0.19937737976604542
xmax: 0.20699642738509302
ymin: -0.9304706630077422
ymax: -0.9261849487220278

contrast: 1.55
brightness: 0.23
saturation: 1.42
gamma: 1.04
gamma_r: 1.06
gamma_g: 0.93
gamma_b: 1.03
vignette: 8
temp: 3120