tweet_id: 1717755326836138273
masto_id: 111305016335638822
subre_id: Not uploaded, but here's the text: Keep shining on Friday!  #Programming #Nature

n_iter: 499
ct: 90
hue_offset: 17
saturation: -0.44

num_attempts: 21
dur: 19
std: 28.33
size: 914395 (892.96 KiB)

xmin: -1.267534798632598
xmax: -1.1311711622689615
ymin: -0.4710901599641437
ymax: -0.3943856145095983

contrast: 1.14
brightness: -0.07
saturation: 0.38
gamma: 0.93
gamma_r: 1.07
gamma_g: 1.09
gamma_b: 0.95
vignette: -39
temp: 5584