tweet_id: 1718147958796099827
masto_id: 111311151123595811
subre_id: Not uploaded, but here's the text: Feeling good today!  #VisualArt #Programming

n_iter: 408
ct: 37
hue_offset: 354
saturation: 0.27

num_attempts: 38
dur: 34
std: 37.04
size: 1588292 (1.51 MiB)

xmin: 0.4416111741942599
xmax: 1.0041111741942599
ymin: -1.4507739851158994
ymax: -1.1343677351158994

contrast: 1.24
brightness: 0.05
saturation: 0.74
gamma: 0.91
gamma_r: 1.06
gamma_g: 0.98
gamma_b: 0.9
vignette: 25
temp: 6847