tweet_id: 1719632544289742942
masto_id: 111334347745652276
subre_id: Not uploaded, but here's the text: Keep smiling!  #VisualArt #Mathematics

n_iter: 774
ct: 206
hue_offset: 131
saturation: 0.91

num_attempts: 169
dur: 205
std: 130.53
size: 1556022 (1.48 MiB)

xmin: 0.14167212094486548
xmax: 0.14239180428419618
ymin: -0.5878299590252397
ymax: -0.5874251371468662

contrast: 1.17
brightness: -0.04
saturation: 1.39
gamma: 0.93
gamma_r: 1.08
gamma_g: 0.98
gamma_b: 0.94
vignette: -39
temp: 6527