tweet_id: 1720391260165280096
masto_id: 111346202647504321
subre_id: Not uploaded, but here's the text: Have a great day!  #Art #Math

n_iter: 349
ct: 255
hue_offset: 131
saturation: -0.1

num_attempts: 419
dur: 605
std: 61.87
size: 1045141 (1020.65 KiB)

xmin: -0.21753746121267903
xmax: -0.21076927170337276
ymin: 0.9925142148004453
ymax: 0.9963213213994301

contrast: 1.33
brightness: 0.14
saturation: 0.52
gamma: 1.04
gamma_r: 1.04
gamma_g: 0.96
gamma_b: 1.09
vignette: -46
temp: 5132