tweet_id: 1715611146730807607
masto_id: 111271513313420072
subre_id: Not uploaded, but here's the text: Have an awesome Saturday!  #Math #Fractals

n_iter: 193
ct: 143
hue_offset: 36
saturation: 0.86

num_attempts: 2
dur: 1
std: 25.06
size: 837823 (818.19 KiB)

xmin: -1.4018637137609622
xmax: -0.7590065709038193
ymin: -0.6762856973359306
ymax: -0.3146785544787877

contrast: 1.24
brightness: 0.01
saturation: 1.0
gamma: 1.01
gamma_r: 0.93
gamma_g: 0.99
gamma_b: 0.96
vignette: -16
temp: 4119