tweet_id: 1717578500159439141
masto_id: FAIL
subre_id: Not uploaded, but here's the text: Wishing you a fantastic day!  #VisualArt #DeepLearning

n_iter: 535
ct: 169
hue_offset: 353
saturation: -0.58

num_attempts: 36
dur: 30
std: 15.6
size: 850344 (830.41 KiB)

xmin: -0.23747814233419184
xmax: -0.23634531877146173
ymin: -0.8305562856512763
ymax: -0.8299190723972406

contrast: 1.38
brightness: -0.01
saturation: 1.48
gamma: 0.99
gamma_r: 1.01
gamma_g: 0.97
gamma_b: 0.94
vignette: 7
temp: 3018