tweet_id: 1716133293488292026
masto_id: 111279671862068649
subre_id: Not uploaded, but here's the text: Chin up, buttercup!  #Nature #Math

n_iter: 359
ct: 255
hue_offset: 57
saturation: 0.18

num_attempts: 394
dur: 600
std: 62.21
size: 1151045 (1.1 MiB)

xmin: -0.26295247669018407
xmax: -0.25667304183932066
ymin: 0.7079536665307713
ymax: 0.711485848634382

contrast: 1.26
brightness: 0.01
saturation: 1.73
gamma: 0.97
gamma_r: 1.04
gamma_g: 0.91
gamma_b: 1.02
vignette: -20
temp: 7677