tweet_id: 1716585735288246618
masto_id: 111286741272590274
subre_id: Not uploaded, but here's the text: Have a great day!  #MachineLearning #Fractals

n_iter: 511
ct: 1
hue_offset: 218
saturation: 0.81

num_attempts: 209
dur: 600
std: 72.44
size: 783483 (765.12 KiB)

xmin: 0.5831486957748573
xmax: 0.5903689123813555
ymin: 0.30378206791331785
ymax: 0.3078434397544731

contrast: 1.13
brightness: 0.14
saturation: 0.72
gamma: 0.99
gamma_r: 0.97
gamma_g: 1.08
gamma_b: 1.03
vignette: 9
temp: 4529