tweet_id: 1718665585033138396
masto_id: 111319239150127340
subre_id: Not uploaded, but here's the text: you are fantastic!  #Math #DigitalArt

n_iter: 571
ct: 239
hue_offset: 239
saturation: 0.5

num_attempts: 7
dur: 6
std: 16.1
size: 843391 (823.62 KiB)

xmin: -0.5608884104809309
xmax: -0.5475993739360804
ymin: 0.6143629287481267
ymax: 0.6218380118046051

contrast: 0.94
brightness: 0.05
saturation: 0.25
gamma: 0.91
gamma_r: 1.02
gamma_g: 0.97
gamma_b: 0.95
vignette: -33
temp: 7376