tweet_id: 1719235323417481615
masto_id: 111328141082246260
subre_id: Not uploaded, but here's the text: Have a great day!  #DigitalArt #Mathematics

n_iter: 195
ct: 193
hue_offset: 207
saturation: -0.33

num_attempts: 7
dur: 3
std: 32.01
size: 1523923 (1.45 MiB)

xmin: -1.148014534592998
xmax: -1.0382584370320223
ymin: -0.5375156563984953
ymax: -0.4757778515204465

contrast: 0.93
brightness: -0.1
saturation: 0.29
gamma: 0.95
gamma_r: 1.04
gamma_g: 1.01
gamma_b: 1.08
vignette: -17
temp: 5598