tweet_id: 1717363994409959497
masto_id: 111298901530540766
subre_id: Not uploaded, but here's the text: Enjoy your Thursday!  #Math #AI

n_iter: 383
ct: 114
hue_offset: 300
saturation: -0.58

num_attempts: 8
dur: 7
std: 55.07
size: 2066541 (1.97 MiB)

xmin: -1.3610526029854033
xmax: -1.3061745542049155
ymin: -0.32889918321682066
ymax: -0.29803028077779625

contrast: 1.17
brightness: 0.13
saturation: 1.75
gamma: 1.08
gamma_r: 1.09
gamma_g: 0.95
gamma_b: 0.93
vignette: 10
temp: 7643