tweet_id: 1716223424954327044
masto_id: 111281080089542093
subre_id: Not uploaded, but here's the text: you are cool  #MachineLearning #Mathematics

n_iter: 603
ct: 255
hue_offset: 147
saturation: 0.31

num_attempts: 212
dur: 611
std: 92.63
size: 713402 (696.68 KiB)

xmin: -0.43234885416916846
xmax: -0.42488616760200426
ymin: -0.578482769810106
ymax: -0.5742850086160762

contrast: 1.35
brightness: 0.13
saturation: 1.27
gamma: 0.9
gamma_r: 1.09
gamma_g: 1.03
gamma_b: 1.06
vignette: 11
temp: 6602