tweet_id: 1718992930205995135
masto_id: 111324353645269013
subre_id: Not uploaded, but here's the text: Look closely, it's Burning Ship!  #AI #Art

n_iter: 305
ct: 37
hue_offset: 170
saturation: 0.01

num_attempts: 7
dur: 4
std: 27.23
size: 847425 (827.56 KiB)

xmin: -0.972760448346158
xmax: -0.47276044834615805
ymin: -1.1661078691360505
ymax: -0.8848578691360505

contrast: 1.34
brightness: -0.04
saturation: 1.14
gamma: 1.07
gamma_r: 0.95
gamma_g: 0.92
gamma_b: 0.93
vignette: 2
temp: 4862