tweet_id: 1720352581837312275
masto_id: 111345598281245665
subre_id: Not uploaded, but here's the text: How was your day?  #DigitalArt #Programming

n_iter: 156
ct: 46
hue_offset: 161
saturation: 0.09

num_attempts: 2
dur: 0
std: 20.4
size: 1237565 (1.18 MiB)

xmin: 0.040918682465282075
xmax: 0.30562456481822325
ymin: -1.2773527770536368
ymax: -1.1284557182301074

contrast: 0.77
brightness: 0.03
saturation: 0.6
gamma: 0.95
gamma_r: 1.06
gamma_g: 1.04
gamma_b: 1.06
vignette: 20
temp: 4560