tweet_id: 1720865617782415547
masto_id: 111353614414458322
subre_id: Not uploaded, but here's the text: You are lovely!  #DigitalArt #VisualArt

n_iter: 260
ct: 147
hue_offset: 128
saturation: 0.76

num_attempts: 1
dur: 0
std: 38.93
size: 2286205 (2.18 MiB)

xmin: -0.5524067564190032
xmax: -0.4734593879979505
ymin: -0.8934474143747118
ymax: -0.8490395196378696

contrast: 0.86
brightness: 0.17
saturation: 0.53
gamma: 0.96
gamma_r: 0.9
gamma_g: 1.04
gamma_b: 1.07
vignette: 27
temp: 7212