tweet_id: 1721287928759169198
masto_id: 111360213169115300
subre_id: Not uploaded, but here's the text: Today is awesome!  #MachineLearning #DigitalArt

n_iter: 466
ct: 32
hue_offset: 221
saturation: 0.24

num_attempts: 3
dur: 1
std: 21.05
size: 834309 (814.75 KiB)

xmin: 0.5328702562701211
xmax: 1.657870256270121
ymin: -1.245729124099305
ymax: -0.6129166240993049

contrast: 0.85
brightness: -0.09
saturation: 0.76
gamma: 1.0
gamma_r: 1.01
gamma_g: 0.9
gamma_b: 0.96
vignette: -33
temp: 5706