tweet_id: 1720536933061767333
masto_id: 111348478783017488
subre_id: Not uploaded, but here's the text: Let's rock this Friday!  #Math #Programming

n_iter: 587
ct: 18
hue_offset: 21
saturation: 0.06

num_attempts: 14
dur: 6
std: 109.96
size: 1889527 (1.8 MiB)

xmin: 0.31342086910938516
xmax: 0.31398945475259765
ymin: -0.037658923435387015
ymax: -0.03733909401107998

contrast: 1.51
brightness: 0.07
saturation: 0.66
gamma: 0.96
gamma_r: 1.06
gamma_g: 0.94
gamma_b: 1.08
vignette: -36
temp: 3897