tweet_id: 1716858676206551104
masto_id: 111291005935618851
subre_id: Not uploaded, but here's the text: you're awesome!  #Math #MachineLearning

n_iter: 505
ct: 255
hue_offset: 223
saturation: -0.95

num_attempts: 262
dur: 600
std: 58.71
size: 788416 (769.94 KiB)

xmin: -0.5515664616130855
xmax: -0.5293442393908633
ymin: -0.19703713832218384
ymax: -0.18453713832218382

contrast: 1.36
brightness: 0.16
saturation: 0.82
gamma: 0.92
gamma_r: 0.92
gamma_g: 0.97
gamma_b: 1.0
vignette: 7
temp: 7267