tweet_id: 1717726432980541733
masto_id: 111304564701778766
subre_id: Not uploaded, but here's the text: Have a great day!  #Science #Nature

n_iter: 244
ct: 138
hue_offset: 115
saturation: -0.05

num_attempts: 20
dur: 8
std: 24.46
size: 512908 (500.89 KiB)

xmin: -0.46278509422482195
xmax: 0.4372149057751781
ymin: -1.4737636096230782
ymax: -0.9675136096230782

contrast: 1.7
brightness: -0.05
saturation: 1.57
gamma: 1.09
gamma_r: 1.09
gamma_g: 1.09
gamma_b: 1.08
vignette: -38
temp: 2424