tweet_id: 1714675003306705319
masto_id: 111256886039988116
subre_id: Not uploaded, but here's the text: you are awesome.  #AI #Programming

n_iter: 311
ct: 26
hue_offset: 207
saturation: -0.8

num_attempts: 11
dur: 4
std: 31.07
size: 565662 (552.4 KiB)

xmin: -1.5977609755950022
xmax: -1.2763324041664308
ymin: -0.22716731311883853
ymax: -0.04636374169026708

contrast: 1.79
brightness: 0.16
saturation: 1.26
gamma: 1.08
gamma_r: 0.99
gamma_g: 1.0
gamma_b: 1.0
vignette: -10
temp: 4675