tweet_id: 1717211818513281274
masto_id: 111296523714113910
subre_id: Not uploaded, but here's the text: Enjoy your Wednesday!  #Nature #Art

n_iter: 169
ct: 183
hue_offset: 244
saturation: 0.86

num_attempts: 10
dur: 2
std: 26.35
size: 771701 (753.61 KiB)

xmin: 0.01743357315095917
xmax: 0.1390551947725808
ymin: -1.1903187323215743
ymax: -1.1219065701594122

contrast: 1.56
brightness: 0.02
saturation: 0.34
gamma: 1.04
gamma_r: 0.91
gamma_g: 0.97
gamma_b: 1.03
vignette: -43
temp: 2429