tweet_id: 1718630271539646589
masto_id: 111318687342505869
subre_id: Not uploaded, but here's the text: you're awesome!  #Art #VisualArt

n_iter: 244
ct: 238
hue_offset: 321
saturation: -0.21

num_attempts: 2
dur: 1
std: 31.66
size: 961332 (938.8 KiB)

xmin: -1.6324657938341918
xmax: -1.3677599114812506
ymin: -0.2762919242037538
ymax: -0.1273948653802244

contrast: 1.4
brightness: 0.16
saturation: 1.4
gamma: 0.99
gamma_r: 0.93
gamma_g: 1.1
gamma_b: 0.98
vignette: 24
temp: 4981