tweet_id: 1721025001502167239
masto_id: 111356104874940252
subre_id: Not uploaded, but here's the text: Have an awesome Sunday!  #Math #MachineLearning

n_iter: 329
ct: 1
hue_offset: 147
saturation: 0.35

num_attempts: 680
dur: 604
std: 62.54
size: 1182513 (1.13 MiB)

xmin: 0.3704125565100287
xmax: 0.3747044020035909
ymin: 0.6620903317738338
ymax: 0.6645044948639626

contrast: 1.36
brightness: 0.17
saturation: 1.25
gamma: 1.08
gamma_r: 1.05
gamma_g: 0.9
gamma_b: 1.07
vignette: -21
temp: 5299