tweet_id: 1721055226789347741
masto_id: 111356576969693967
subre_id: Not uploaded, but here's the text: Smile on this lovely day!  #Art #Programming

n_iter: 282
ct: 255
hue_offset: 41
saturation: 0.96

num_attempts: 457
dur: 601
std: 42.45
size: 368154 (359.53 KiB)

xmin: 0.18922660429705784
xmax: 0.19348192344599402
ymin: -1.036235623026099
ymax: -1.0338420060048223

contrast: 1.37
brightness: 0.02
saturation: 1.59
gamma: 1.03
gamma_r: 0.91
gamma_g: 1.09
gamma_b: 1.08
vignette: -37
temp: 7200