tweet_id: 1717759418673098982
masto_id: 111305080081703862
subre_id: Not uploaded, but here's the text: Brighten your Friday!  #MachineLearning #Art

n_iter: 375
ct: 76
hue_offset: 299
saturation: 0.16

num_attempts: 84
dur: 79
std: 72.52
size: 852207 (832.23 KiB)

xmin: -0.7338574055698195
xmax: -0.7291292731821126
ymin: -0.17014043901552733
ymax: -0.16748086454744224

contrast: 1.7
brightness: -0.07
saturation: 0.45
gamma: 0.98
gamma_r: 0.93
gamma_g: 1.09
gamma_b: 1.07
vignette: 1
temp: 7345