tweet_id: 1717242118861688864
masto_id: 111296997265988708
subre_id: Not uploaded, but here's the text: you are fantastic!  #DeepLearning #Nature

n_iter: 502
ct: 63
hue_offset: 100
saturation: 0.03

num_attempts: 19
dur: 25
std: 58.9
size: 1673354 (1.6 MiB)

xmin: -1.1611448745647186
xmax: -0.8149910284108725
ymin: -0.7718402905990014
ymax: -0.577128752137463

contrast: 1.29
brightness: 0.03
saturation: 0.6
gamma: 1.02
gamma_r: 0.98
gamma_g: 1.08
gamma_b: 0.93
vignette: 13
temp: 6254