tweet_id: 1719546457311633539
masto_id: 111333002468288780
subre_id: Not uploaded, but here's the text: Keep shining on Wednesday!  #Science #Mathematics

n_iter: 435
ct: 1
hue_offset: 1
saturation: 0.06

num_attempts: 406
dur: 600
std: 51.1
size: 391180 (382.01 KiB)

xmin: 0.5173590886937793
xmax: 0.5314435957360328
ymin: 0.3908535132769515
ymax: 0.3987760484882191

contrast: 1.38
brightness: 0.08
saturation: 1.02
gamma: 1.05
gamma_r: 0.99
gamma_g: 1.04
gamma_b: 1.03
vignette: -37
temp: 4585