tweet_id: 1715287297812205720
masto_id: 111266453089294151
subre_id: Not uploaded, but here's the text: you are cool  #VisualArt #DeepLearning

n_iter: 534
ct: 1
hue_offset: 41
saturation: 0.21

num_attempts: 317
dur: 601
std: 56.72
size: 392838 (383.63 KiB)

xmin: 0.5988652271548789
xmax: 0.6071126498352912
ymin: 0.2930696385886493
ymax: 0.29770881384638126

contrast: 1.64
brightness: 0.18
saturation: 1.52
gamma: 1.05
gamma_r: 0.94
gamma_g: 1.01
gamma_b: 1.03
vignette: -43
temp: 3963