tweet_id: 1721115608920523062
masto_id: 111357520442237380
subre_id: Not uploaded, but here's the text: you're awesome!  #DigitalArt #Nature

n_iter: 462
ct: 1
hue_offset: 45
saturation: 0.12

num_attempts: 298
dur: 607
std: 54.19
size: 737640 (720.35 KiB)

xmin: -0.42787812566135375
xmax: -0.4111417239877136
ymin: 0.6053160758376208
ymax: 0.6147303017790434

contrast: 1.62
brightness: 0.05
saturation: 1.44
gamma: 0.9
gamma_r: 0.96
gamma_g: 1.0
gamma_b: 0.94
vignette: 16
temp: 6225