tweet_id: 1716668100211523993
masto_id: 111288028244582362
subre_id: Not uploaded, but here's the text: Have an extraordinary Tuesday!  #AI #DigitalArt

n_iter: 368
ct: 194
hue_offset: 153
saturation: 0.01

num_attempts: 21
dur: 11
std: 23.8
size: 487891 (476.46 KiB)

xmin: 0.4464493892791026
xmax: 0.5056599155948921
ymin: -1.10862372254408
ymax: -1.0753178014914484

contrast: 1.16
brightness: 0.05
saturation: 0.81
gamma: 1.07
gamma_r: 0.96
gamma_g: 0.9
gamma_b: 1.0
vignette: -15
temp: 5169