tweet_id: 1717996537953824790
masto_id: 111308784993668863
subre_id: Not uploaded, but here's the text: Keep shining on Friday!  #Art #Math

n_iter: 166
ct: 96
hue_offset: 268
saturation: -0.18

num_attempts: 18
dur: 7
std: 20.71
size: 568346 (555.03 KiB)

xmin: -1.0124370789344848
xmax: 0.11256292106551524
ymin: -0.9477894363034609
ymax: -0.3149769363034609

contrast: 1.7
brightness: 0.14
saturation: 0.65
gamma: 1.05
gamma_r: 1.05
gamma_g: 1.1
gamma_b: 0.92
vignette: -23
temp: 6276