tweet_id: 1721832007414538308
masto_id: 111368714216122485
subre_id: Not uploaded, but here's the text: Chin up, buttercup!  #DigitalArt #Science

n_iter: 178
ct: 5
hue_offset: 236
saturation: 0.41

num_attempts: 64
dur: 28
std: 31.44
size: 1293443 (1.23 MiB)

xmin: -1.4231950071882966
xmax: -1.3209222799155693
ymin: -0.2930457677770475
ymax: -0.2355173586861384

contrast: 1.44
brightness: 0.13
saturation: 1.53
gamma: 1.0
gamma_r: 0.98
gamma_g: 1.09
gamma_b: 0.97
vignette: 1
temp: 3411