tweet_id: 1721745536192262599
masto_id: 111367363268116421
subre_id: Not uploaded, but here's the text: Wishing you a fantastic day!  #Fractals #AI

n_iter: 359
ct: 218
hue_offset: 111
saturation: 0.68

num_attempts: 22
dur: 5
std: 25.79
size: 1139537 (1.09 MiB)

xmin: 0.3059568321686097
xmax: 0.30660723867267475
ymin: 0.5761555658644506
ymax: 0.5765214195229872

contrast: 1.76
brightness: 0.17
saturation: 1.37
gamma: 0.92
gamma_r: 0.99
gamma_g: 1.06
gamma_b: 0.94
vignette: 29
temp: 5926