tweet_id: 1717220801077039509
masto_id: 111296664208308142
subre_id: Not uploaded, but here's the text: Wishing you a rad Wednesday!  #Nature #AI

n_iter: 537
ct: 1
hue_offset: 269
saturation: -0.95

num_attempts: 293
dur: 600
std: 88.79
size: 1168773 (1.11 MiB)

xmin: 0.17116441327194476
xmax: 0.17700382933033892
ymin: 0.8599350702832957
ymax: 0.8632197418161425

contrast: 1.3
brightness: 0.15
saturation: 0.48
gamma: 1.01
gamma_r: 0.94
gamma_g: 0.99
gamma_b: 0.98
vignette: -12
temp: 6270