tweet_id: 1715762049962131796
masto_id: 111273871258341816
subre_id: Not uploaded, but here's the text: Let's rock this Saturday!  #DeepLearning #Art

n_iter: 252
ct: 30
hue_offset: 244
saturation: -0.84

num_attempts: 50
dur: 19
std: 21.59
size: 844506 (824.71 KiB)

xmin: -0.2791631557756178
xmax: 0.2208368442243822
ymin: -1.3603491050516472
ymax: -1.0790991050516472

contrast: 1.79
brightness: 0.23
saturation: 0.43
gamma: 0.96
gamma_r: 1.08
gamma_g: 0.92
gamma_b: 1.02
vignette: -22
temp: 2661