tweet_id: 1717338662600388704
masto_id: 111298505719216592
subre_id: Not uploaded, but here's the text: you are cool  #MachineLearning #Fractals

n_iter: 163
ct: 48
hue_offset: 9
saturation: -0.25

num_attempts: 34
dur: 15
std: 26.1
size: 1955601 (1.87 MiB)

xmin: 0.4455653733513749
xmax: 0.5907266636739555
ymin: -1.223835108648145
ymax: -1.1421818828416934

contrast: 1.37
brightness: 0.1
saturation: 1.14
gamma: 1.0
gamma_r: 0.97
gamma_g: 0.95
gamma_b: 0.98
vignette: 20
temp: 2074