tweet_id: 1717396737722372501
masto_id: 111299413207168243
subre_id: Not uploaded, but here's the text: Let's rock this Thursday!  #AI #DeepLearning

n_iter: 379
ct: 220
hue_offset: 237
saturation: -0.3

num_attempts: 7
dur: 5
std: 18.14
size: 1096052 (1.05 MiB)

xmin: -0.49419684768884586
xmax: -0.493574085739601
ymin: 0.6315858789099682
ymax: 0.6319361825064185

contrast: 1.32
brightness: -0.02
saturation: 0.46
gamma: 1.0
gamma_r: 1.03
gamma_g: 1.07
gamma_b: 0.94
vignette: 19
temp: 5000