tweet_id: 1719113775616524572
masto_id: 111326242076274796
subre_id: Not uploaded, but here's the text: Wishing you the best!  #Art #AI

n_iter: 453
ct: 221
hue_offset: 264
saturation: -0.08

num_attempts: 36
dur: 23
std: 40.96
size: 723466 (706.51 KiB)

xmin: 0.18391764621187878
xmax: 0.9339176462118788
ymin: -1.2452876470472445
ymax: -0.8234126470472445

contrast: 1.01
brightness: 0.18
saturation: 0.97
gamma: 0.9
gamma_r: 0.91
gamma_g: 1.03
gamma_b: 1.07
vignette: 11
temp: 3931