tweet_id: 1719364069608812564
masto_id: 111330152839734518
subre_id: Not uploaded, but here's the text: Wow, guess what? it's Multibrot!  #Art #Science

n_iter: 314
ct: 1
hue_offset: 205
saturation: -0.74

num_attempts: 432
dur: 600
std: 51.15
size: 951807 (929.5 KiB)

xmin: -0.07422837316370212
xmax: -0.06474970017792013
ymin: 1.1258463728419228
ymax: 1.1311781263964251

contrast: 1.3
brightness: 0.21
saturation: 1.33
gamma: 1.05
gamma_r: 0.93
gamma_g: 1.0
gamma_b: 1.06
vignette: -6
temp: 7289