tweet_id: 1720568102768001194
masto_id: 111348965968199121
subre_id: Not uploaded, but here's the text: you are fantastic!  #Math #MachineLearning

n_iter: 776
ct: 61
hue_offset: 9
saturation: 0.95

num_attempts: 90
dur: 47
std: 15.55
size: 1156296 (1.1 MiB)

xmin: 0.05056142627873683
xmax: 0.05106814023870643
ymin: 0.6746949088562242
ymax: 0.674979935458707

contrast: 0.85
brightness: 0.12
saturation: 0.55
gamma: 0.98
gamma_r: 0.91
gamma_g: 1.03
gamma_b: 1.04
vignette: -25
temp: 5296