tweet_id: 1715558952824438933
masto_id: 111270697780983092
subre_id: Not uploaded, but here's the text: Wishing you the best!  #MachineLearning #Art

n_iter: 491
ct: 255
hue_offset: 81
saturation: 0.57

num_attempts: 378
dur: 607
std: 74.81
size: 1230852 (1.17 MiB)

xmin: 0.44139050551490966
xmax: 0.44761134532828445
ymin: -0.5715568448122877
ymax: -0.5680576224172644

contrast: 1.53
brightness: 0.17
saturation: 0.47
gamma: 0.99
gamma_r: 0.92
gamma_g: 0.92
gamma_b: 0.96
vignette: -23
temp: 2030