tweet_id: 1718005126949146709
masto_id: 111308919285299300
subre_id: Not uploaded, but here's the text: Friday vibes!  #AI #Science

n_iter: 412
ct: 1
hue_offset: 347
saturation: -0.46

num_attempts: 344
dur: 604
std: 61.05
size: 712546 (695.85 KiB)

xmin: 0.5470555496915974
xmax: 0.5537445129022998
ymin: 0.24919902186875698
ymax: 0.25296156367477707

contrast: 1.67
brightness: 0.17
saturation: 1.35
gamma: 1.04
gamma_r: 0.97
gamma_g: 0.98
gamma_b: 1.06
vignette: 13
temp: 4840