tweet_id: 1720839947760918800
masto_id: 111353213442241579
subre_id: Not uploaded, but here's the text: you are awesome.  #MachineLearning #DeepLearning

n_iter: 374
ct: 37
hue_offset: 120
saturation: 0.68

num_attempts: 19
dur: 4
std: 48.59
size: 1087555 (1.04 MiB)

xmin: -0.3255049281320028
xmax: -0.32466353141345
ymin: 0.6198991252633972
ymax: 0.6203724109175831

contrast: 0.78
brightness: 0.02
saturation: 1.12
gamma: 1.06
gamma_r: 1.01
gamma_g: 0.98
gamma_b: 1.07
vignette: -13
temp: 7989