tweet_id: 1721810356178202798
masto_id: 111368376031545222
subre_id: Not uploaded, but here's the text: Wishing you a joyful day!  #Math #MachineLearning

n_iter: 537
ct: 1
hue_offset: 79
saturation: 0.15

num_attempts: 265
dur: 608
std: 68.89
size: 569553 (556.2 KiB)

xmin: 0.6001696862909092
xmax: 0.6052522784128914
ymin: 0.48450871558023345
ymax: 0.4873676736488484

contrast: 0.81
brightness: 0.0
saturation: 1.46
gamma: 1.09
gamma_r: 1.06
gamma_g: 0.97
gamma_b: 1.05
vignette: -1
temp: 5807