tweet_id: 1717945694189924594
masto_id: 111307990563181253
subre_id: Not uploaded, but here's the text: you are fantastic!  #Nature #Math

n_iter: 548
ct: 1
hue_offset: 86
saturation: -0.31

num_attempts: 211
dur: 603
std: 38.6
size: 140273 (136.99 KiB)

xmin: 0.12322975234353883
xmax: 0.13185044199871124
ymin: -0.7561677735273309
ymax: -0.7513186355962964

contrast: 1.69
brightness: 0.17
saturation: 1.03
gamma: 0.94
gamma_r: 0.99
gamma_g: 0.96
gamma_b: 0.96
vignette: -14
temp: 4167