tweet_id: 1718751164517195942
masto_id: 111320576104990477
subre_id: Not uploaded, but here's the text: Have a great day!  #Fractals #Art

n_iter: 430
ct: 82
hue_offset: 66
saturation: 0.86

num_attempts: 5
dur: 5
std: 61.53
size: 1121920 (1.07 MiB)

xmin: -1.1067716628747708
xmax: -1.0594032418221393
ymin: -0.4434915099765504
ymax: -0.4168467731344451

contrast: 1.35
brightness: 0.1
saturation: 1.28
gamma: 0.96
gamma_r: 1.04
gamma_g: 1.07
gamma_b: 0.92
vignette: -32
temp: 4455