tweet_id: 1717552145866617069
masto_id: FAIL
subre_id: Not uploaded, but here's the text: Have an awesome Thursday!  #Nature #Science

n_iter: 479
ct: 255
hue_offset: 329
saturation: 0.68

num_attempts: 261
dur: 613
std: 86.36
size: 1408654 (1.34 MiB)

xmin: -0.22754149251399958
xmax: -0.22318893538668727
ymin: 0.7266752235921015
ymax: 0.7291235369762147

contrast: 1.12
brightness: -0.09
saturation: 1.07
gamma: 1.06
gamma_r: 0.91
gamma_g: 1.09
gamma_b: 0.97
vignette: -42
temp: 6443