tweet_id: 1721448327290483072
masto_id: 111362719166043858
subre_id: Not uploaded, but here's the text: Brighten your Monday!  #Math #DeepLearning

n_iter: 461
ct: 255
hue_offset: 107
saturation: 0.37

num_attempts: 426
dur: 600
std: 70.99
size: 633054 (618.22 KiB)

xmin: 0.10901691367241684
xmax: 0.11562848392035072
ymin: -1.1199288680251454
ymax: -1.1162098597606824

contrast: 1.21
brightness: -0.05
saturation: 0.29
gamma: 1.0
gamma_r: 1.06
gamma_g: 1.03
gamma_b: 1.0
vignette: 17
temp: 2600