tweet_id: 1716251925421638134
masto_id: 111281525388706605
subre_id: Not uploaded, but here's the text: Have an awesome day!  #Programming #AI

n_iter: 376
ct: 249
hue_offset: 281
saturation: -0.0

num_attempts: 33
dur: 24
std: 30.67
size: 277952 (271.44 KiB)

xmin: -0.3343282881306102
xmax: -0.2617476429693199
ymin: 0.10008134408742686
ymax: 0.14090795699065267

contrast: 0.88
brightness: -0.09
saturation: 1.2
gamma: 0.91
gamma_r: 1.06
gamma_g: 0.93
gamma_b: 1.04
vignette: -16
temp: 6724