tweet_id: 1720718624426742101
masto_id: 111351317706783563
subre_id: Not uploaded, but here's the text: you are cool  #Math #Mathematics

n_iter: 298
ct: 138
hue_offset: 292
saturation: 0.6

num_attempts: 98
dur: 67
std: 33.11
size: 1277573 (1.22 MiB)

xmin: -1.0164475639267367
xmax: -1.016025311208485
ymin: 0.2784940942871108
ymax: 0.27873161144112746

contrast: 1.58
brightness: -0.08
saturation: 0.51
gamma: 1.02
gamma_r: 1.1
gamma_g: 0.99
gamma_b: 1.0
vignette: -27
temp: 7216