tweet_id: 1721081376739409938
masto_id: 111356985617836354
subre_id: Not uploaded, but here's the text: How was your day?  #Math #AI

n_iter: 507
ct: 149
hue_offset: 6
saturation: 0.76

num_attempts: 157
dur: 144
std: 45.32
size: 64645 (63.13 KiB)

xmin: -0.9908850123376325
xmax: -0.9886032097135594
ymin: -0.2557044980630174
ymax: -0.25442098408697633

contrast: 1.6
brightness: -0.01
saturation: 1.23
gamma: 0.93
gamma_r: 0.99
gamma_g: 0.98
gamma_b: 0.93
vignette: -46
temp: 2336