tweet_id: 1715373477195022408
masto_id: 111267799783972393
subre_id: Not uploaded, but here's the text: you are cool  #Fractals #VisualArt

n_iter: 944
ct: 160
hue_offset: 134
saturation: 0.46

num_attempts: 48
dur: 50
std: 52.19
size: 880699 (860.06 KiB)

xmin: -0.850206955600949
xmax: -0.6683887737827672
ymin: -0.34525622969452263
ymax: -0.24298350242179534

contrast: 1.22
brightness: 0.14
saturation: 0.83
gamma: 1.07
gamma_r: 1.07
gamma_g: 1.03
gamma_b: 1.05
vignette: -27
temp: 4637