tweet_id: 1717543423366877321
masto_id: 111301705095823702
subre_id: Not uploaded, but here's the text: Wishing you the best!  #Math #Nature

n_iter: 291
ct: 96
hue_offset: 262
saturation: -0.55

num_attempts: 12
dur: 11
std: 46.28
size: 2101535 (2.0 MiB)

xmin: 0.5123697565666019
xmax: 0.5665866240364814
ymin: -1.1467397311792138
ymax: -1.1162427432274065

contrast: 1.5
brightness: 0.21
saturation: 0.86
gamma: 0.96
gamma_r: 0.96
gamma_g: 0.95
gamma_b: 1.01
vignette: -44
temp: 2351