tweet_id: 1719484835687784450
masto_id: 111332039902646774
subre_id: Not uploaded, but here's the text: Chin up, buttercup!  #DigitalArt #AI

n_iter: 422
ct: 255
hue_offset: 217
saturation: 0.59

num_attempts: 338
dur: 608
std: 53.82
size: 555127 (542.12 KiB)

xmin: 0.606202944206828
xmax: 0.6109648489687327
ymin: 0.5353065488616733
ymax: 0.5379851202902447

contrast: 0.89
brightness: -0.04
saturation: 0.76
gamma: 0.95
gamma_r: 1.06
gamma_g: 1.0
gamma_b: 0.97
vignette: -17
temp: 2024