tweet_id: 1716284243284816176
masto_id: 111282030416571059
subre_id: Not uploaded, but here's the text: Wishing you a rad Monday!  #Science #Fractals

n_iter: 595
ct: 1
hue_offset: 238
saturation: -0.1

num_attempts: 321
dur: 610
std: 55.9
size: 715700 (698.93 KiB)

xmin: 0.390722873667523
xmax: 0.43373362635569507
ymin: -0.6252560417693239
ymax: -0.6010624933822272

contrast: 1.46
brightness: -0.01
saturation: 1.67
gamma: 0.96
gamma_r: 1.03
gamma_g: 1.08
gamma_b: 0.9
vignette: -18
temp: 2470