tweet_id: 1715131630921142641
masto_id: 111264020803891716
subre_id: Not uploaded, but here's the text: Feeling good today!  #DeepLearning #MachineLearning

n_iter: 145
ct: 239
hue_offset: 213
saturation: 0.37

num_attempts: 9
dur: 2
std: 23.41
size: 468821 (457.83 KiB)

xmin: -0.553535842244568
xmax: -0.5529583916887718
ymin: 0.5482552407572581
ymax: 0.5485800566948934

contrast: 1.76
brightness: 0.06
saturation: 0.75
gamma: 1.02
gamma_r: 0.92
gamma_g: 1.01
gamma_b: 1.0
vignette: 0
temp: 7032