tweet_id: 1721145072601964913
masto_id: 111357981184863068
subre_id: Not uploaded, but here's the text: Today is awesome!  #Art #AI

n_iter: 912
ct: 69
hue_offset: 109
saturation: 0.25

num_attempts: 150
dur: 211
std: 148.35
size: 1705413 (1.63 MiB)

xmin: -1.2771394073278293
xmax: -1.276650768187834
ymin: 0.05092510901896263
ymax: 0.05119996853520988

contrast: 1.19
brightness: 0.21
saturation: 0.79
gamma: 1.04
gamma_r: 0.99
gamma_g: 1.03
gamma_b: 1.09
vignette: 6
temp: 2284