tweet_id: 1716888158892163402
masto_id: 111291466659959218
subre_id: Not uploaded, but here's the text: Enjoy your Tuesday!  #Science #VisualArt

n_iter: 570
ct: 1
hue_offset: 199
saturation: 0.71

num_attempts: 230
dur: 602
std: 60.63
size: 997713 (974.33 KiB)

xmin: -0.546763378632471
xmax: -0.5189856008546933
ymin: -0.43050852479445045
ymax: -0.41488352479445045

contrast: 1.0
brightness: 0.09
saturation: 1.4
gamma: 0.97
gamma_r: 1.08
gamma_g: 1.01
gamma_b: 1.05
vignette: -6
temp: 3525