tweet_id: 1717038774067331368
masto_id: 111293819936978870
subre_id: Not uploaded, but here's the text: Wishing you the best!  #Science #VisualArt

n_iter: 430
ct: 1
hue_offset: 331
saturation: -0.28

num_attempts: 278
dur: 607
std: 42.23
size: 1063946 (1.01 MiB)

xmin: -0.5615045648308867
xmax: -0.5475185508448728
ymin: 0.19001882027261008
ymax: 0.19788595313974294

contrast: 1.7
brightness: 0.1
saturation: 1.1
gamma: 1.08
gamma_r: 0.92
gamma_g: 0.91
gamma_b: 0.93
vignette: 30
temp: 7633