tweet_id: 1714895126940545048
masto_id: 111260325671457465
subre_id: Not uploaded, but here's the text: How's your day?  #Nature #Math

n_iter: 412
ct: 255
hue_offset: 160
saturation: -0.86

num_attempts: 383
dur: 605
std: 67.0
size: 1241661 (1.18 MiB)

xmin: -0.5329850011888133
xmax: -0.5260405567443689
ymin: -0.3886353705561072
ymax: -0.3847291205561072

contrast: 0.98
brightness: 0.04
saturation: 0.78
gamma: 0.92
gamma_r: 0.95
gamma_g: 0.93
gamma_b: 1.1
vignette: 26
temp: 3135