tweet_id: 1715731183584133253
masto_id: 111273388963206085
subre_id: Not uploaded, but here's the text: you are awesome.  #Nature #Art

n_iter: 176
ct: 90
hue_offset: 154
saturation: 0.23

num_attempts: 6
dur: 3
std: 21.45
size: 1088963 (1.04 MiB)

xmin: 0.22597013546437594
xmax: 0.32824286273710324
ymin: -1.1886188090858887
ymax: -1.1310903999949795

contrast: 1.19
brightness: -0.05
saturation: 0.26
gamma: 1.05
gamma_r: 1.01
gamma_g: 0.9
gamma_b: 1.01
vignette: -31
temp: 3937