tweet_id: 1714946543181271418
masto_id: 111261128914673871
subre_id: Not uploaded, but here's the text: you are fantastic!  #AI #MachineLearning

n_iter: 277
ct: 34
hue_offset: 291
saturation: -0.8

num_attempts: 10
dur: 6
std: 35.01
size: 1161864 (1.11 MiB)

xmin: -0.9953979795489643
xmax: 0.12960202045103575
ymin: -1.027877892934647
ymax: -0.39506539293464704

contrast: 0.77
brightness: 0.19
saturation: 0.4
gamma: 0.97
gamma_r: 0.93
gamma_g: 0.94
gamma_b: 0.96
vignette: -43
temp: 6903