tweet_id: 1720600326074692040
masto_id: 111349469344193214
subre_id: Not uploaded, but here's the text: Saturday vibes!  #Science #Mathematics

n_iter: 388
ct: 146
hue_offset: 298
saturation: -0.24

num_attempts: 11
dur: 1
std: 38.71
size: 1052364 (1.0 MiB)

xmin: -1.6530287738861063
xmax: -1.1530287738861063
ymin: -0.548758198787904
ymax: -0.267508198787904

contrast: 1.26
brightness: 0.09
saturation: 0.99
gamma: 1.1
gamma_r: 1.09
gamma_g: 1.1
gamma_b: 1.02
vignette: -31
temp: 7531