tweet_id: 1719838646747226169
masto_id: 111337568108504044
subre_id: Not uploaded, but here's the text: Keep smiling!  #Nature #Art

n_iter: 299
ct: 139
hue_offset: 200
saturation: 0.77

num_attempts: 55
dur: 42
std: 33.61
size: 578328 (564.77 KiB)

xmin: -1.1813232449515467
xmax: -1.071567147390571
ymin: -0.42456520643690276
ymax: -0.36282740155885396

contrast: 0.83
brightness: 0.04
saturation: 0.73
gamma: 0.95
gamma_r: 0.94
gamma_g: 1.07
gamma_b: 1.04
vignette: 3
temp: 5122