tweet_id: 1715218618193953119
masto_id: 111265380035887435
subre_id: Not uploaded, but here's the text: Have an awesome day!  #Math #Fractals

n_iter: 485
ct: 137
hue_offset: 22
saturation: -0.45

num_attempts: 33
dur: 14
std: 69.18
size: 1608368 (1.53 MiB)

xmin: -0.19780469030585213
xmax: -0.14224913475029657
ymin: -0.970617978624263
ymax: -0.939367978624263

contrast: 0.96
brightness: -0.06
saturation: 0.68
gamma: 0.97
gamma_r: 1.06
gamma_g: 1.06
gamma_b: 0.96
vignette: -28
temp: 2291