tweet_id: 1721776071069085733
masto_id: 111367840268673345
subre_id: Not uploaded, but here's the text: Chin up, lovely humans!  #Programming #VisualArt

n_iter: 707
ct: 102
hue_offset: 206
saturation: 0.33

num_attempts: 4
dur: 3
std: 48.35
size: 1468769 (1.4 MiB)

xmin: -0.10843799356250727
xmax: -0.1068424610535324
ymin: -0.9016459017345986
ymax: -0.9007484146983002

contrast: 1.45
brightness: 0.1
saturation: 0.88
gamma: 1.01
gamma_r: 0.98
gamma_g: 0.94
gamma_b: 0.96
vignette: -43
temp: 3848