tweet_id: 1715542979035721905
masto_id: 111270448176164412
subre_id: Not uploaded, but here's the text: Wishing you a rad Saturday!  #Science #Art

n_iter: 322
ct: 255
hue_offset: 235
saturation: 0.5

num_attempts: 511
dur: 600
std: 64.96
size: 942765 (920.67 KiB)

xmin: -0.5476821747468106
xmax: -0.5430897522439403
ymin: 0.23566070176611187
ymax: 0.2382439394239764

contrast: 1.1
brightness: 0.08
saturation: 0.75
gamma: 1.09
gamma_r: 1.04
gamma_g: 1.08
gamma_b: 1.1
vignette: -4
temp: 3171