tweet_id: 1719817039341113511
masto_id: 111337230362897859
subre_id: Not uploaded, but here's the text: Chin up, lovely humans!  #DeepLearning #Nature

n_iter: 457
ct: 1
hue_offset: 13
saturation: 0.58

num_attempts: 331
dur: 604
std: 55.46
size: 700447 (684.03 KiB)

xmin: -0.19489450551939247
xmax: -0.18918837142524125
ymin: 0.8875341759254844
ymax: 0.8907438763534445

contrast: 1.2
brightness: 0.18
saturation: 0.67
gamma: 1.05
gamma_r: 0.92
gamma_g: 0.92
gamma_b: 1.06
vignette: 27
temp: 6761