tweet_id: 1716344857629712827
masto_id: 111282977687188327
subre_id: Not uploaded, but here's the text: Hey wait, look! it's Multibrot!  #Math #Nature

n_iter: 601
ct: 255
hue_offset: 198
saturation: 0.56

num_attempts: 233
dur: 600
std: 67.38
size: 883667 (862.96 KiB)

xmin: -0.6369032257016152
xmax: -0.6324389399873295
ymin: 0.498321930723179
ymax: 0.5008330914374647

contrast: 0.92
brightness: 0.04
saturation: 1.41
gamma: 0.96
gamma_r: 1.0
gamma_g: 1.09
gamma_b: 1.04
vignette: -7
temp: 4257