tweet_id: 1721170991399805292
masto_id: 111358386103248842
subre_id: Not uploaded, but here's the text: Feeling good today!  #DeepLearning #Mathematics

n_iter: 158
ct: 84
hue_offset: 269
saturation: 0.32

num_attempts: 99
dur: 19
std: 21.76
size: 299063 (292.05 KiB)

xmin: -0.7299533059863217
xmax: -0.5870961631291789
ymin: 0.36225002153461094
ymax: 0.4426071643917538

contrast: 1.68
brightness: 0.02
saturation: 1.32
gamma: 0.97
gamma_r: 0.91
gamma_g: 1.04
gamma_b: 0.9
vignette: 0
temp: 3858