tweet_id: 1716913541859758556
masto_id: 111291863236388481
subre_id: Not uploaded, but here's the text: Chin up, buttercup!  #Fractals #DigitalArt

n_iter: 136
ct: 176
hue_offset: 290
saturation: -0.1

num_attempts: 380
dur: 165
std: 48.73
size: 382913 (373.94 KiB)

xmin: 0.36725239649997565
xmax: 0.36797376710412355
ymin: 0.09488297448463912
ymax: 0.0952887454494723

contrast: 1.04
brightness: 0.13
saturation: 1.14
gamma: 0.9
gamma_r: 1.01
gamma_g: 0.98
gamma_b: 0.92
vignette: -5
temp: 6517