tweet_id: 1715164587392225307
masto_id: 111264535874188498
subre_id: Not uploaded, but here's the text: Keep smiling!  #MachineLearning #Nature

n_iter: 343
ct: 96
hue_offset: 98
saturation: 0.19

num_attempts: 10
dur: 5
std: 21.72
size: 549213 (536.34 KiB)

xmin: -2.3340124704915723
xmax: -0.08401247049157234
ymin: -1.929373008240638
ymax: -0.663748008240638

contrast: 0.88
brightness: 0.14
saturation: 1.52
gamma: 1.03
gamma_r: 1.06
gamma_g: 0.96
gamma_b: 1.05
vignette: -12
temp: 5664