tweet_id: 1716988249791680933
masto_id: 111293030594604736
subre_id: Not uploaded, but here's the text: Feeling good today!  #AI #Science

n_iter: 291
ct: 155
hue_offset: 285
saturation: 0.29

num_attempts: 27
dur: 20
std: 17.76
size: 956361 (933.95 KiB)

xmin: -0.5719521197509492
xmax: -0.5706597126427101
ymin: 0.5717606283299106
ymax: 0.5724876073282951

contrast: 1.59
brightness: 0.18
saturation: 0.64
gamma: 0.93
gamma_r: 0.95
gamma_g: 1.06
gamma_b: 1.1
vignette: -22
temp: 5370