tweet_id: 1714472104391753739
masto_id: 111253715828820751
subre_id: Not uploaded, but here's the text: Wednesday vibes!  #AI #Nature

n_iter: 632
ct: 255
hue_offset: 182
saturation: 0.32

num_attempts: 288
dur: 606
std: 70.24
size: 1367546 (1.3 MiB)

xmin: 0.5468531212937884
xmax: 0.5563543089422445
ymin: -0.2113319644886249
ymax: -0.20598754643636838

contrast: 0.75
brightness: 0.14
saturation: 0.76
gamma: 1.03
gamma_r: 1.1
gamma_g: 1.04
gamma_b: 1.01
vignette: -35
temp: 3316