tweet_id: 1718964471069118692
masto_id: 111323908978265248
subre_id: Not uploaded, but here's the text: Wishing you a fantastic day!  #DeepLearning #Math

n_iter: 461
ct: 121
hue_offset: 127
saturation: 0.23

num_attempts: 7
dur: 8
std: 71.05
size: 1910997 (1.82 MiB)

xmin: -1.311818850708263
xmax: -1.2588776742376748
ymin: -0.3453847949416846
ymax: -0.3156053831769787

contrast: 1.71
brightness: 0.18
saturation: 1.59
gamma: 1.07
gamma_r: 1.02
gamma_g: 0.96
gamma_b: 0.92
vignette: 22
temp: 3469