tweet_id: 1720929950318866548
masto_id: 111354619628379205
subre_id: Not uploaded, but here's the text: Happy Saturday!  #AI #Fractals

n_iter: 988
ct: 92
hue_offset: 8
saturation: -0.68

num_attempts: 17
dur: 9
std: 15.39
size: 763176 (745.29 KiB)

xmin: -2.75
xmax: 1.25
ymin: -1.1230675899849145
ymax: 1.1269324100150855

contrast: 1.08
brightness: -0.06
saturation: 1.17
gamma: 1.09
gamma_r: 0.94
gamma_g: 1.09
gamma_b: 0.93
vignette: 26
temp: 6516