tweet_id: 1716790227338223833
masto_id: 111289936364404837
subre_id: Not uploaded, but here's the text: you're awesome!  #Art #DigitalArt

n_iter: 297
ct: 57
hue_offset: 2
saturation: -0.63

num_attempts: 46
dur: 37
std: 49.86
size: 1340007 (1.28 MiB)

xmin: -0.7711969441744162
xmax: -0.7188713627790674
ymin: -0.8872067934054859
ymax: -0.8577736538706022

contrast: 1.75
brightness: 0.03
saturation: 0.81
gamma: 0.93
gamma_r: 0.91
gamma_g: 1.0
gamma_b: 1.09
vignette: -30
temp: 6430