tweet_id: 1721704907500060673
masto_id: 111366728260303472
subre_id: Not uploaded, but here's the text: Happy Tuesday!  #DigitalArt #MachineLearning

n_iter: 422
ct: 255
hue_offset: 221
saturation: 0.88

num_attempts: 580
dur: 603
std: 69.94
size: 731989 (714.83 KiB)

xmin: -0.2776212891256451
xmax: -0.2729374483762306
ymin: 0.698992460843169
ymax: 0.7016271212647147

contrast: 1.76
brightness: -0.1
saturation: 1.28
gamma: 1.01
gamma_r: 0.97
gamma_g: 1.01
gamma_b: 0.97
vignette: 31
temp: 4207