tweet_id: 1721257982703350058
masto_id: 111359745112104960
subre_id: Not uploaded, but here's the text: Smile on this lovely day!  #Art #VisualArt

n_iter: 375
ct: 205
hue_offset: 299
saturation: -0.26

num_attempts: 8
dur: 10
std: 44.38
size: 2118953 (2.02 MiB)

xmin: 0.635872214045567
xmax: 0.6894436426169956
ymin: -1.2491542433229006
ymax: -1.219020314751472

contrast: 1.01
brightness: 0.02
saturation: 0.83
gamma: 0.98
gamma_r: 0.99
gamma_g: 1.09
gamma_b: 1.03
vignette: -38
temp: 7398