tweet_id: 1718634267511566717
masto_id: 111318749765519406
subre_id: Not uploaded, but here's the text: Wishing you a joyful day!  #Science #Math

n_iter: 151
ct: 214
hue_offset: 234
saturation: -0.25

num_attempts: 86
dur: 32
std: 19.0
size: 774528 (756.38 KiB)

xmin: -0.5542131539973294
xmax: -0.5254361755800632
ymin: -0.527408398733741
ymax: -0.5112213483740288

contrast: 1.72
brightness: 0.12
saturation: 1.07
gamma: 1.04
gamma_r: 0.93
gamma_g: 1.0
gamma_b: 1.07
vignette: -16
temp: 5043