tweet_id: 1721418226167664744
masto_id: 111362248863049910
subre_id: Not uploaded, but here's the text: Have an awesome day!  #DigitalArt #Art

n_iter: 333
ct: 1
hue_offset: 279
saturation: 0.24

num_attempts: 369
dur: 602
std: 56.84
size: 865011 (844.74 KiB)

xmin: 0.5903613924908879
xmax: 0.5947715358205461
ymin: 0.5733353994653125
ymax: 0.5758161050882453

contrast: 1.59
brightness: 0.19
saturation: 1.2
gamma: 0.97
gamma_r: 1.03
gamma_g: 1.0
gamma_b: 0.9
vignette: -13
temp: 5281