tweet_id: 1715852050054184994
masto_id: 111275277383287563
subre_id: Not uploaded, but here's the text: Smile, it's Saturday!  #DeepLearning #DigitalArt

n_iter: 203
ct: 74
hue_offset: 249
saturation: -0.05

num_attempts: 2
dur: 0
std: 21.3
size: 1908491 (1.82 MiB)

xmin: -0.7081722847584484
xmax: -0.6163355500645709
ymin: -1.0181349008616545
ymax: -0.9664767375963483

contrast: 1.24
brightness: -0.06
saturation: 1.13
gamma: 1.01
gamma_r: 0.95
gamma_g: 1.0
gamma_b: 1.04
vignette: -22
temp: 5798