tweet_id: 1714532939130921010
masto_id: 111254666418010381
subre_id: Not uploaded, but here's the text: Wishing you the best!  #Art #Science

n_iter: 480
ct: 1
hue_offset: 177
saturation: -0.3

num_attempts: 285
dur: 607
std: 60.62
size: 1458182 (1.39 MiB)

xmin: 0.36983922156831417
xmax: 0.387696364425457
ymin: -0.6464754179937457
ymax: -0.6364307751366028

contrast: 1.46
brightness: 0.14
saturation: 1.66
gamma: 1.04
gamma_r: 1.0
gamma_g: 0.99
gamma_b: 0.96
vignette: -42
temp: 3951