tweet_id: 1721197809037185481
masto_id: 111358804849570379
subre_id: Not uploaded, but here's the text: Smile!  #Art #AI

n_iter: 284
ct: 16
hue_offset: 112
saturation: 0.69

num_attempts: 17
dur: 8
std: 38.88
size: 2246095 (2.14 MiB)

xmin: -1.4655172245590633
xmax: -1.4078249168667556
ymin: -0.2692328556010428
ymax: -0.23678093252411975

contrast: 1.67
brightness: 0.04
saturation: 0.57
gamma: 0.95
gamma_r: 1.02
gamma_g: 0.97
gamma_b: 0.92
vignette: -36
temp: 4312