tweet_id: 1715489808406008299
masto_id: 111269617445743383
subre_id: Not uploaded, but here's the text: Have an awesome day!  #Nature #Fractals

n_iter: 406
ct: 224
hue_offset: 116
saturation: 0.55

num_attempts: 5
dur: 5
std: 23.81
size: 453789 (443.15 KiB)

xmin: -0.09101777351397544
xmax: -0.019589202085404017
ymin: 0.2568674834054785
ymax: 0.2970460548340499

contrast: 1.33
brightness: 0.15
saturation: 0.32
gamma: 0.92
gamma_r: 1.1
gamma_g: 0.99
gamma_b: 0.91
vignette: -41
temp: 2050