tweet_id: 1714554659396846024
masto_id: 111255005574441121
subre_id: Not uploaded, but here's the text: you're awesome!  #Science #Art

n_iter: 493
ct: 197
hue_offset: 22
saturation: 0.88

num_attempts: 78
dur: 63
std: 25.03
size: 163946 (160.1 KiB)

xmin: -2.4820632897410286
xmax: -0.23206328974102863
ymin: -0.7878944210307093
ymax: 0.4777305789692907

contrast: 1.68
brightness: -0.03
saturation: 0.82
gamma: 0.96
gamma_r: 1.04
gamma_g: 1.02
gamma_b: 1.1
vignette: 18
temp: 2234