tweet_id: 1717431620498858267
masto_id: 111299958236737421
subre_id: Not uploaded, but here's the text: How's your day?  #DigitalArt #Nature

n_iter: 566
ct: 1
hue_offset: 104
saturation: 0.47

num_attempts: 242
dur: 607
std: 75.57
size: 973004 (950.2 KiB)

xmin: -0.4466209758448294
xmax: -0.4270131327075745
ymin: -0.5755417555127266
ymax: -0.5645123437480207

contrast: 1.24
brightness: 0.12
saturation: 1.64
gamma: 1.09
gamma_r: 0.93
gamma_g: 1.03
gamma_b: 1.08
vignette: 8
temp: 3741