tweet_id: 1720744564900900981
masto_id: 111351722898298506
subre_id: Not uploaded, but here's the text: Cheers to a fantastic Saturday!  #Math #Nature

n_iter: 253
ct: 241
hue_offset: 100
saturation: -0.69

num_attempts: 40
dur: 28
std: 34.59
size: 1892192 (1.8 MiB)

xmin: -1.4566399371099767
xmax: -1.4030685085385481
ymin: -0.27115478107156
ymax: -0.24102085250013142

contrast: 1.32
brightness: 0.11
saturation: 1.37
gamma: 1.03
gamma_r: 0.94
gamma_g: 1.03
gamma_b: 1.01
vignette: 18
temp: 6127