tweet_id: 1716438901559091369
masto_id: 111284446938881246
subre_id: Not uploaded, but here's the text: Keep smiling!  #VisualArt #Fractals

n_iter: 350
ct: 255
hue_offset: 109
saturation: -0.11

num_attempts: 468
dur: 603
std: 50.92
size: 541027 (528.35 KiB)

xmin: -0.5102716453248723
xmax: -0.49900403969106955
ymin: 0.4577762576944886
ymax: 0.4641142858635027

contrast: 0.95
brightness: 0.19
saturation: 1.34
gamma: 0.94
gamma_r: 1.0
gamma_g: 1.0
gamma_b: 0.93
vignette: 3
temp: 5616