tweet_id: 1714456642576601163
masto_id: 111253474184555042
subre_id: Not uploaded, but here's the text: Have a great day!  #Fractals #Nature

n_iter: 388
ct: 255
hue_offset: 16
saturation: -0.44

num_attempts: 330
dur: 605
std: 64.81
size: 1270012 (1.21 MiB)

xmin: 0.4167275811798472
xmax: 0.4237328351203026
ymin: 0.6081907533224564
ymax: 0.6121312086639625

contrast: 0.71
brightness: -0.05
saturation: 1.64
gamma: 1.06
gamma_r: 1.05
gamma_g: 1.04
gamma_b: 0.98
vignette: -22
temp: 3027