tweet_id: 1716128871404224855
masto_id: 111279602819558421
subre_id: Not uploaded, but here's the text: Cheers to an incredible Sunday!  #AI #Math

n_iter: 480
ct: 41
hue_offset: 243
saturation: -0.27

num_attempts: 57
dur: 27
std: 77.36
size: 873251 (852.78 KiB)

xmin: 0.374227191175188
xmax: 0.37535268357811424
ymin: 0.2198161339400111
ymax: 0.22044922341665713

contrast: 0.88
brightness: 0.13
saturation: 0.86
gamma: 1.04
gamma_r: 1.03
gamma_g: 0.92
gamma_b: 0.97
vignette: -38
temp: 5728