tweet_id: 1717717604930879848
masto_id: 111304426803315489
subre_id: Not uploaded, but here's the text: Smile!  #DigitalArt #Mathematics

n_iter: 476
ct: 255
hue_offset: 191
saturation: 0.59

num_attempts: 357
dur: 609
std: 76.24
size: 849955 (830.03 KiB)

xmin: 0.2704797591422392
xmax: 0.27811334692849876
ymin: -0.7103199460180785
ymax: -0.7060260528883074

contrast: 0.77
brightness: 0.04
saturation: 0.49
gamma: 1.08
gamma_r: 1.07
gamma_g: 1.0
gamma_b: 0.92
vignette: -3
temp: 7980