tweet_id: 1716884445666443503
masto_id: 111291408576315630
subre_id: Not uploaded, but here's the text: Tuesday vibes!  #Nature #Science

n_iter: 651
ct: 49
hue_offset: 20
saturation: 0.21

num_attempts: 62
dur: 121
std: 109.74
size: 1680904 (1.6 MiB)

xmin: -0.6743182530898779
xmax: -0.6738850244534651
ymin: -0.3182182452379875
ymax: -0.31797455413000525

contrast: 1.42
brightness: 0.1
saturation: 1.72
gamma: 0.94
gamma_r: 0.9
gamma_g: 1.01
gamma_b: 0.96
vignette: 29
temp: 4662