tweet_id: 1721654727459447286
masto_id: 111365944278759966
subre_id: Not uploaded, but here's the text: Let's rock this Monday!  #Science #MachineLearning

n_iter: 999
ct: 106
hue_offset: 0
saturation: 0.91

num_attempts: 7
dur: 5
std: 45.2
size: 910840 (889.49 KiB)

xmin: -1.0655590239389592
xmax: -0.8155590239389592
ymin: -0.3600895026352673
ymax: -0.2194645026352673

contrast: 1.01
brightness: 0.12
saturation: 1.27
gamma: 1.02
gamma_r: 1.09
gamma_g: 0.95
gamma_b: 0.97
vignette: -8
temp: 7350