tweet_id: 1717158723850805656
masto_id: 111295694175806407
subre_id: Not uploaded, but here's the text: How's your day?  #Nature #Art

n_iter: 603
ct: 206
hue_offset: 262
saturation: 0.65

num_attempts: 8
dur: 13
std: 112.41
size: 1390229 (1.33 MiB)

xmin: -0.3969738577197419
xmax: -0.3946291918346305
ymin: 0.5845694991260264
ymax: 0.5858883736864016

contrast: 0.91
brightness: 0.01
saturation: 0.76
gamma: 0.93
gamma_r: 0.92
gamma_g: 1.02
gamma_b: 1.02
vignette: 17
temp: 3231