tweet_id: 1720572001188786511
masto_id: 111349026642064366
subre_id: Not uploaded, but here's the text: you are cool  #Mathematics #Fractals

n_iter: 273
ct: 255
hue_offset: 4
saturation: -0.82

num_attempts: 735
dur: 601
std: 43.06
size: 968888 (946.18 KiB)

xmin: -0.6201601669761991
xmax: -0.6120630009842963
ymin: 0.5033608327550994
ymax: 0.5079154886255447

contrast: 1.01
brightness: -0.09
saturation: 0.35
gamma: 1.01
gamma_r: 1.06
gamma_g: 1.09
gamma_b: 0.97
vignette: -11
temp: 3924