tweet_id: 1715249040860794889
masto_id: 111265855423556036
subre_id: Not uploaded, but here's the text: Brighten your Friday!  #Programming #AI

n_iter: 279
ct: 104
hue_offset: 158
saturation: 0.83

num_attempts: 2
dur: 2
std: 39.77
size: 858372 (838.25 KiB)

xmin: 0.2661552141970933
xmax: 0.4804409284828076
ymin: -1.1796761368641193
ymax: -1.0591404225784051

contrast: 1.68
brightness: 0.01
saturation: 1.45
gamma: 1.08
gamma_r: 1.04
gamma_g: 1.06
gamma_b: 1.1
vignette: 18
temp: 3221