tweet_id: 1715860963520348339
masto_id: 111275416617399100
subre_id: Not uploaded, but here's the text: You are lovely!  #Fractals #DeepLearning

n_iter: 601
ct: 255
hue_offset: 5
saturation: -0.03

num_attempts: 260
dur: 608
std: 68.28
size: 392988 (383.78 KiB)

xmin: 0.12803553565314063
xmax: 0.13208411864909206
ymin: 1.1154601143737426
ymax: 1.1177374423089652

contrast: 1.24
brightness: 0.01
saturation: 1.05
gamma: 1.0
gamma_r: 1.0
gamma_g: 1.09
gamma_b: 0.95
vignette: -41
temp: 6756