tweet_id: 1718249498206765313
masto_id: 111312737558906465
subre_id: Not uploaded, but here's the text: Have an awesome day!  #Nature #Programming

n_iter: 455
ct: 255
hue_offset: 87
saturation: -0.8

num_attempts: 293
dur: 608
std: 74.39
size: 646087 (630.94 KiB)

xmin: 0.5349451903533717
xmax: 0.5401807924476125
ymin: -0.38192408288740487
ymax: -0.3789790567093944

contrast: 1.29
brightness: 0.05
saturation: 1.37
gamma: 0.97
gamma_r: 0.99
gamma_g: 0.91
gamma_b: 0.97
vignette: -43
temp: 5739