tweet_id: 1719887374165897661
masto_id: 111338329245083601
subre_id: Not uploaded, but here's the text: Wishing you the best!  #Art #Fractals

n_iter: 203
ct: 130
hue_offset: 106
saturation: -0.0

num_attempts: 32
dur: 7
std: 40.76
size: 58796 (57.42 KiB)

xmin: -0.20957048320763771
xmax: -0.20916931983385373
ymin: 0.8164312083391412
ymax: 0.8166568627368946

contrast: 1.4
brightness: 0.04
saturation: 1.0
gamma: 1.01
gamma_r: 0.9
gamma_g: 1.0
gamma_b: 0.93
vignette: -19
temp: 6593