tweet_id: 1719904261897642269
masto_id: 111338593328084296
subre_id: Not uploaded, but here's the text: you are cool  #Fractals #Mathematics

n_iter: 351
ct: 230
hue_offset: 170
saturation: 0.49

num_attempts: 85
dur: 61
std: 87.42
size: 1006259 (982.67 KiB)

xmin: -0.7355682939673196
xmax: -0.7348952332235875
ymin: 0.14249947465288804
ymax: 0.14287807132123737

contrast: 0.8
brightness: 0.11
saturation: 1.5
gamma: 0.95
gamma_r: 0.93
gamma_g: 1.04
gamma_b: 0.92
vignette: 29
temp: 4253