tweet_id: 1719722212385599989
masto_id: 111335748782850328
subre_id: Not uploaded, but here's the text: Have a great day!  #Mathematics #Science

n_iter: 299
ct: 237
hue_offset: 316
saturation: -0.43

num_attempts: 98
dur: 66
std: 51.5
size: 811556 (792.54 KiB)

xmin: -0.7138436251391047
xmax: -0.6764604475690112
ymin: 0.28627509660497097
ymax: 0.3073031339881485

contrast: 0.86
brightness: -0.0
saturation: 1.34
gamma: 1.0
gamma_r: 0.99
gamma_g: 0.9
gamma_b: 1.07
vignette: -3
temp: 7497