tweet_id: 1715067737737965783
masto_id: 111263022679893987
subre_id: Not uploaded, but here's the text: Have a great day!  #Science #DigitalArt

n_iter: 425
ct: 44
hue_offset: 106
saturation: -0.35

num_attempts: 10
dur: 3
std: 32.26
size: 658338 (642.91 KiB)

xmin: -2.0049805534612135
xmax: -0.5049805534612135
ymin: -1.243279105492714
ymax: -0.3995291054927139

contrast: 0.99
brightness: -0.03
saturation: 1.34
gamma: 1.05
gamma_r: 0.95
gamma_g: 1.04
gamma_b: 0.99
vignette: -3
temp: 4891