tweet_id: 1718388697870029070
masto_id: 111314912638158341
subre_id: Not uploaded, but here's the text: Saturday vibes!  #Science #Art

n_iter: 306
ct: 215
hue_offset: 158
saturation: -0.52

num_attempts: 9
dur: 9
std: 36.3
size: 726910 (709.87 KiB)

xmin: -1.5744698865671873
xmax: -1.0119698865671873
ymin: -0.5609986658612371
ymax: -0.24459241586123714

contrast: 1.37
brightness: 0.1
saturation: 0.91
gamma: 0.92
gamma_r: 0.99
gamma_g: 1.09
gamma_b: 0.92
vignette: 6
temp: 5219