tweet_id: 1716577012771627094
masto_id: 111286604940105581
subre_id: Not uploaded, but here's the text: Let's rock this Monday!  #Programming #Science

n_iter: 220
ct: 181
hue_offset: 212
saturation: -0.65

num_attempts: 42
dur: 16
std: 37.02
size: 1316488 (1.26 MiB)

xmin: -0.111181611699942
xmax: -0.008908884427214728
ymin: -1.0839799971647732
ymax: -1.026451588073864

contrast: 0.8
brightness: 0.01
saturation: 0.79
gamma: 1.09
gamma_r: 1.04
gamma_g: 0.96
gamma_b: 1.01
vignette: -5
temp: 3886