tweet_id: 1714558516097089636
masto_id: 111255066087931847
subre_id: Not uploaded, but here's the text: Feeling the Mandelbrot Set vibes today!  #AI #Art

n_iter: 287
ct: 17
hue_offset: 37
saturation: 0.21

num_attempts: 41
dur: 18
std: 38.24
size: 1083709 (1.03 MiB)

xmin: -0.36738966948056495
xmax: -0.36698229602094584
ymin: 0.6433854251774611
ymax: 0.6436145727484969

contrast: 1.68
brightness: 0.17
saturation: 0.77
gamma: 1.0
gamma_r: 0.98
gamma_g: 0.99
gamma_b: 1.02
vignette: -5
temp: 4857