tweet_id: 1717887854586609862
masto_id: 111307086869043765
subre_id: Not uploaded, but here's the text: Hope your Friday is awesome!  #Nature #Art

n_iter: 283
ct: 255
hue_offset: 93
saturation: -0.36

num_attempts: 531
dur: 603
std: 50.49
size: 518992 (506.83 KiB)

xmin: 0.20543011408569845
xmax: 0.21149991681710967
ymin: -0.9583220485232496
ymax: -0.9549077844868308

contrast: 1.62
brightness: -0.04
saturation: 1.31
gamma: 1.03
gamma_r: 1.03
gamma_g: 0.98
gamma_b: 0.93
vignette: -3
temp: 2386