tweet_id: 1717574126683226289
masto_id: FAIL
subre_id: Not uploaded, but here's the text: Another Thursday, another Burning Ship!  #Nature #AI

n_iter: 186
ct: 188
hue_offset: 148
saturation: 0.88

num_attempts: 37
dur: 16
std: 34.89
size: 937127 (915.16 KiB)

xmin: 0.6132068064542153
xmax: 0.7032068064542153
ymin: -1.1746573753584282
ymax: -1.1240323753584283

contrast: 1.65
brightness: 0.05
saturation: 1.09
gamma: 1.02
gamma_r: 0.92
gamma_g: 0.99
gamma_b: 1.09
vignette: 25
temp: 4584