tweet_id: 1716427851186983228
masto_id: 111284274241218600
subre_id: Not uploaded, but here's the text: Monday vibes!  #Math #Science

n_iter: 308
ct: 239
hue_offset: 238
saturation: 0.66

num_attempts: 34
dur: 22
std: 46.25
size: 2129636 (2.03 MiB)

xmin: -0.28859895284405246
xmax: -0.19484895284405246
ymin: -1.0120700033173853
ymax: -0.9593356283173853

contrast: 1.58
brightness: 0.22
saturation: 0.71
gamma: 0.92
gamma_r: 0.95
gamma_g: 0.95
gamma_b: 0.96
vignette: -14
temp: 7916