tweet_id: 1718298662860632184
masto_id: 111313505758423028
subre_id: Not uploaded, but here's the text: you are cool  #Fractals #Art

n_iter: 207
ct: 181
hue_offset: 8
saturation: 0.26

num_attempts: 45
dur: 19
std: 36.25
size: 1822753 (1.74 MiB)

xmin: -0.7782511067310796
xmax: -0.573705652185625
ymin: -0.7897014286127022
ymax: -0.674644610430884

contrast: 1.76
brightness: 0.03
saturation: 1.7
gamma: 0.99
gamma_r: 1.06
gamma_g: 1.05
gamma_b: 0.95
vignette: -46
temp: 4532