tweet_id: 1717905727761653936
masto_id: 111307366256804886
subre_id: Not uploaded, but here's the text: Having a blast on Friday?  #Art #AI

n_iter: 242
ct: 102
hue_offset: 143
saturation: -0.76

num_attempts: 21
dur: 13
std: 21.62
size: 886070 (865.3 KiB)

xmin: 0.5658062313932977
xmax: 1.0158062313932976
ymin: -1.183707212031122
ymax: -0.930582212031122

contrast: 1.21
brightness: -0.07
saturation: 0.45
gamma: 0.99
gamma_r: 1.03
gamma_g: 1.02
gamma_b: 1.0
vignette: -45
temp: 4713