tweet_id: 1720684555282297290
masto_id: 111350785321262222
subre_id: Not uploaded, but here's the text: Hey there, it's Saturday!  #VisualArt #Programming

n_iter: 211
ct: 30
hue_offset: 13
saturation: -0.58

num_attempts: 4
dur: 1
std: 20.02
size: 1869097 (1.78 MiB)

xmin: -1.0644500326642596
xmax: -1.0160629358900661
ymin: -0.7099173467111557
ymax: -0.6826996047756718

contrast: 1.12
brightness: 0.12
saturation: 0.72
gamma: 1.1
gamma_r: 0.94
gamma_g: 1.04
gamma_b: 1.04
vignette: 17
temp: 7549