tweet_id: 1714680014367502438
masto_id: 111256964386651533
subre_id: Not uploaded, but here's the text: You are lovely!  #Math #VisualArt

n_iter: 1023
ct: 206
hue_offset: 237
saturation: 0.89

num_attempts: 6
dur: 12
std: 101.51
size: 739184 (721.86 KiB)

xmin: -0.15622846898934517
xmax: -0.13821045097132714
ymin: 0.8367980636860677
ymax: 0.8469331988212028

contrast: 0.94
brightness: -0.04
saturation: 0.3
gamma: 0.91
gamma_r: 1.09
gamma_g: 1.01
gamma_b: 1.04
vignette: -2
temp: 5045