tweet_id: 1719787163074871662
masto_id: 111336763690697176
subre_id: Not uploaded, but here's the text: How was your day?  #Art #Math

n_iter: 473
ct: 255
hue_offset: 106
saturation: 0.42

num_attempts: 359
dur: 604
std: 68.89
size: 420405 (410.55 KiB)

xmin: 0.5232385288723322
xmax: 0.5315201023712971
ymin: -0.41720710016237805
ymax: -0.41254871506921037

contrast: 1.18
brightness: 0.1
saturation: 0.26
gamma: 0.98
gamma_r: 0.97
gamma_g: 0.92
gamma_b: 1.09
vignette: -4
temp: 5984