tweet_id: 1716277412055462140
masto_id: 111281923885285370
subre_id: Not uploaded, but here's the text: Let's make it a memorable Monday!  #Art #Math

n_iter: 469
ct: 129
hue_offset: 175
saturation: 0.51

num_attempts: 7
dur: 8
std: 52.77
size: 1272651 (1.21 MiB)

xmin: -1.3708763001672295
xmax: -0.8083763001672295
ymin: -0.6148011243832863
ymax: -0.29839487438328627

contrast: 0.92
brightness: 0.14
saturation: 1.64
gamma: 0.96
gamma_r: 0.98
gamma_g: 0.93
gamma_b: 1.05
vignette: -44
temp: 7130