tweet_id: 1715196787206865233
masto_id: 111265038902565884
subre_id: Not uploaded, but here's the text: Cheers to an incredible Friday!  #Fractals #AI

n_iter: 281
ct: 255
hue_offset: 22
saturation: 0.31

num_attempts: 569
dur: 603
std: 47.13
size: 687602 (671.49 KiB)

xmin: -0.6012866298202453
xmax: -0.5956843889238868
ymin: 0.24192043895966364
ymax: 0.2450716994638653

contrast: 1.34
brightness: 0.03
saturation: 0.48
gamma: 0.95
gamma_r: 0.97
gamma_g: 1.01
gamma_b: 1.1
vignette: -8
temp: 2443