tweet_id: 1718805325527093423
masto_id: 111321422316318467
subre_id: Not uploaded, but here's the text: you are cool  #DigitalArt #Mathematics

n_iter: 322
ct: 255
hue_offset: 217
saturation: -0.42

num_attempts: 400
dur: 608
std: 38.64
size: 244580 (238.85 KiB)

xmin: -0.49012750424906315
xmax: -0.4853993718613563
ymin: -0.4871469008908855
ymax: -0.4844873264228004

contrast: 1.58
brightness: 0.04
saturation: 1.06
gamma: 0.97
gamma_r: 1.02
gamma_g: 0.93
gamma_b: 0.97
vignette: -16
temp: 7525