tweet_id: 1716546792165134558
masto_id: 111286132998033864
subre_id: Not uploaded, but here's the text: Happy Monday!  #Math #Science

n_iter: 467
ct: 239
hue_offset: 139
saturation: 0.06

num_attempts: 21
dur: 17
std: 40.41
size: 986532 (963.41 KiB)

xmin: -0.6518405926111182
xmax: 0.8481594073888818
ymin: -1.5345472485978688
ymax: -0.6907972485978688

contrast: 0.74
brightness: 0.12
saturation: 0.68
gamma: 1.07
gamma_r: 1.04
gamma_g: 0.98
gamma_b: 1.04
vignette: -38
temp: 5766