tweet_id: 1715526610001039777
masto_id: 111270192397370361
subre_id: Not uploaded, but here's the text: Have an awesome day!  #Mathematics #Math

n_iter: 414
ct: 112
hue_offset: 7
saturation: 0.01

num_attempts: 5
dur: 2
std: 56.35
size: 1566727 (1.49 MiB)

xmin: -0.6159317169936802
xmax: -0.2068408079027711
ymin: -1.1149325200114877
ymax: -0.8848188836478513

contrast: 1.27
brightness: 0.01
saturation: 1.09
gamma: 1.04
gamma_r: 0.95
gamma_g: 0.95
gamma_b: 1.06
vignette: -45
temp: 3305