tweet_id: 1718814362268324198
masto_id: 111321563588170540
subre_id: Not uploaded, but here's the text: you are cool  #Science #Math

n_iter: 317
ct: 101
hue_offset: 317
saturation: -0.15

num_attempts: 32
dur: 34
std: 51.75
size: 1935680 (1.85 MiB)

xmin: -0.25922996222001693
xmax: -0.18295877577933894
ymin: -0.9835468211499541
ymax: -0.9406442787770727

contrast: 1.35
brightness: -0.08
saturation: 1.7
gamma: 0.9
gamma_r: 1.01
gamma_g: 1.09
gamma_b: 1.06
vignette: 16
temp: 4056