tweet_id: 1741469801527075006
masto_id: 111675554759513282
subre_id: Not uploaded, but here's the text: Sunday vibes!  #DeepLearning #AI #Nature

n_iter: 507
ct: 1
hue_offset: 314
saturation: 0.34

num_attempts: 505
dur: 605
std: 84.97
size: 753602 (735.94 KiB)

xmin: 0.45754800867286916
xmax: 0.46301996489721936
ymin: -0.5359610799988926
ymax: -0.5328831046226956

contrast: 1.79
brightness: -0.1
saturation: 0.55
gamma: 1.07
gamma_r: 1.06
gamma_g: 1.06
gamma_b: 1.09
vignette: -12
temp: 7387