tweet_id: 1741500621612814759
masto_id: 111676036343663985
subre_id: Not uploaded, but here's the text: Smile, it's Sunday!  #AI #MultiModal #Nature

n_iter: 476
ct: 1
hue_offset: 51
saturation: 0.32

num_attempts: 434
dur: 600
std: 83.31
size: 1314114 (1.25 MiB)

xmin: -0.28531747863439016
xmax: -0.2749815613217287
ymin: -0.7053473169211038
ymax: -0.6995333634327316

contrast: 1.03
brightness: 0.09
saturation: 0.31
gamma: 1.09
gamma_r: 0.99
gamma_g: 1.01
gamma_b: 0.94
vignette: -21
temp: 7059