tweet_id: 1744662245970198837
masto_id: 111725436765153240
subre_id: Not uploaded, but here's the text: Have a great day!  #Fractals #VisualArt

n_iter: 451
ct: 112
hue_offset: 296
saturation: 0.67

num_attempts: 7
dur: 1
std: 47.49
size: 1027463 (1003.38 KiB)

xmin: 0.7227557513768117
xmax: 0.8076614117541702
ymin: -1.1323152437487183
ymax: -1.084555809786454

contrast: 1.17
brightness: 0.08
saturation: 0.67
gamma: 1.1
gamma_r: 0.9
gamma_g: 0.94
gamma_b: 1.03
vignette: -46
temp: 2279