tweet_id: 1744994911982911695
masto_id: 111730634652978975
subre_id: Not uploaded, but here's the text: Smile on this lovely day!  #AI #Nature

n_iter: 284
ct: 62
hue_offset: 249
saturation: 0.83

num_attempts: 17
dur: 2
std: 42.98
size: 1659033 (1.58 MiB)

xmin: -1.0866245555881369
xmax: -0.5866245555881369
ymin: -0.8262917670126044
ymax: -0.5450417670126044

contrast: 1.55
brightness: 0.06
saturation: 1.26
gamma: 0.93
gamma_r: 0.96
gamma_g: 1.05
gamma_b: 0.94
vignette: -21
temp: 3627