tweet_id: 1744209641632870627
masto_id: 111718364710056134
subre_id: Not uploaded, but here's the text: Smile, it's Monday!  #VisualArt #DigitalArt

n_iter: 215
ct: 87
hue_offset: 319
saturation: -0.19

num_attempts: 5
dur: 0
std: 33.75
size: 1846585 (1.76 MiB)

xmin: -0.947144375275047
xmax: -0.806519375275047
ymin: -0.7777384898937465
ymax: -0.6986369273937465

contrast: 1.11
brightness: 0.04
saturation: 1.16
gamma: 0.93
gamma_r: 0.97
gamma_g: 0.96
gamma_b: 1.07
vignette: 9
temp: 4816