tweet_id: 1747325323618754997
masto_id: 111767047411803699
subre_id: Not uploaded, but here's the text: Brighten your Tuesday!  #GenerativeArt #Fractals

n_iter: 255
ct: 225
hue_offset: 98
saturation: -0.37

num_attempts: 37
dur: 12
std: 21.6
size: 682818 (666.81 KiB)

xmin: -0.6538550864641794
xmax: -0.6534336345623777
ymin: 0.4194073106218055
ymax: 0.41964437731656895

contrast: 1.79
brightness: 0.06
saturation: 0.55
gamma: 0.9
gamma_r: 0.95
gamma_g: 0.99
gamma_b: 0.96
vignette: 15
temp: 3484