tweet_id: 1741650789439885594
masto_id: 111678382837790584
subre_id: Not uploaded, but here's the text: Enjoy your Monday!  #Nature #AGI #DigitalArt

n_iter: 532
ct: 34
hue_offset: 115
saturation: -0.81

num_attempts: 16
dur: 10
std: 34.18
size: 563483 (550.28 KiB)

xmin: -0.16512423754026218
xmax: -0.12908820150422615
ymin: 0.6524629810685858
ymax: 0.6727332513388561

contrast: 1.26
brightness: 0.21
saturation: 0.61
gamma: 0.99
gamma_r: 0.93
gamma_g: 0.96
gamma_b: 1.06
vignette: 22
temp: 5775