tweet_id: 1742759999867072687
masto_id: 111695714161525107
subre_id: Not uploaded, but here's the text: How was your day?  #MachineLearning #DigitalArt

n_iter: 243
ct: 55
hue_offset: 32
saturation: 0.69

num_attempts: 1
dur: 0
std: 36.69
size: 2223102 (2.12 MiB)

xmin: -0.612459033825399
xmax: -0.34775315147245783
ymin: -1.0000007809564528
ymax: -0.8511037221329234

contrast: 0.93
brightness: -0.09
saturation: 1.6
gamma: 1.05
gamma_r: 1.06
gamma_g: 0.92
gamma_b: 1.04
vignette: -43
temp: 7700