tweet_id: 1748597105441272096
masto_id: 111786918867828067
subre_id: Not uploaded, but here's the text: Wishing you a rad Saturday!  #VisualArt #AI

n_iter: 634
ct: 255
hue_offset: 34
saturation: -0.26

num_attempts: 392
dur: 607
std: 112.4
size: 1057607 (1.01 MiB)

xmin: -0.35855803159467214
xmax: -0.35289230921506876
ymin: -0.6493441574164509
ymax: -0.646157188577924

contrast: 1.5
brightness: 0.05
saturation: 1.37
gamma: 1.2
gamma_r: 1.06
gamma_g: 1.08
gamma_b: 1.14
vignette: 29
temp: 6569