tweet_id: 1743342267815927992
masto_id: 111704812096495969
subre_id: Not uploaded, but here's the text: Enjoy your Friday!  #Nature #DigitalArt

n_iter: 342
ct: 255
hue_offset: 91
saturation: 0.46

num_attempts: 648
dur: 602
std: 58.96
size: 1072248 (1.02 MiB)

xmin: -0.3317759753610079
xmax: -0.3261815697666023
ymin: 0.7072105511463014
ymax: 0.7103574042931545

contrast: 0.87
brightness: 0.17
saturation: 1.28
gamma: 1.01
gamma_r: 1.06
gamma_g: 1.12
gamma_b: 1.03
vignette: -16
temp: 2361