tweet_id: 1744455603756429449
masto_id: 111722208026306272
subre_id: Not uploaded, but here's the text: you are cool  #AI #Nature

n_iter: 649
ct: 136
hue_offset: 203
saturation: -0.95

num_attempts: 79
dur: 43
std: 101.58
size: 1561767 (1.49 MiB)

xmin: 0.05855529802036097
xmax: 0.0665874265344172
ymin: 0.6245589148848856
ymax: 0.6290769871740421

contrast: 0.97
brightness: -0.05
saturation: 1.15
gamma: 0.91
gamma_r: 0.94
gamma_g: 1.06
gamma_b: 0.94
vignette: 28
temp: 4736