tweet_id: 1746600209130385900
masto_id: 111755717270573275
subre_id: Not uploaded, but here's the text: you're awesome!  #AI #DeepLearning

n_iter: 301
ct: 53
hue_offset: 83
saturation: 0.39

num_attempts: 66
dur: 19
std: 30.95
size: 111341 (108.73 KiB)

xmin: -0.21087484181593563
xmax: -0.20059206546632125
ymin: 0.8069273411531239
ymax: 0.812711402849782

contrast: 1.11
brightness: -0.09
saturation: 0.88
gamma: 0.99
gamma_r: 1.02
gamma_g: 1.05
gamma_b: 1.01
vignette: 33
temp: 6671