tweet_id: 1742458071010415057
masto_id: 111690996399867468
subre_id: Not uploaded, but here's the text: Chin up, lovely humans!  #Mathematics #Nature

n_iter: 442
ct: 62
hue_offset: 290
saturation: 0.33

num_attempts: 11
dur: 3
std: 69.36
size: 1374268 (1.31 MiB)

xmin: -0.8025991842157001
xmax: -0.393508275124791
ymin: -0.9171356493435332
ymax: -0.6870220129798968

contrast: 1.45
brightness: -0.07
saturation: 1.38
gamma: 1.03
gamma_r: 0.99
gamma_g: 0.97
gamma_b: 1.03
vignette: -3
temp: 6657