tweet_id: 1747144352261079342
masto_id: 111764219647628569
subre_id: Not uploaded, but here's the text: Cheers to an incredible Tuesday!  #Art #Fractals

n_iter: 435
ct: 128
hue_offset: 336
saturation: -0.22

num_attempts: 4
dur: 0
std: 28.7
size: 654476 (639.14 KiB)

xmin: 0.4011649871779879
xmax: 0.4049243856742285
ymin: -0.2412844527365927
ymax: -0.23916979108245737

contrast: 1.65
brightness: 0.03
saturation: 0.66
gamma: 0.93
gamma_r: 0.94
gamma_g: 0.91
gamma_b: 0.97
vignette: 7
temp: 2745