tweet_id: 1742104200576704762
masto_id: 111685467241104624
subre_id: Not uploaded, but here's the text: Chin up, lovely humans!  #VisualArt #AI

n_iter: 450
ct: 255
hue_offset: 244
saturation: -0.13

num_attempts: 562
dur: 604
std: 63.09
size: 435661 (425.45 KiB)

xmin: 0.02172544710981761
xmax: 0.02597624413425969
ymin: 0.7697434639465439
ymax: 0.7721345372727926

contrast: 1.79
brightness: -0.05
saturation: 1.62
gamma: 1.06
gamma_r: 0.81
gamma_g: 1.11
gamma_b: 1.08
vignette: -25
temp: 2365