tweet_id: 1748504127766954472
masto_id: 111785466078180026
subre_id: Not uploaded, but here's the text: Hey there, it's Saturday!  #Mathematics #AI

n_iter: 147
ct: 7
hue_offset: 96
saturation: -0.07

num_attempts: 50
dur: 8
std: 24.57
size: 888928 (868.09 KiB)

xmin: 0.05638833774376284
xmax: 0.2609337922892174
ymin: -1.1944319236434966
ymax: -1.0793751054616785

contrast: 1.58
brightness: 0.11
saturation: 1.32
gamma: 1.08
gamma_r: 1.06
gamma_g: 0.98
gamma_b: 0.93
vignette: 1
temp: 2013