tweet_id: 1745632584519000495
masto_id: 111740598262613041
subre_id: Not uploaded, but here's the text: Keep shining on Friday!  #GenerativeArt #Mathematics

n_iter: 365
ct: 3
hue_offset: 144
saturation: 0.98

num_attempts: 2
dur: 0
std: 48.43
size: 2091262 (1.99 MiB)

xmin: -0.8000803665620313
xmax: -0.747139190091443
ymin: -0.958346026616246
ymax: -0.9285666148515401

contrast: 1.56
brightness: 0.04
saturation: 0.68
gamma: 1.03
gamma_r: 0.9
gamma_g: 0.95
gamma_b: 1.07
vignette: -37
temp: 3248