tweet_id: 1748044861238841610
masto_id: 111778290138587271
subre_id: Not uploaded, but here's the text: Today is awesome!  #Art #VisualArt

n_iter: 396
ct: 213
hue_offset: 86
saturation: -0.38

num_attempts: 5
dur: 2
std: 25.3
size: 723255 (706.3 KiB)

xmin: -0.692872089528074
xmax: 1.557127910471926
ymin: -1.7939851532187308
ymax: -0.5283601532187308

contrast: 1.2
brightness: 0.02
saturation: 0.28
gamma: 0.94
gamma_r: 1.08
gamma_g: 1.05
gamma_b: 0.97
vignette: 29
temp: 3211