tweet_id: 1747794599278723338
masto_id: 111774379711922460
subre_id: Not uploaded, but here's the text: Today is awesome!  #Nature #DigitalArt

n_iter: 709
ct: 123
hue_offset: 38
saturation: 0.49

num_attempts: 13
dur: 6
std: 118.54
size: 1849286 (1.76 MiB)

xmin: -0.6123458978838112
xmax: -0.6115486086671479
ymin: 0.4449527096417778
ymax: 0.44540118482615093

contrast: 1.26
brightness: -0.08
saturation: 0.89
gamma: 1.08
gamma_r: 1.09
gamma_g: 1.03
gamma_b: 1.01
vignette: 7
temp: 6097