tweet_id: 1744450745200509237
masto_id: 111722131971665366
subre_id: Not uploaded, but here's the text: Monday vibes!  #GenerativeArt #Art

n_iter: 213
ct: 48
hue_offset: 33
saturation: 0.91

num_attempts: 16
dur: 2
std: 33.33
size: 1336481 (1.27 MiB)

xmin: -0.6272232264446587
xmax: 0.01563391641248424
ymin: -1.1628309327157678
ymax: -0.8012237898586249

contrast: 1.51
brightness: -0.03
saturation: 0.8
gamma: 1.1
gamma_r: 0.93
gamma_g: 0.95
gamma_b: 0.97
vignette: -47
temp: 6197