tweet_id: 1744671742310625561
masto_id: 111725585078720197
subre_id: Not uploaded, but here's the text: Surprise! Multibrot!  #Art #Fractals

n_iter: 407
ct: 1
hue_offset: 167
saturation: -0.04

num_attempts: 487
dur: 600
std: 58.2
size: 1198551 (1.14 MiB)

xmin: -0.524006388884559
xmax: -0.5174704411721407
ymin: 0.6106598449592422
ymax: 0.6143363155474775

contrast: 1.42
brightness: -0.04
saturation: 1.21
gamma: 0.94
gamma_r: 0.92
gamma_g: 1.2
gamma_b: 0.81
vignette: 17
temp: 6682