tweet_id: 1743997431354675245
masto_id: 111715049160577516
subre_id: Not uploaded, but here's the text: Happy Sunday!  #VisualArt #AI

n_iter: 212
ct: 199
hue_offset: 93
saturation: 0.12

num_attempts: 31
dur: 6
std: 21.27
size: 978453 (955.52 KiB)

xmin: -0.691406743814577
xmax: -0.6199781723860056
ymin: -0.7194441963266005
ymax: -0.6792656248980291

contrast: 1.21
brightness: 0.08
saturation: 1.53
gamma: 1.01
gamma_r: 1.01
gamma_g: 1.07
gamma_b: 0.91
vignette: 17
temp: 5614