tweet_id: 1747108754238386562
masto_id: 111763663385447198
subre_id: Not uploaded, but here's the text: you are cool  #VisualArt #Mathematics

n_iter: 281
ct: 94
hue_offset: 42
saturation: 0.66

num_attempts: 42
dur: 12
std: 43.97
size: 1614308 (1.54 MiB)

xmin: -0.6858502209097685
xmax: -0.5976149267921215
ymin: -0.8042057419608266
ymax: -0.7545733890196501

contrast: 1.14
brightness: 0.23
saturation: 1.36
gamma: 1.09
gamma_r: 1.07
gamma_g: 1.03
gamma_b: 1.08
vignette: 0
temp: 7239