tweet_id: 1746633879480676813
masto_id: 111756243441509468
subre_id: Not uploaded, but here's the text: you are cool  #Fractals #DigitalArt

n_iter: 638
ct: 1
hue_offset: 62
saturation: 0.97

num_attempts: 443
dur: 604
std: 107.77
size: 1107469 (1.06 MiB)

xmin: 0.29295805066120195
xmax: 0.30011368572381375
ymin: -0.6906381099253882
ymax: -0.6866130652026691

contrast: 1.41
brightness: -0.05
saturation: 1.14
gamma: 1.09
gamma_r: 0.92
gamma_g: 1.04
gamma_b: 0.81
vignette: -31
temp: 5487