tweet_id: 1745809653571674239
masto_id: 111743364862719645
subre_id: Not uploaded, but here's the text: How's your day?  #Fractals #DeepLearning

n_iter: 387
ct: 219
hue_offset: 123
saturation: 0.6

num_attempts: 28
dur: 7
std: 23.32
size: 364984 (356.43 KiB)

xmin: 0.21960692358545097
xmax: 0.969606923585451
ymin: -1.5922756199090498
ymax: -1.1704006199090498

contrast: 1.76
brightness: 0.04
saturation: 1.28
gamma: 1.09
gamma_r: 0.91
gamma_g: 0.99
gamma_b: 1.09
vignette: 2
temp: 2123