tweet_id: 1746876181251567715
masto_id: 111760029478659031
subre_id: Not uploaded, but here's the text: Today is awesome!  #AI #Nature

n_iter: 442
ct: 62
hue_offset: 258
saturation: 0.58

num_attempts: 40
dur: 14
std: 20.21
size: 1028246 (1004.15 KiB)

xmin: 0.12696498025640102
xmax: 0.1283640708475168
ymin: -0.6588476430533616
ymax: -0.658060654595859

contrast: 1.0
brightness: 0.2
saturation: 1.34
gamma: 0.99
gamma_r: 1.0
gamma_g: 0.91
gamma_b: 1.03
vignette: 29
temp: 6513