tweet_id: 1748079422178017397
masto_id: FAIL
subre_id: Not uploaded, but here's the text: Keep shining on Thursday!  #MachineLearning #AI

n_iter: 710
ct: 228
hue_offset: 171
saturation: 0.57

num_attempts: 29
dur: 14
std: 43.88
size: 28806 (28.13 KiB)

xmin: -0.74136845702788
xmax: -0.7408224564818795
ymin: -0.10732841717970731
ymax: -0.10702129187258201

contrast: 1.01
brightness: -0.08
saturation: 1.56
gamma: 1.09
gamma_r: 0.93
gamma_g: 1.04
gamma_b: 0.98
vignette: -35
temp: 5825