tweet_id: 1745387101909106815
masto_id: 111736762522299392
subre_id: Not uploaded, but here's the text: Smile on this lovely day!  #AI #MachineLearning

n_iter: 474
ct: 81
hue_offset: 323
saturation: -0.23

num_attempts: 25
dur: 16
std: 77.47
size: 2231417 (2.13 MiB)

xmin: -1.34703262289705
xmax: -1.2953084849660155
ymin: -0.3038241973750384
ymax: -0.2747293697888315

contrast: 0.83
brightness: 0.1
saturation: 0.38
gamma: 1.04
gamma_r: 1.02
gamma_g: 0.93
gamma_b: 0.99
vignette: 15
temp: 3031