tweet_id: 1748113772978553059
masto_id: 111779366754428071
subre_id: Not uploaded, but here's the text: Have an awesome day!  #Fractals #VisualArt

n_iter: 350
ct: 1
hue_offset: 254
saturation: 0.17

num_attempts: 637
dur: 603
std: 49.49
size: 433866 (423.7 KiB)

xmin: -0.4806195944717149
xmax: -0.47118563220756393
ymin: -0.05933912513876827
ymax: -0.05403252136518336

contrast: 1.25
brightness: -0.1
saturation: 0.95
gamma: 1.09
gamma_r: 0.89
gamma_g: 0.94
gamma_b: 0.93
vignette: -10
temp: 2654