tweet_id: 1747230504146116997
masto_id: 111765565732473022
subre_id: Not uploaded, but here's the text: Tuesday vibes!  #VisualArt #Nature

n_iter: 500
ct: 213
hue_offset: 22
saturation: -0.75

num_attempts: 2
dur: 2
std: 62.58
size: 1810476 (1.73 MiB)

xmin: -1.173158266597378
xmax: -0.9856582665973781
ymin: -0.6075293765911751
ymax: -0.5020606265911751

contrast: 1.71
brightness: 0.13
saturation: 0.29
gamma: 1.03
gamma_r: 0.93
gamma_g: 0.95
gamma_b: 0.94
vignette: 30
temp: 4282