tweet_id: 1747205043739394163
masto_id: 111765167956551362
subre_id: Not uploaded, but here's the text: Today is awesome!  #DigitalArt #AI

n_iter: 316
ct: 49
hue_offset: 244
saturation: 0.74

num_attempts: 73
dur: 25
std: 77.67
size: 1582756 (1.51 MiB)

xmin: -0.030302579653986417
xmax: -0.029828646004697316
ymin: 0.7086739285389887
ymax: 0.7089405162167138

contrast: 1.29
brightness: 0.23
saturation: 0.71
gamma: 0.92
gamma_r: 0.92
gamma_g: 0.98
gamma_b: 0.96
vignette: -37
temp: 2498