tweet_id: 1744360072988201090
masto_id: FAIL
subre_id: Not uploaded, but here's the text: Having a blast on Monday?  #DeepLearning #Fractals

n_iter: 284
ct: 166
hue_offset: 9
saturation: 0.1

num_attempts: 4
dur: 2
std: 44.96
size: 2031819 (1.94 MiB)

xmin: -1.0478578120457955
xmax: -0.956021077351918
ymin: -0.5953995213984791
ymax: -0.5437413581331729

contrast: 1.3
brightness: -0.01
saturation: 1.37
gamma: 0.91
gamma_r: 0.95
gamma_g: 0.93
gamma_b: 0.95
vignette: -29
temp: 7457