tweet_id: 1746171822868230446
masto_id: 111749023933509775
subre_id: Not uploaded, but here's the text: Today is awesome!  #Mathematics #DigitalArt

n_iter: 349
ct: 45
hue_offset: 130
saturation: -0.33

num_attempts: 13
dur: 2
std: 32.44
size: 2142655 (2.04 MiB)

xmin: -0.7501821915405129
xmax: -0.6725959846439612
ymin: -0.9388038140039574
ymax: -0.895161572624647

contrast: 1.05
brightness: 0.08
saturation: 1.11
gamma: 0.99
gamma_r: 1.06
gamma_g: 0.97
gamma_b: 0.95
vignette: -30
temp: 7565