tweet_id: 1744611141853020453
masto_id: 111724638258593999
subre_id: Not uploaded, but here's the text: Wishing you a joyful day!  #AI #Art

n_iter: 427
ct: 255
hue_offset: 25
saturation: 0.26

num_attempts: 568
dur: 605
std: 63.23
size: 897282 (876.25 KiB)

xmin: 0.3305929019983074
xmax: 0.33463739138152276
ymin: 0.719079962359003
ymax: 0.7213549876370616

contrast: 1.65
brightness: 0.11
saturation: 0.81
gamma: 0.95
gamma_r: 1.09
gamma_g: 0.84
gamma_b: 1.03
vignette: 12
temp: 6773