tweet_id: 1747540430911373803
masto_id: 111770408447759834
subre_id: Not uploaded, but here's the text: you are cool  #DigitalArt #Fractals

n_iter: 337
ct: 255
hue_offset: 64
saturation: 0.26

num_attempts: 700
dur: 604
std: 60.4
size: 769237 (751.21 KiB)

xmin: 0.08986855690993734
xmax: 0.09467624921762964
ymin: -0.7916272665705139
ymax: -0.788922939647437

contrast: 1.59
brightness: 0.03
saturation: 0.73
gamma: 1.16
gamma_r: 1.16
gamma_g: 1.14
gamma_b: 1.2
vignette: -11
temp: 2639