tweet_id: 1744027980027036030
masto_id: 111715526339379833
subre_id: Not uploaded, but here's the text: Feeling good today!  #Nature #AI

n_iter: 269
ct: 176
hue_offset: 219
saturation: -0.08

num_attempts: 5
dur: 1
std: 21.52
size: 1372599 (1.31 MiB)

xmin: -1.0459387719170232
xmax: -0.9305541565324078
ymin: -0.7578089768070058
ymax: -0.6929051306531596

contrast: 0.99
brightness: 0.22
saturation: 0.98
gamma: 0.96
gamma_r: 1.04
gamma_g: 0.91
gamma_b: 1.1
vignette: -10
temp: 6977