tweet_id: 1742825739454476480
masto_id: 111696741322167596
subre_id: Not uploaded, but here's the text: you are cool  #MachineLearning #GenerativeArt

n_iter: 573
ct: 245
hue_offset: 157
saturation: -0.37

num_attempts: 141
dur: 61
std: 58.47
size: 1539683 (1.47 MiB)

xmin: -0.7172843075242334
xmax: -0.7158433853340317
ymin: 0.28578361519759365
ymax: 0.2865941339295821

contrast: 1.3
brightness: 0.2
saturation: 0.49
gamma: 0.97
gamma_r: 1.0
gamma_g: 1.03
gamma_b: 0.95
vignette: -34
temp: 2500