tweet_id: 1744934412985176219
masto_id: 111729689331533800
subre_id: Not uploaded, but here's the text: Cheers to an incredible Wednesday!  #DigitalArt #AI

n_iter: 229
ct: 69
hue_offset: 194
saturation: 0.52

num_attempts: 8
dur: 2
std: 31.1
size: 906075 (884.84 KiB)

xmin: 0.2634204344323461
xmax: 0.4300871010990127
ymin: -1.2076152913014089
ymax: -1.1138652913014089

contrast: 1.28
brightness: 0.04
saturation: 1.04
gamma: 1.1
gamma_r: 0.93
gamma_g: 0.9
gamma_b: 1.02
vignette: 4
temp: 7998