tweet_id: 1745620789821317396
masto_id: 111740413920802026
subre_id: Not uploaded, but here's the text: Keep shining on Friday!  #Art #Fractals

n_iter: 639
ct: 200
hue_offset: 41
saturation: -0.97

num_attempts: 180
dur: 76
std: 95.74
size: 1778529 (1.7 MiB)

xmin: 0.13873885204090008
xmax: 0.13928981622822792
ymin: 0.6078847791700306
ymax: 0.6081946965254025

contrast: 1.77
brightness: -0.04
saturation: 0.43
gamma: 0.95
gamma_r: 1.05
gamma_g: 0.97
gamma_b: 0.92
vignette: 16
temp: 5787