tweet_id: 1748204924515893375
masto_id: 111780791006551474
subre_id: Not uploaded, but here's the text: Feeling good today!  #DigitalArt #AI

n_iter: 654
ct: 1
hue_offset: 293
saturation: -0.92

num_attempts: 380
dur: 609
std: 73.04
size: 291524 (284.69 KiB)

xmin: 0.11961350161927253
xmax: 0.1275186399591935
ymin: -0.809088402433555
ymax: -0.8046417621173494

contrast: 1.6
brightness: 0.01
saturation: 0.52
gamma: 1.09
gamma_r: 1.07
gamma_g: 1.01
gamma_b: 1.11
vignette: -1
temp: 5014