tweet_id: 1747983919624950103
masto_id: 111777337891317264
subre_id: Not uploaded, but here's the text: Smile, it's Thursday!  #VisualArt #AI

n_iter: 406
ct: 240
hue_offset: 332
saturation: -0.03

num_attempts: 11
dur: 2
std: 54.28
size: 616606 (602.15 KiB)

xmin: 0.27886636705197265
xmax: 0.38113909432469995
ymin: -1.171511105000202
ymax: -1.1139826959092929

contrast: 1.16
brightness: 0.13
saturation: 0.57
gamma: 0.96
gamma_r: 0.91
gamma_g: 1.04
gamma_b: 0.91
vignette: -2
temp: 3870