tweet_id: 1744970198828859629
masto_id: 111730248542373933
subre_id: Not uploaded, but here's the text: Wednesday vibes!  #VisualArt #Art

n_iter: 453
ct: 173
hue_offset: 22
saturation: -0.56

num_attempts: 82
dur: 25
std: 23.31
size: 746707 (729.21 KiB)

xmin: -0.656113109958786
xmax: -0.6555329794294169
ymin: 0.46792754149317406
ymax: 0.4682538649159442

contrast: 1.24
brightness: 0.03
saturation: 1.53
gamma: 0.92
gamma_r: 0.95
gamma_g: 0.9
gamma_b: 0.94
vignette: 5
temp: 6116