tweet_id: 1747993061442064658
masto_id: 111777480804379965
subre_id: Not uploaded, but here's the text: Hope your Thursday is awesome!  #Fractals #AI

n_iter: 401
ct: 255
hue_offset: 150
saturation: -0.9

num_attempts: 487
dur: 604
std: 47.98
size: 1185969 (1.13 MiB)

xmin: -0.5557923188356262
xmax: -0.5232719936323742
ymin: 0.3850997861881509
ymax: 0.40339246911498017

contrast: 0.76
brightness: 0.1
saturation: 0.73
gamma: 1.02
gamma_r: 1.03
gamma_g: 0.83
gamma_b: 0.96
vignette: -20
temp: 2701