tweet_id: 1748534686849040617
masto_id: 111785943807187170
subre_id: Not uploaded, but here's the text: Hey there, it's Saturday!  #AI #Mathematics

n_iter: 982
ct: 192
hue_offset: 101
saturation: -0.49

num_attempts: 31
dur: 10
std: 26.26
size: 888218 (867.4 KiB)

xmin: -0.7050988329662702
xmax: -0.7020776849300164
ymin: -0.26692075155805695
ymax: -0.2652213557876642

contrast: 1.54
brightness: 0.14
saturation: 0.98
gamma: 0.98
gamma_r: 1.02
gamma_g: 1.05
gamma_b: 1.04
vignette: -48
temp: 3800