tweet_id: 1748588362770858191
masto_id: 111786782277375640
subre_id: Not uploaded, but here's the text: Wishing you a rad Saturday!  #AI #Art

n_iter: 337
ct: 215
hue_offset: 22
saturation: 0.83

num_attempts: 2
dur: 1
std: 52.7
size: 2448360 (2.33 MiB)

xmin: -0.2838618451637154
xmax: -0.21128120000242506
ymin: -0.9831738858832468
ymax: -0.9423472729800211

contrast: 1.21
brightness: 0.14
saturation: 1.48
gamma: 0.97
gamma_r: 1.02
gamma_g: 0.94
gamma_b: 0.98
vignette: -43
temp: 5876