tweet_id: 1745875712907612649
masto_id: 111744397238837211
subre_id: Not uploaded, but here's the text: you are cool  #DeepLearning #DigitalArt

n_iter: 259
ct: 255
hue_offset: 191
saturation: -0.98

num_attempts: 7
dur: 1
std: 49.82
size: 1444151 (1.38 MiB)

xmin: -0.1537752182353418
xmax: -0.15334133169667166
ymin: 0.8360173451392174
ymax: 0.8362614063172193

contrast: 1.05
brightness: -0.05
saturation: 0.75
gamma: 0.96
gamma_r: 0.95
gamma_g: 0.95
gamma_b: 1.08
vignette: 19
temp: 4251