tweet_id: 1741794518058373543
masto_id: 111680628435574640
subre_id: Not uploaded, but here's the text: you are cool  #AI #DeepLearning #Mathematics

n_iter: 379
ct: 104
hue_offset: 301
saturation: 0.72

num_attempts: 18
dur: 7
std: 20.76
size: 1873176 (1.79 MiB)

xmin: -0.6743984818680275
xmax: -0.6181484818680275
ymin: -1.026826303876952
ymax: -0.9951856788769521

contrast: 1.41
brightness: 0.14
saturation: 1.4
gamma: 1.06
gamma_r: 1.04
gamma_g: 1.05
gamma_b: 0.99
vignette: -35
temp: 5367