tweet_id: 1748160341031141751
masto_id: 111780094479773286
subre_id: Not uploaded, but here's the text: Chin up, buttercup!  #AI #DeepLearning

n_iter: 610
ct: 1
hue_offset: 157
saturation: -0.3

num_attempts: 387
dur: 600
std: 54.8
size: 647003 (631.84 KiB)

xmin: -0.5594301354805178
xmax: -0.5500183707746354
ymin: -0.3768403656899795
ymax: -0.37154624804292063

contrast: 0.92
brightness: 0.1
saturation: 0.54
gamma: 1.18
gamma_r: 1.14
gamma_g: 1.09
gamma_b: 1.18
vignette: -3
temp: 3517