tweet_id: 1743613902145871936
masto_id: 111709056347914023
subre_id: Not uploaded, but here's the text: you are fantastic!  #DeepLearning #Nature

n_iter: 578
ct: 138
hue_offset: 270
saturation: 0.11

num_attempts: 66
dur: 24
std: 59.68
size: 1536858 (1.47 MiB)

xmin: 0.3512497925333884
xmax: 0.35168269296628885
ymin: 0.3851343590932965
ymax: 0.38537786558680304

contrast: 1.52
brightness: 0.08
saturation: 1.63
gamma: 1.09
gamma_r: 0.94
gamma_g: 0.92
gamma_b: 0.92
vignette: -41
temp: 4391