tweet_id: 1746595097804730521
masto_id: 111755637634619369
subre_id: Not uploaded, but here's the text: you are cool  #Art #MachineLearning

n_iter: 210
ct: 217
hue_offset: 213
saturation: -0.38

num_attempts: 16
dur: 4
std: 20.06
size: 1303144 (1.24 MiB)

xmin: -0.9369098655865349
xmax: -0.6369098655865348
ymin: -1.0877112463192657
ymax: -0.9189612463192658

contrast: 1.16
brightness: 0.16
saturation: 1.41
gamma: 1.02
gamma_r: 1.0
gamma_g: 1.06
gamma_b: 0.93
vignette: 7
temp: 6349