tweet_id: 1743617249355735083
masto_id: 111709108604682505
subre_id: Not uploaded, but here's the text: Feeling good today!  #DigitalArt #Fractals

n_iter: 285
ct: 255
hue_offset: 308
saturation: -0.66

num_attempts: 786
dur: 603
std: 53.3
size: 837453 (817.83 KiB)

xmin: 0.21118903055804106
xmax: 0.2157293256772238
ymin: 1.0504275349958294
ymax: 1.0529814510003697

contrast: 1.28
brightness: -0.01
saturation: 0.45
gamma: 0.89
gamma_r: 1.08
gamma_g: 1.14
gamma_b: 1.05
vignette: -31
temp: 4229