tweet_id: 1745568007873876472
masto_id: 111739589260146640
subre_id: Not uploaded, but here's the text: Keep shining on Thursday!  #Art #GenerativeArt

n_iter: 286
ct: 176
hue_offset: 178
saturation: 0.64

num_attempts: 15
dur: 6
std: 45.58
size: 1136690 (1.08 MiB)

xmin: 0.38086935514704257
xmax: 0.48552051793774026
ymin: -1.1542348315820625
ymax: -1.0953685525122951

contrast: 1.47
brightness: 0.22
saturation: 1.19
gamma: 1.04
gamma_r: 0.95
gamma_g: 1.09
gamma_b: 1.01
vignette: 2
temp: 4498