tweet_id: 1745997939472740488
masto_id: 111746307042308548
subre_id: Not uploaded, but here's the text: Wishing you the best!  #MachineLearning #Nature

n_iter: 798
ct: 96
hue_offset: 233
saturation: 0.81

num_attempts: 2
dur: 2
std: 41.55
size: 703703 (687.21 KiB)

xmin: 0.12661153833879224
xmax: 0.2747596864869404
ymin: -0.5496184420844239
ymax: -0.4662851087510906

contrast: 0.89
brightness: -0.02
saturation: 1.07
gamma: 1.05
gamma_r: 1.03
gamma_g: 1.07
gamma_b: 0.99
vignette: 33
temp: 4693