tweet_id: 1743127808690590182
masto_id: 111701461205259932
subre_id: Not uploaded, but here's the text: Surprise! Mandelbrot Set!  #Art #Nature

n_iter: 343
ct: 249
hue_offset: 176
saturation: -0.15

num_attempts: 113
dur: 38
std: 18.6
size: 747746 (730.22 KiB)

xmin: -0.515149723176489
xmax: -0.5145001616305325
ymin: 0.5086722972463322
ymax: 0.5090376756159327

contrast: 1.72
brightness: 0.07
saturation: 0.91
gamma: 1.03
gamma_r: 0.92
gamma_g: 1.0
gamma_b: 1.05
vignette: -23
temp: 6203