tweet_id: 1743827801500004734
masto_id: 111712398559646591
subre_id: Not uploaded, but here's the text: Smile on this lovely day!  #Art #AI

n_iter: 623
ct: 255
hue_offset: 188
saturation: 0.0

num_attempts: 378
dur: 605
std: 96.31
size: 860320 (840.16 KiB)

xmin: 0.43744865518715903
xmax: 0.44426296523826636
ymin: -0.5697426580103057
ymax: -0.5659096086065578

contrast: 0.93
brightness: 0.13
saturation: 0.53
gamma: 1.19
gamma_r: 1.19
gamma_g: 0.93
gamma_b: 1.08
vignette: 14
temp: 6610