tweet_id: 1748141915386867827
masto_id: 111779806526847596
subre_id: Not uploaded, but here's the text: Today is awesome!  #Art #GenerativeArt

n_iter: 282
ct: 181
hue_offset: 153
saturation: 0.2

num_attempts: 5
dur: 2
std: 34.11
size: 2031168 (1.94 MiB)

xmin: 0.5262317585772034
xmax: 0.5746188553513969
ymin: -1.220916477525015
ymax: -1.1936987355895312

contrast: 1.36
brightness: -0.05
saturation: 1.7
gamma: 0.94
gamma_r: 1.0
gamma_g: 0.91
gamma_b: 1.08
vignette: 28
temp: 5894