tweet_id: 1743764912298410108
masto_id: 111711415848557270
subre_id: Not uploaded, but here's the text: Enjoy your Saturday!  #MachineLearning #AI

n_iter: 599
ct: 255
hue_offset: 124
saturation: -0.32

num_attempts: 416
dur: 602
std: 67.44
size: 264485 (258.29 KiB)

xmin: 0.2118343169620549
xmax: 0.22675969009638325
ymin: -0.729793267649019
ymax: -0.7213977452609592

contrast: 1.74
brightness: 0.21
saturation: 0.55
gamma: 1.02
gamma_r: 1.02
gamma_g: 1.04
gamma_b: 0.94
vignette: 2
temp: 2908