tweet_id: 1743303316195492013
masto_id: 111704203547615050
subre_id: Not uploaded, but here's the text: Smile, it's Friday!  #Mathematics #Fractals

n_iter: 307
ct: 171
hue_offset: 239
saturation: 0.95

num_attempts: 10
dur: 3
std: 50.47
size: 1081428 (1.03 MiB)

xmin: 0.32811224366659486
xmax: 0.4146507052050564
ymin: -1.1868641524796617
ymax: -1.1381862678642771

contrast: 1.69
brightness: 0.21
saturation: 1.38
gamma: 1.04
gamma_r: 0.99
gamma_g: 1.09
gamma_b: 1.01
vignette: -7
temp: 7184