tweet_id: 1744818010135863613
masto_id: 111727870577164071
subre_id: Not uploaded, but here's the text: Wishing you a fantastic day!  #AI #Fractals

n_iter: 998
ct: 110
hue_offset: 328
saturation: -0.3

num_attempts: 64
dur: 35
std: 34.0
size: 529597 (517.18 KiB)

xmin: -0.6161609117214768
xmax: -0.6108204577828921
ymin: -0.4582335221577034
ymax: -0.4552295168172495

contrast: 1.78
brightness: -0.05
saturation: 1.44
gamma: 0.91
gamma_r: 1.06
gamma_g: 0.91
gamma_b: 0.95
vignette: 30
temp: 2254