tweet_id: 1745003525950591360
masto_id: 111730769238231041
subre_id: Not uploaded, but here's the text: Wednesday vibes!  #Art #MachineLearning

n_iter: 528
ct: 255
hue_offset: 172
saturation: -0.7

num_attempts: 488
dur: 601
std: 80.34
size: 917273 (895.77 KiB)

xmin: 0.5332735480943804
xmax: 0.5373930125639994
ymin: -0.40626186055359725
ymax: -0.4039446617894366

contrast: 1.04
brightness: 0.07
saturation: 1.6
gamma: 0.96
gamma_r: 1.03
gamma_g: 0.9
gamma_b: 0.9
vignette: 12
temp: 4516