tweet_id: 1745935720395759913
masto_id: 111745334825164691
subre_id: Not uploaded, but here's the text: Have a great day!  #DigitalArt #Fractals

n_iter: 213
ct: 107
hue_offset: 316
saturation: 0.53

num_attempts: 123
dur: 24
std: 17.42
size: 307491 (300.28 KiB)

xmin: -0.707078125380967
xmax: -0.7026038524503183
ymin: 0.2795795282977307
ymax: 0.2820963068212206

contrast: 1.22
brightness: 0.07
saturation: 1.55
gamma: 1.09
gamma_r: 0.94
gamma_g: 0.92
gamma_b: 1.04
vignette: -12
temp: 4850