tweet_id: 1745749431637406037
masto_id: 111742423909737345
subre_id: Not uploaded, but here's the text: Smile!  #DeepLearning #GenerativeArt

n_iter: 239
ct: 145
hue_offset: 14
saturation: 0.22

num_attempts: 8
dur: 2
std: 33.7
size: 901412 (880.29 KiB)

xmin: 0.3038974155996934
xmax: 0.8038974155996934
ymin: -1.2699613032630066
ymax: -0.9887113032630066

contrast: 1.18
brightness: -0.04
saturation: 0.65
gamma: 0.92
gamma_r: 1.08
gamma_g: 0.93
gamma_b: 1.01
vignette: -10
temp: 5533