tweet_id: 1748626989483798731
masto_id: 111787385829670514
subre_id: Not uploaded, but here's the text: Wow, guess what? it's Multibrot!  #Nature #AI

n_iter: 675
ct: 255
hue_offset: 237
saturation: 0.35

num_attempts: 317
dur: 607
std: 98.74
size: 1087547 (1.04 MiB)

xmin: 0.5118310639582506
xmax: 0.5174176561370216
ymin: -0.4416472478762885
ymax: -0.4385047897757298

contrast: 1.03
brightness: 0.15
saturation: 0.8
gamma: 0.82
gamma_r: 0.97
gamma_g: 0.91
gamma_b: 1.16
vignette: -4
temp: 7884