tweet_id: 1744632534984454159
masto_id: 111724972579811887
subre_id: Not uploaded, but here's the text: Smile!  #GenerativeArt #Mathematics

n_iter: 362
ct: 102
hue_offset: 90
saturation: -0.83

num_attempts: 8
dur: 2
std: 23.61
size: 1482439 (1.41 MiB)

xmin: -0.18033290208607244
xmax: -0.13141985860781158
ymin: -1.126868562421707
ymax: -1.0993549754651852

contrast: 0.9
brightness: 0.14
saturation: 0.62
gamma: 0.97
gamma_r: 1.06
gamma_g: 0.91
gamma_b: 0.97
vignette: -25
temp: 6874