tweet_id: 1744728206975107409
masto_id: 111726467373035683
subre_id: Not uploaded, but here's the text: Enjoy your Tuesday!  #Nature #Mathematics

n_iter: 431
ct: 186
hue_offset: 138
saturation: 0.28

num_attempts: 86
dur: 36
std: 73.72
size: 350998 (342.77 KiB)

xmin: -0.5158536889647793
xmax: -0.5129168314023711
ymin: -0.6013768920649586
ymax: -0.5997249096861039

contrast: 1.51
brightness: -0.03
saturation: 0.43
gamma: 1.08
gamma_r: 1.0
gamma_g: 0.91
gamma_b: 1.05
vignette: 25
temp: 5895