tweet_id: 1746692718942687735
masto_id: 111757162802094042
subre_id: Not uploaded, but here's the text: Today is awesome!  #Mathematics #Art

n_iter: 254
ct: 63
hue_offset: 258
saturation: -0.92

num_attempts: 21
dur: 5
std: 25.13
size: 608177 (593.92 KiB)

xmin: -1.597453119656571
xmax: -1.2512992735027249
ymin: -0.23531184379992554
ymax: -0.04060030533838707

contrast: 1.56
brightness: -0.05
saturation: 0.82
gamma: 0.92
gamma_r: 1.04
gamma_g: 1.03
gamma_b: 1.04
vignette: -40
temp: 3087