tweet_id: 1742557001660453233
masto_id: 111692542363165070
subre_id: Not uploaded, but here's the text: You are lovely!  #GenerativeArt #DigitalArt

n_iter: 687
ct: 1
hue_offset: 136
saturation: -0.57

num_attempts: 312
dur: 608
std: 74.71
size: 1525004 (1.45 MiB)

xmin: 0.5328569343481169
xmax: 0.5421376768075137
ymin: 0.403977696626173
ymax: 0.4091981142595837

contrast: 1.67
brightness: 0.11
saturation: 1.53
gamma: 0.92
gamma_r: 1.04
gamma_g: 1.12
gamma_b: 1.08
vignette: -47
temp: 7507