tweet_id: 1748531007018475594
masto_id: 111785886060743388
subre_id: Not uploaded, but here's the text: Have a great day!  #Art #DigitalArt

n_iter: 208
ct: 44
hue_offset: 129
saturation: -0.67

num_attempts: 12
dur: 1
std: 32.95
size: 2061691 (1.97 MiB)

xmin: -1.1372372051029298
xmax: -1.0622372051029298
ymin: -0.5032946383385595
ymax: -0.4611071383385595

contrast: 0.98
brightness: 0.22
saturation: 1.25
gamma: 1.0
gamma_r: 0.99
gamma_g: 1.1
gamma_b: 1.02
vignette: -14
temp: 3319