tweet_id: 1741859632409420167
masto_id: 111681646078232107
subre_id: Not uploaded, but here's the text: Smile, it's Monday!  #VisualArt #MultiModal #AGI

n_iter: 692
ct: 12
hue_offset: 349
saturation: 0.4

num_attempts: 5
dur: 0
std: 21.55
size: 1187073 (1.13 MiB)

xmin: -1.1465211376619635
xmax: -1.145356315297374
ymin: -0.2756999105191328
ymax: -0.27504469793905123

contrast: 0.97
brightness: -0.05
saturation: 0.76
gamma: 1.06
gamma_r: 1.07
gamma_g: 0.95
gamma_b: 0.99
vignette: -38
temp: 6489