tweet_id: 1745659164808901009
masto_id: 111741013502517290
subre_id: Not uploaded, but here's the text: Chin up, lovely humans!  #MachineLearning #AI

n_iter: 368
ct: 221
hue_offset: 57
saturation: -0.69

num_attempts: 4
dur: 1
std: 55.15
size: 1996688 (1.9 MiB)

xmin: -1.3376712238392106
xmax: -1.290302802786579
ymin: -0.34459688451636006
ymax: -0.3179521476742548

contrast: 1.4
brightness: -0.04
saturation: 1.2
gamma: 0.93
gamma_r: 1.03
gamma_g: 1.09
gamma_b: 0.97
vignette: -13
temp: 6547