tweet_id: 1743402630120882184
masto_id: 111705755571314167
subre_id: Not uploaded, but here's the text: Have a great day!  #Art #AI

n_iter: 631
ct: 1
hue_offset: 106
saturation: 0.58

num_attempts: 356
dur: 603
std: 32.25
size: 672794 (657.03 KiB)

xmin: 0.2819919279208274
xmax: 0.5042141501430496
ymin: 0.5228490558840204
ymax: 0.6478490558840204

contrast: 1.16
brightness: 0.08
saturation: 0.79
gamma: 0.99
gamma_r: 1.18
gamma_g: 0.88
gamma_b: 1.13
vignette: -12
temp: 6279