tweet_id: 1744693717837955140
masto_id: 111725928434437861
subre_id: Not uploaded, but here's the text: Hey there, it's Tuesday!  #Fractals #Nature

n_iter: 510
ct: 219
hue_offset: 272
saturation: 0.62

num_attempts: 2
dur: 0
std: 57.8
size: 1726028 (1.65 MiB)

xmin: -0.5647726370582509
xmax: -0.50139235536811
ymin: -0.9004615485904255
ymax: -0.8648101401397212

contrast: 1.61
brightness: 0.05
saturation: 0.67
gamma: 0.94
gamma_r: 0.97
gamma_g: 1.06
gamma_b: 1.06
vignette: 4
temp: 2850