tweet_id: 1748295745499980196
masto_id: 111782210323059802
subre_id: Not uploaded, but here's the text: you are awesome.  #DeepLearning #Nature

n_iter: 650
ct: 255
hue_offset: 158
saturation: -0.82

num_attempts: 373
dur: 606
std: 46.58
size: 1290124 (1.23 MiB)

xmin: 0.5186108466911135
xmax: 0.5324039501393893
ymin: 0.4539762431094918
ymax: 0.46173486379914697

contrast: 0.87
brightness: -0.02
saturation: 0.94
gamma: 0.9
gamma_r: 1.18
gamma_g: 0.87
gamma_b: 1.1
vignette: -39
temp: 5605