tweet_id: 1742881614365921611
masto_id: 111697614331605688
subre_id: Not uploaded, but here's the text: you're awesome!  #Art #Fractals

n_iter: 473
ct: 93
hue_offset: 12
saturation: 0.31

num_attempts: 6
dur: 1
std: 30.66
size: 213888 (208.88 KiB)

xmin: 0.22715688237968346
xmax: 0.275543979153877
ymin: -0.18034830243497302
ymax: -0.15313056049948914

contrast: 1.75
brightness: -0.02
saturation: 0.79
gamma: 1.08
gamma_r: 0.99
gamma_g: 1.09
gamma_b: 1.01
vignette: -5
temp: 2511