tweet_id: 1745056147042910618
masto_id: 111731591697197106
subre_id: Not uploaded, but here's the text: Wishing you a rad Wednesday!  #AI #MachineLearning

n_iter: 378
ct: 57
hue_offset: 154
saturation: 0.25

num_attempts: 17
dur: 6
std: 23.11
size: 246483 (240.71 KiB)

xmin: -2.200691614857598
xmax: 0.04930838514240188
ymin: -1.956314202924904
ymax: -0.6906892029249041

contrast: 1.29
brightness: 0.04
saturation: 0.5
gamma: 1.1
gamma_r: 0.91
gamma_g: 1.07
gamma_b: 0.95
vignette: -1
temp: 3067