tweet_id: 1746534169684086992
masto_id: 111754685518568390
subre_id: Not uploaded, but here's the text: Have an awesome day!  #Mathematics #Fractals

n_iter: 276
ct: 61
hue_offset: 61
saturation: -0.75

num_attempts: 19
dur: 8
std: 22.62
size: 743353 (725.93 KiB)

xmin: -2.116344205523478
xmax: 0.13365579447652198
ymin: -1.2108682665521
ymax: 0.0547567334479

contrast: 0.84
brightness: -0.08
saturation: 1.01
gamma: 0.96
gamma_r: 0.93
gamma_g: 0.97
gamma_b: 0.98
vignette: -37
temp: 7749