tweet_id: 1748387071528681540
masto_id: 111783637096411274
subre_id: Not uploaded, but here's the text: Today is awesome!  #GenerativeArt #Fractals

n_iter: 581
ct: 1
hue_offset: 99
saturation: -0.72

num_attempts: 399
dur: 606
std: 70.26
size: 1120824 (1.07 MiB)

xmin: -0.497595985107002
xmax: -0.49260845393493213
ymin: 0.6034657422785354
ymax: 0.6062712285628247

contrast: 1.59
brightness: 0.04
saturation: 0.46
gamma: 1.12
gamma_r: 0.89
gamma_g: 0.96
gamma_b: 0.86
vignette: 25
temp: 3012