tweet_id: 1743755861724434569
masto_id: 111711274448470133
subre_id: Not uploaded, but here's the text: Keep smiling!  #Fractals #AI

n_iter: 131
ct: 254
hue_offset: 106
saturation: -0.18

num_attempts: 28
dur: 5
std: 20.6
size: 1774835 (1.69 MiB)

xmin: 0.5024557610670812
xmax: 0.600281848023603
ymin: -1.2225479913118873
ymax: -1.1675208173988438

contrast: 1.77
brightness: 0.02
saturation: 1.1
gamma: 0.93
gamma_r: 1.02
gamma_g: 1.0
gamma_b: 0.94
vignette: 13
temp: 3442