tweet_id: 1710841828046426190
masto_id: 111196992740023744
subre_id: Not uploaded, but here's the text: Wishing you a rad Sunday!  #Science #DigitalArt

n_iter: 173
ct: 175
hue_offset: 290
saturation: -0.11

num_attempts: 5
dur: 3
std: 21.4
size: 910950 (889.6 KiB)

xmin: -1.6125911221674856
xmax: -0.7125911221674855
ymin: -0.8498228512030428
ymax: -0.3435728512030428

contrast: 1.39
brightness: 0.11
saturation: 1.66
gamma: 1.01
gamma_r: 0.95
gamma_g: 0.99
gamma_b: 0.92
vignette: -22
temp: 2698