tweet_id: 1706858059853677002
masto_id: 111134746331119072
subre_id: FAIL

n_iter: 312
ct: 121
hue_offset: 309
saturation: -0.4

num_attempts: 22
dur: 11
std: 60.04
size: 1580545 (1.51 MiB)

xmin: -0.5127815386595578
xmax: -0.5117283527722487
ymin: -0.5146054407652002
ymax: -0.5140130237035888

contrast: 1.79
brightness: 0.01
saturation: 1.15
gamma: 1.02
gamma_r: 1.05
gamma_g: 1.02
gamma_b: 0.96
vignette: -30
temp: 7180