tweet_id: 1710386453606252546
masto_id: 111189877420283860
subre_id: FAIL

n_iter: 315
ct: 124
hue_offset: 191
saturation: 0.28

num_attempts: 14
dur: 8
std: 27.47
size: 385557 (376.52 KiB)

xmin: 0.2434515474142227
xmax: 0.3106157265187003
ymin: -0.40274667259685826
ymax: -0.3649668218505896

contrast: 1.62
brightness: -0.05
saturation: 1.52
gamma: 1.07
gamma_r: 0.96
gamma_g: 1.02
gamma_b: 1.05
vignette: -45
temp: 4940