tweet_id: 1707042990378606824
masto_id: 111137635979321803
subre_id: FAIL

n_iter: 371
ct: 255
hue_offset: 340
saturation: 0.06

num_attempts: 412
dur: 605
std: 51.64
size: 742484 (725.08 KiB)

xmin: 0.5455391467291322
xmax: 0.5525938204504726
ymin: 0.2428266241010244
ymax: 0.24679487806927836

contrast: 1.57
brightness: 0.08
saturation: 0.48
gamma: 1.01
gamma_r: 0.95
gamma_g: 0.97
gamma_b: 1.08
vignette: 32
temp: 4804