tweet_id: 1708468069230895209
masto_id: 111159902788027720
subre_id: FAIL

newton_power: 7
newton_const: -6

n_iter: 103
ct: 131
hue_offset: 68
saturation: -0.78

num_attempts: 76
dur: 601
std: 14.81
size: 1204787 (1.15 MiB)

xmin: -0.571605284028553
xmax: -0.5026397667871737
ymin: 0.6827947757812707
ymax: 0.7215878792295466

contrast: 1.05
brightness: -0.0
saturation: 0.55
gamma: 1.07
gamma_r: 0.97
gamma_g: 1.1
gamma_b: 1.01
vignette: 16
temp: 6002