tweet_id: 1713596610003796198
masto_id: 111240036151685844
subre_id: Not uploaded, but here's the text: You are lovely!  #Fractals #DeepLearning

n_iter: 361
ct: 1
hue_offset: 81
saturation: -0.74

num_attempts: 422
dur: 602
std: 50.9
size: 1323328 (1.26 MiB)

xmin: -0.08691814162636091
xmax: -0.08212772246468426
ymin: -1.1521181652496517
ymax: -1.1494235544712086

contrast: 1.28
brightness: 0.13
saturation: 0.41
gamma: 0.94
gamma_r: 0.96
gamma_g: 0.99
gamma_b: 1.07
vignette: -35
temp: 3996