tweet_id: 1709428670492790851
masto_id: 111174912077859871
subre_id: FAIL

n_iter: 407
ct: 1
hue_offset: 98
saturation: 0.75

num_attempts: 361
dur: 600
std: 69.34
size: 935643 (913.71 KiB)

xmin: -0.22951489108421574
xmax: -0.2196383478743392
ymin: 0.7243101445171853
ymax: 0.7298657000727409

contrast: 1.54
brightness: -0.06
saturation: 1.28
gamma: 1.07
gamma_r: 1.07
gamma_g: 0.95
gamma_b: 0.91
vignette: -6
temp: 6322