tweet_id: 1711354596298277182
masto_id: 111205004671854783
subre_id: Not uploaded, but here's the text: Cheers to an incredible Monday!  #Science #AI

n_iter: 162
ct: 206
hue_offset: 266
saturation: 0.88

num_attempts: 7
dur: 5
std: 26.41
size: 2049626 (1.95 MiB)

xmin: -0.4126539418908637
xmax: -0.3244186477732166
ymin: -0.9826115403720157
ymax: -0.9329791874308392

contrast: 0.72
brightness: 0.2
saturation: 1.41
gamma: 0.91
gamma_r: 0.98
gamma_g: 1.1
gamma_b: 1.05
vignette: 30
temp: 6452