tweet_id: 1710429497160274325
masto_id: 111190550151564513
subre_id: FAIL

newton_power: 3
newton_const: -9

n_iter: 236
ct: 248
hue_offset: 121
saturation: -0.16

num_attempts: 266
dur: 600
std: 4.08
size: 594418 (580.49 KiB)

xmin: 0.58012925734013
xmax: 0.5918709403146897
ymin: -1.2599673095453436
ymax: -1.2533626128721538

contrast: 1.66
brightness: 0.18
saturation: 0.35
gamma: 1.05
gamma_r: 1.01
gamma_g: 1.08
gamma_b: 1.01
vignette: 18
temp: 6402