tweet_id: 1710748601129812023
masto_id: 111195536125864037
subre_id: Not uploaded, but here's the text: Have a great day!  #AI #VisualArt

n_iter: 194
ct: 7
hue_offset: 247
saturation: 0.33

num_attempts: 6
dur: 5
std: 24.17
size: 1772393 (1.69 MiB)

xmin: -1.1956088460146908
xmax: -0.6331088460146908
ymin: -1.0910234006143387
ymax: -0.7746171506143387

contrast: 1.76
brightness: 0.06
saturation: 1.18
gamma: 0.92
gamma_r: 1.03
gamma_g: 0.96
gamma_b: 1.1
vignette: -40
temp: 5371