tweet_id: 1706926336088936838
masto_id: 111135813118159562
subre_id: FAIL

newton_power: 6
newton_const: 8

n_iter: 87
ct: 54
hue_offset: 238
saturation: 0.69

num_attempts: 82
dur: 600
std: 31.65
size: 856755 (836.67 KiB)

xmin: -0.5692919075501282
xmax: -0.5392919075501281
ymin: 0.9374558302415621
ymax: 0.9543308302415621

contrast: 1.37
brightness: 0.0
saturation: 1.17
gamma: 0.92
gamma_r: 0.99
gamma_g: 0.99
gamma_b: 1.07
vignette: -24
temp: 6984