tweet_id: 1710360949750743505
masto_id: 111189478992115345
subre_id: FAIL

n_iter: 398
ct: 197
hue_offset: 176
saturation: 0.72

num_attempts: 7
dur: 7
std: 59.87
size: 1708093 (1.63 MiB)

xmin: 0.15554816397461657
xmax: 0.1560374007652232
ymin: -0.58648296662563
ymax: -0.5862077709309138

contrast: 1.76
brightness: 0.06
saturation: 0.91
gamma: 1.05
gamma_r: 1.08
gamma_g: 0.96
gamma_b: 1.06
vignette: 13
temp: 4314