tweet_id: 1708423287582208511
masto_id: 111159202960079577
subre_id: FAIL

n_iter: 366
ct: 235
hue_offset: 55
saturation: -0.61

num_attempts: 6
dur: 3
std: 56.4
size: 2179403 (2.08 MiB)

xmin: -0.4431642533183875
xmax: -0.2631642533183875
ymin: -0.9844417622021893
ymax: -0.8831917622021893

contrast: 0.76
brightness: 0.15
saturation: 0.56
gamma: 1.02
gamma_r: 0.93
gamma_g: 0.98
gamma_b: 1.09
vignette: -20
temp: 3610