tweet_id: 1711749756186202200
masto_id: 111211179174066281
subre_id: Not uploaded, but here's the text: Today is awesome!  #VisualArt #AI

n_iter: 327
ct: 112
hue_offset: 327
saturation: 0.09

num_attempts: 33
dur: 25
std: 24.5
size: 870939 (850.53 KiB)

xmin: -0.7160586680442136
xmax: -0.7132377935731276
ymin: 0.3073319302248807
ymax: 0.3089186721148666

contrast: 1.11
brightness: -0.05
saturation: 1.17
gamma: 1.05
gamma_r: 1.07
gamma_g: 1.0
gamma_b: 1.04
vignette: -22
temp: 2189