tweet_id: 1707258601486844393
masto_id: 111141004801822304
subre_id: FAIL

newton_power: 6
newton_const: -2

n_iter: 94
ct: 113
hue_offset: 278
saturation: -0.09

num_attempts: 77
dur: 603
std: 15.31
size: 774401 (756.25 KiB)

xmin: 0.29198792868298984
xmax: 0.3008900058343251
ymin: -0.03301920925182422
ymax: -0.02801179085419811

contrast: 1.34
brightness: 0.18
saturation: 0.87
gamma: 0.98
gamma_r: 0.9
gamma_g: 1.02
gamma_b: 1.07
vignette: -8
temp: 7605