tweet_id: 1711002019509489667
masto_id: 111199495725925162
subre_id: Not uploaded, but here's the text: Today is awesome!  #DigitalArt #Programming

n_iter: 345
ct: 1
hue_offset: 204
saturation: -0.75

num_attempts: 355
dur: 607
std: 58.66
size: 913342 (891.94 KiB)

xmin: 0.1855975551496063
xmax: 0.19323114293586585
ymin: -0.742770788719779
ymax: -0.738476895590008

contrast: 0.79
brightness: 0.13
saturation: 1.15
gamma: 1.04
gamma_r: 0.99
gamma_g: 0.93
gamma_b: 0.92
vignette: -5
temp: 4459