tweet_id: 1707767619351158842
masto_id: 111148958264115986
subre_id: FAIL

n_iter: 301
ct: 255
hue_offset: 335
saturation: 0.05

num_attempts: 505
dur: 603
std: 58.08
size: 474393 (463.27 KiB)

xmin: 0.17783184163829624
xmax: 0.18183184163829624
ymin: 1.1254232976459266
ymax: 1.1276732976459267

contrast: 1.55
brightness: 0.1
saturation: 1.04
gamma: 0.93
gamma_r: 0.96
gamma_g: 0.99
gamma_b: 1.02
vignette: 24
temp: 6024