tweet_id: 1706978745679233286
masto_id: 111136632161899193
subre_id: FAIL

n_iter: 211
ct: 82
hue_offset: 114
saturation: 0.54

num_attempts: 42
dur: 16
std: 23.05
size: 1143217 (1.09 MiB)

xmin: -0.7268660758093901
xmax: -0.7263744941453861
ymin: -0.2749882365001336
ymax: -0.2747117218141314

contrast: 1.2
brightness: 0.02
saturation: 0.58
gamma: 0.99
gamma_r: 0.92
gamma_g: 0.9
gamma_b: 1.02
vignette: -46
temp: 5755