tweet_id: 1707103651817509155
masto_id: FAIL
subre_id: FAIL

n_iter: 436
ct: 1
hue_offset: 356
saturation: -0.71

num_attempts: 289
dur: 606
std: 56.15
size: 1144864 (1.09 MiB)

xmin: 0.2382615585124932
xmax: 0.2553555756065103
ymin: 0.7387501174308881
ymax: 0.7483655020462727

contrast: 0.89
brightness: 0.14
saturation: 1.63
gamma: 1.01
gamma_r: 1.07
gamma_g: 0.95
gamma_b: 0.95
vignette: -8
temp: 5725