tweet_id: 1708708089111736424
masto_id: 111163653120847092
subre_id: FAIL

newton_power: 5
newton_const: -10

n_iter: 117
ct: 123
hue_offset: 22
saturation: -0.6

num_attempts: 107
dur: 602
std: 9.55
size: 910666 (889.32 KiB)

xmin: -1.243490855085069
xmax: -1.2301278261318396
ymin: -0.1419522643191542
ymax: -0.13443556053296266

contrast: 0.78
brightness: 0.17
saturation: 1.6
gamma: 1.05
gamma_r: 0.91
gamma_g: 0.91
gamma_b: 0.97
vignette: -11
temp: 6256