tweet_id: 1706948814576476499
masto_id: 111136164429089392
subre_id: FAIL

n_iter: 975
ct: 240
hue_offset: 313
saturation: -0.21

num_attempts: 54
dur: 132
std: 168.69
size: 1012449 (988.72 KiB)

xmin: -1.221638273045173
xmax: -1.2209658911322463
ymin: 0.11656911899205213
ymax: 0.11694733381807332

contrast: 1.29
brightness: 0.15
saturation: 1.59
gamma: 0.99
gamma_r: 0.99
gamma_g: 1.1
gamma_b: 0.95
vignette: 18
temp: 7496