tweet_id: 1710145125668605963
masto_id: 111186106779541671
subre_id: FAIL

n_iter: 312
ct: 112
hue_offset: 244
saturation: 0.94

num_attempts: 6
dur: 3
std: 30.15
size: 807314 (788.39 KiB)

xmin: -0.932787794788823
xmax: 0.567212205211177
ymin: -1.0377686468509062
ymax: -0.1940186468509062

contrast: 1.27
brightness: 0.2
saturation: 1.5
gamma: 1.01
gamma_r: 1.08
gamma_g: 0.98
gamma_b: 0.93
vignette: 18
temp: 6989