tweet_id: 1712380080079491408
masto_id: 111221027932672557
subre_id: Not uploaded, but here's the text: you are fantastic!  #VisualArt #Programming

n_iter: 232
ct: 154
hue_offset: 122
saturation: -0.42

num_attempts: 1
dur: 0
std: 32.62
size: 1624182 (1.55 MiB)

xmin: -0.6889568808707507
xmax: -0.23895688087075068
ymin: -1.1863990762164922
ymax: -0.9332740762164922

contrast: 1.73
brightness: 0.15
saturation: 1.06
gamma: 1.1
gamma_r: 0.91
gamma_g: 1.03
gamma_b: 1.03
vignette: -35
temp: 7130