tweet_id: 1709020776295280824
masto_id: 111168538735132757
subre_id: FAIL

n_iter: 541
ct: 255
hue_offset: 41
saturation: -0.08

num_attempts: 313
dur: 601
std: 39.07
size: 567870 (554.56 KiB)

xmin: 0.18971135381156712
xmax: 0.21156927730883487
ymin: -0.8694020872407654
ymax: -0.8571070052735523

contrast: 1.4
brightness: 0.12
saturation: 0.59
gamma: 0.93
gamma_r: 0.94
gamma_g: 0.97
gamma_b: 0.99
vignette: -6
temp: 3662