tweet_id: 1708102732064907635
masto_id: 111154194393109133
subre_id: FAIL

n_iter: 545
ct: 1
hue_offset: 45
saturation: 0.1

num_attempts: 306
dur: 604
std: 67.69
size: 1218971 (1.16 MiB)

xmin: -0.5528659321995193
xmax: -0.5409256336920566
ymin: -0.19919323765173158
ymax: -0.19247681974128383

contrast: 1.19
brightness: 0.15
saturation: 0.96
gamma: 1.05
gamma_r: 1.01
gamma_g: 0.94
gamma_b: 1.08
vignette: 26
temp: 5767