tweet_id: 1708966861403238811
masto_id: 111167696795538634
subre_id: FAIL

n_iter: 143
ct: 197
hue_offset: 167
saturation: -0.03

num_attempts: 22
dur: 10
std: 23.78
size: 1674584 (1.6 MiB)

xmin: -0.2134199417682483
xmax: -0.05824752797514485
ymin: -1.1313288089168805
ymax: -1.0440443261582597

contrast: 1.51
brightness: -0.0
saturation: 1.68
gamma: 0.94
gamma_r: 0.98
gamma_g: 1.02
gamma_b: 0.92
vignette: 29
temp: 5323