tweet_id: 1711663601650373080
masto_id: 111209832902963071
subre_id: Not uploaded, but here's the text: Smile, it's Tuesday!  #AI #MachineLearning

n_iter: 565
ct: 1
hue_offset: 193
saturation: -0.28

num_attempts: 225
dur: 610
std: 84.33
size: 1506775 (1.44 MiB)

xmin: -0.4446228996404449
xmax: -0.44024653202556524
ymin: -0.5722374304315837
ymax: -0.5697757236482139

contrast: 1.75
brightness: 0.07
saturation: 0.44
gamma: 0.99
gamma_r: 1.02
gamma_g: 1.09
gamma_b: 1.0
vignette: -22
temp: 4460