tweet_id: 1708156728661954692
masto_id: 111155038445423853
subre_id: FAIL

n_iter: 946
ct: 241
hue_offset: 18
saturation: -0.98

num_attempts: 107
dur: 191
std: 92.13
size: 1484508 (1.42 MiB)

xmin: 0.13805208043148154
xmax: 0.13933949594483847
ymin: -0.5903422922518333
ymax: -0.5896181210255701

contrast: 1.61
brightness: 0.08
saturation: 0.87
gamma: 0.97
gamma_r: 1.1
gamma_g: 0.94
gamma_b: 1.03
vignette: -26
temp: 5690