tweet_id: 1710210473918918970
masto_id: 111187128020959790
subre_id: FAIL

n_iter: 904
ct: 129
hue_offset: 312
saturation: 0.86

num_attempts: 135
dur: 197
std: 39.53
size: 1065203 (1.02 MiB)

xmin: 0.3573641995920753
xmax: 0.44625308848096423
ymin: -0.39963921225409027
ymax: -0.3496392122540903

contrast: 1.12
brightness: 0.06
saturation: 1.21
gamma: 0.99
gamma_r: 0.9
gamma_g: 0.96
gamma_b: 1.08
vignette: 24
temp: 5412