tweet_id: 1709973633194709363
masto_id: 111183427462796890
subre_id: FAIL

n_iter: 605
ct: 255
hue_offset: 245
saturation: -0.12

num_attempts: 238
dur: 613
std: 58.01
size: 1197260 (1.14 MiB)

xmin: 0.5308968627769661
xmax: 0.5369028687829721
ymin: 0.12907256692781988
ymax: 0.13245094530619825

contrast: 1.34
brightness: 0.21
saturation: 1.32
gamma: 0.94
gamma_r: 0.94
gamma_g: 1.09
gamma_b: 0.97
vignette: -47
temp: 2138