tweet_id: 1707582893533606134
masto_id: 111146071864305632
subre_id: FAIL

n_iter: 546
ct: 169
hue_offset: 127
saturation: 0.37

num_attempts: 25
dur: 40
std: 90.89
size: 1864026 (1.78 MiB)

xmin: -0.03947532136259024
xmax: -0.03863832617531257
ymin: -0.700740386618566
ymax: -0.7002695768257223

contrast: 0.74
brightness: 0.12
saturation: 0.94
gamma: 1.04
gamma_r: 0.97
gamma_g: 1.03
gamma_b: 1.02
vignette: -42
temp: 4653