tweet_id: 1710248334454342008
masto_id: 111187719398774510
subre_id: FAIL

newton_power: 6
newton_const: -7

n_iter: 170
ct: 186
hue_offset: 171
saturation: 0.03

num_attempts: 80
dur: 605
std: 17.04
size: 947431 (925.23 KiB)

xmin: -2.1753055483255146
xmax: -2.1522286252485916
ymin: -1.514692999604001
ymax: -1.5017122303732318

contrast: 1.2
brightness: 0.2
saturation: 0.82
gamma: 1.03
gamma_r: 1.03
gamma_g: 1.0
gamma_b: 0.97
vignette: -34
temp: 4322