tweet_id: 1709700321046344089
masto_id: 111179156721508884
subre_id: FAIL

n_iter: 506
ct: 255
hue_offset: 77
saturation: 0.92

num_attempts: 363
dur: 600
std: 57.91
size: 1187768 (1.13 MiB)

xmin: -0.5462529382979497
xmax: -0.5391858004887624
ymin: -0.6246454921470149
ymax: -0.620670227129347

contrast: 0.77
brightness: 0.23
saturation: 0.66
gamma: 0.94
gamma_r: 0.91
gamma_g: 1.01
gamma_b: 0.99
vignette: 31
temp: 2324