tweet_id: 1708401809054642632
masto_id: 111158867459379339
subre_id: FAIL

n_iter: 565
ct: 255
hue_offset: 281
saturation: -0.22

num_attempts: 279
dur: 603
std: 92.27
size: 643102 (628.03 KiB)

xmin: -0.454767132280095
xmax: -0.45014819463575323
ymin: -0.547946829654684
ymax: -0.5453486772297418

contrast: 1.3
brightness: -0.07
saturation: 1.47
gamma: 0.92
gamma_r: 1.04
gamma_g: 0.9
gamma_b: 0.91
vignette: -9
temp: 7442