tweet_id: 1706986729343709401
masto_id: 111136756892148575
subre_id: FAIL

newton_power: 5
newton_const: -9

n_iter: 109
ct: 117
hue_offset: 122
saturation: 0.16

num_attempts: 98
dur: 602
std: 12.53
size: 701305 (684.87 KiB)

xmin: -1.4637390189299935
xmax: -1.45040568559666
ymin: -0.05670637136659673
ymax: -0.04920637136659673

contrast: 0.82
brightness: -0.02
saturation: 0.62
gamma: 1.04
gamma_r: 0.95
gamma_g: 1.05
gamma_b: 1.05
vignette: 6
temp: 3309