tweet_id: 1709746125819785506
masto_id: 111179872304067367
subre_id: FAIL

n_iter: 596
ct: 1
hue_offset: 115
saturation: -0.95

num_attempts: 269
dur: 611
std: 87.34
size: 1117581 (1.07 MiB)

xmin: 0.5325130551019615
xmax: 0.5377281789611531
ymin: 0.4030428694901078
ymax: 0.40597637666090314

contrast: 1.64
brightness: 0.15
saturation: 1.07
gamma: 1.07
gamma_r: 1.09
gamma_g: 1.01
gamma_b: 1.02
vignette: 26
temp: 6195