tweet_id: 1711655424666038273
masto_id: 111209705117439740
subre_id: Not uploaded, but here's the text: you are cool  #MachineLearning #Math

n_iter: 442
ct: 72
hue_offset: 120
saturation: 0.93

num_attempts: 14
dur: 16
std: 22.94
size: 2107838 (2.01 MiB)

xmin: 0.6455766780015719
xmax: 0.6910312234561173
ymin: -1.2834520115128276
ymax: -1.2578838296946457

contrast: 0.84
brightness: 0.05
saturation: 1.38
gamma: 1.05
gamma_r: 0.94
gamma_g: 1.09
gamma_b: 1.04
vignette: -48
temp: 5842