tweet_id: 1707824146607124564
masto_id: 111149841502157032
subre_id: FAIL

n_iter: 616
ct: 209
hue_offset: 219
saturation: 0.14

num_attempts: 21
dur: 5
std: 38.61
size: 1128322 (1.08 MiB)

xmin: 0.4149264016114298
xmax: 0.4154198632447878
ymin: -0.3389098276017084
ymax: -0.3386322554329445

contrast: 0.94
brightness: 0.16
saturation: 0.96
gamma: 0.94
gamma_r: 0.99
gamma_g: 1.03
gamma_b: 0.95
vignette: -21
temp: 4874