tweet_id: 1714221825406734481
masto_id: 111249805147075299
subre_id: Not uploaded, but here's the text: You are lovely!  #Programming #Math

n_iter: 382
ct: 3
hue_offset: 143
saturation: 0.65

num_attempts: 11
dur: 7
std: 23.86
size: 793240 (774.65 KiB)

xmin: -0.62428407713892
xmax: 1.62571592286108
ymin: -1.330732276515344
ymax: -0.06510727651534398

contrast: 1.38
brightness: 0.16
saturation: 1.01
gamma: 0.92
gamma_r: 1.04
gamma_g: 1.01
gamma_b: 1.07
vignette: -46
temp: 3507