tweet_id: 1713315345220390966
masto_id: 111235641373693647
subre_id: Not uploaded, but here's the text: Today is awesome!  #AI #MachineLearning

n_iter: 188
ct: 13
hue_offset: 99
saturation: -0.3

num_attempts: 54
dur: 20
std: 26.45
size: 898051 (877.0 KiB)

xmin: 0.0629885290992438
xmax: 0.3442385290992438
ymin: -1.1812470822740633
ymax: -1.0230439572740633

contrast: 1.3
brightness: 0.03
saturation: 1.57
gamma: 0.99
gamma_r: 1.04
gamma_g: 1.1
gamma_b: 0.97
vignette: -36
temp: 2803