tweet_id: 1707612581161017555
masto_id: 111146535768475955
subre_id: FAIL

n_iter: 203
ct: 158
hue_offset: 106
saturation: -0.27

num_attempts: 116
dur: 70
std: 21.83
size: 1102226 (1.05 MiB)

xmin: -0.7438335032718357
xmax: -0.7427847355738808
ymin: -0.24382615234454996
ymax: -0.24323622051445032

contrast: 1.62
brightness: 0.23
saturation: 0.31
gamma: 0.96
gamma_r: 0.99
gamma_g: 0.94
gamma_b: 1.0
vignette: -36
temp: 3980