tweet_id: 1710157654696583585
masto_id: 111186302579002121
subre_id: FAIL

newton_power: 4
newton_const: -4

n_iter: 65
ct: 82
hue_offset: 293
saturation: -0.59

num_attempts: 113
dur: 601
std: 7.11
size: 1099577 (1.05 MiB)

xmin: 1.476612324830775
xmax: 1.5024743937962923
ymin: 1.544715615986787
ymax: 1.5592630297798904

contrast: 1.57
brightness: 0.16
saturation: 0.45
gamma: 0.91
gamma_r: 1.04
gamma_g: 1.0
gamma_b: 1.07
vignette: -19
temp: 3231