tweet_id: 1709661674385387528
masto_id: FAIL
subre_id: FAIL

n_iter: 256
ct: 128
hue_offset: 279
saturation: 0.35

num_attempts: 12
dur: 5
std: 20.97
size: 847777 (827.91 KiB)

xmin: -2.1955406660815617
xmax: -0.6955406660815617
ymin: -1.1137593942701476
ymax: -0.2700093942701476

contrast: 1.0
brightness: -0.02
saturation: 0.49
gamma: 0.97
gamma_r: 1.08
gamma_g: 0.96
gamma_b: 0.99
vignette: -40
temp: 7902