tweet_id: 1707487283346014243
masto_id: 111144577863458135
subre_id: FAIL

n_iter: 493
ct: 49
hue_offset: 273
saturation: 0.82

num_attempts: 20
dur: 15
std: 20.75
size: 128658 (125.64 KiB)

xmin: -1.1117117765244868
xmax: 1.1382882234755132
ymin: -0.7796080399784406
ymax: 0.48601696002155936

contrast: 1.35
brightness: -0.01
saturation: 1.4
gamma: 0.93
gamma_r: 0.99
gamma_g: 1.06
gamma_b: 1.07
vignette: 0
temp: 5926