tweet_id: 1709450917915828592
masto_id: 111175259687034543
subre_id: FAIL

n_iter: 476
ct: 13
hue_offset: 214
saturation: -0.15

num_attempts: 16
dur: 15
std: 55.56
size: 2373166 (2.26 MiB)

xmin: -0.7227846966942804
xmax: -0.4859425914311225
ymin: -0.9476307099651726
ymax: -0.8144070257546463

contrast: 1.58
brightness: 0.15
saturation: 1.63
gamma: 1.0
gamma_r: 0.99
gamma_g: 1.05
gamma_b: 0.98
vignette: -34
temp: 4085