tweet_id: 1713651442534453693
masto_id: 111240893009998620
subre_id: Not uploaded, but here's the text: Keep shining on Sunday!  #Science #Fractals

n_iter: 808
ct: 114
hue_offset: 124
saturation: 0.58

num_attempts: 97
dur: 115
std: 44.04
size: 707685 (691.1 KiB)

xmin: -0.6714746695962939
xmax: -0.27147466959629385
ymin: -0.6809905140183257
ymax: -0.4559905140183257

contrast: 1.76
brightness: 0.16
saturation: 0.41
gamma: 0.97
gamma_r: 0.99
gamma_g: 1.0
gamma_b: 0.99
vignette: -14
temp: 3628