tweet_id: 1709402759722582515
masto_id: 111174507307703232
subre_id: FAIL

newton_power: 4
newton_const: -9

n_iter: 140
ct: 106
hue_offset: 28
saturation: -0.89

num_attempts: 128
dur: 606
std: 6.45
size: 974615 (951.77 KiB)

xmin: 1.7481616815359118
xmax: 1.7647821801508703
ymin: 1.7549465582839678
ymax: 1.764295588754882

contrast: 1.43
brightness: 0.05
saturation: 0.38
gamma: 0.91
gamma_r: 0.95
gamma_g: 0.96
gamma_b: 1.03
vignette: -20
temp: 7442