tweet_id: 1712810337521766606
masto_id: 111227750667981418
subre_id: Not uploaded, but here's the text: Chin up, lovely humans!  #DeepLearning #Math

n_iter: 267
ct: 112
hue_offset: 234
saturation: -0.53

num_attempts: 9
dur: 5
std: 54.12
size: 1703618 (1.62 MiB)

xmin: -0.4265654981757119
xmax: -0.42606562314446966
ymin: 0.5763381677625179
ymax: 0.5766193474675916

contrast: 1.75
brightness: 0.17
saturation: 0.58
gamma: 0.93
gamma_r: 0.95
gamma_g: 1.01
gamma_b: 0.98
vignette: -47
temp: 4512