tweet_id: 1712026066926354770
masto_id: 111215496518578775
subre_id: Not uploaded, but here's the text: Chin up, buttercup!  #MachineLearning #Science

n_iter: 598
ct: 1
hue_offset: 163
saturation: 0.25

num_attempts: 289
dur: 605
std: 26.84
size: 1122237 (1.07 MiB)

xmin: 0.49676483276550343
xmax: 0.5025119592022851
ymin: 0.6197599261614029
ymax: 0.6229926847820925

contrast: 1.24
brightness: -0.05
saturation: 1.19
gamma: 1.03
gamma_r: 0.95
gamma_g: 1.04
gamma_b: 1.07
vignette: 17
temp: 5100