tweet_id: 1707490817185923288
masto_id: 111144633139346172
subre_id: FAIL

n_iter: 389
ct: 93
hue_offset: 325
saturation: -0.52

num_attempts: 158
dur: 115
std: 87.51
size: 983585 (960.53 KiB)

xmin: -0.28130993942056026
xmax: -0.2804192691912127
ymin: 0.6292758296639231
ymax: 0.6297768316679312

contrast: 1.68
brightness: 0.08
saturation: 0.85
gamma: 0.95
gamma_r: 0.9
gamma_g: 0.97
gamma_b: 1.07
vignette: -21
temp: 5594