tweet_id: 1712388459409883313
masto_id: 111221158808621411
subre_id: Not uploaded, but here's the text: Chin up, buttercup!  #Science #Nature

n_iter: 575
ct: 1
hue_offset: 113
saturation: 0.92

num_attempts: 211
dur: 613
std: 60.26
size: 475649 (464.5 KiB)

xmin: -0.2260742704391272
xmax: -0.2184697077014846
ymin: 1.1194349078814474
ymax: 1.1237124744213713

contrast: 1.4
brightness: 0.14
saturation: 0.9
gamma: 0.94
gamma_r: 0.95
gamma_g: 0.98
gamma_b: 1.0
vignette: -32
temp: 4081