tweet_id: 1707948834209341785
masto_id: 111151789776794048
subre_id: FAIL

n_iter: 321
ct: 255
hue_offset: 322
saturation: 0.98

num_attempts: 410
dur: 600
std: 54.25
size: 894332 (873.37 KiB)

xmin: 0.23680215233228585
xmax: 0.24360487342072124
ymin: -0.7315664747128265
ymax: -0.7277399441005816

contrast: 1.3
brightness: 0.15
saturation: 0.32
gamma: 1.08
gamma_r: 0.92
gamma_g: 0.92
gamma_b: 0.94
vignette: 25
temp: 3396