tweet_id: 1709640604693434450
masto_id: 111178223551286206
subre_id: FAIL

n_iter: 299
ct: 1
hue_offset: 80
saturation: 0.87

num_attempts: 463
dur: 603
std: 54.35
size: 583331 (569.66 KiB)

xmin: -0.3477823467158041
xmax: -0.3430985059663896
ymin: -0.7190860857671438
ymax: -0.7164514253455981

contrast: 1.23
brightness: 0.01
saturation: 0.49
gamma: 1.09
gamma_r: 0.91
gamma_g: 1.08
gamma_b: 0.98
vignette: 24
temp: 7968