tweet_id: 1707703702981587269
masto_id: 111147959565354125
subre_id: FAIL

n_iter: 482
ct: 202
hue_offset: 25
saturation: -0.26

num_attempts: 73
dur: 70
std: 19.11
size: 1077790 (1.03 MiB)

xmin: 0.41601234874737125
xmax: 0.4181933738291597
ymin: 0.35055911832901443
ymax: 0.3517859449375204

contrast: 1.21
brightness: -0.09
saturation: 1.19
gamma: 0.99
gamma_r: 1.07
gamma_g: 0.96
gamma_b: 0.98
vignette: -23
temp: 5397