tweet_id: 1708255104728793296
masto_id: 111156575211364219
subre_id: FAIL

newton_power: 6
newton_const: -4

n_iter: 160
ct: 62
hue_offset: 141
saturation: 0.44

num_attempts: 75
dur: 602
std: 14.9
size: 1405770 (1.34 MiB)

xmin: -1.3746159889244338
xmax: 1.6253840110755662
ymin: -0.832669337617685
ymax: 0.854830662382315

contrast: 0.85
brightness: -0.1
saturation: 1.43
gamma: 1.03
gamma_r: 1.02
gamma_g: 0.96
gamma_b: 1.02
vignette: -26
temp: 7798