tweet_id: 1708730761749172611
masto_id: 111164007364071418
subre_id: FAIL

n_iter: 723
ct: 70
hue_offset: 87
saturation: -0.38

num_attempts: 84
dur: 109
std: 31.4
size: 705380 (688.85 KiB)

xmin: -0.7234758188117119
xmax: -0.15204724738314046
ymin: -0.8746452834939611
ymax: -0.5532167120653897

contrast: 0.79
brightness: 0.06
saturation: 1.6
gamma: 0.91
gamma_r: 1.03
gamma_g: 0.95
gamma_b: 1.04
vignette: 26
temp: 2160