tweet_id: 1708549133642895488
masto_id: 111161169623463394
subre_id: FAIL

n_iter: 567
ct: 158
hue_offset: 287
saturation: 0.58

num_attempts: 174
dur: 202
std: 55.43
size: 1728395 (1.65 MiB)

xmin: 0.08606820755050837
xmax: 0.0867023229595128
ymin: -0.6236157430479248
ymax: -0.6232590531303598

contrast: 1.76
brightness: 0.21
saturation: 0.84
gamma: 0.95
gamma_r: 0.93
gamma_g: 1.07
gamma_b: 1.05
vignette: -34
temp: 4890