tweet_id: 1710365155035349159
masto_id: 111189544732338421
subre_id: FAIL

n_iter: 453
ct: 255
hue_offset: 32
saturation: 0.48

num_attempts: 334
dur: 601
std: 71.47
size: 598087 (584.07 KiB)

xmin: -0.04688947119197495
xmax: -0.04176126606376982
ymin: -0.7704630499865744
ymax: -0.7675784346019591

contrast: 1.3
brightness: 0.21
saturation: 1.18
gamma: 1.02
gamma_r: 1.08
gamma_g: 1.1
gamma_b: 0.98
vignette: -3
temp: 6772