tweet_id: 1707288801071214916
masto_id: 111141476717879427
subre_id: FAIL

newton_power: 4
newton_const: 9

n_iter: 239
ct: 238
hue_offset: 342
saturation: 0.17

num_attempts: 106
dur: 603
std: 6.62
size: 434869 (424.68 KiB)

xmin: -0.024052650955814325
xmax: 0.0059473490441856736
ymin: 0.2876781285340031
ymax: 0.30455312853400307

contrast: 1.03
brightness: 0.23
saturation: 0.76
gamma: 1.1
gamma_r: 1.08
gamma_g: 1.04
gamma_b: 1.1
vignette: -4
temp: 3671