tweet_id: 1709459279789642096
masto_id: 111175390296376174
subre_id: FAIL

n_iter: 391
ct: 255
hue_offset: 258
saturation: -0.65

num_attempts: 336
dur: 600
std: 43.65
size: 299446 (292.43 KiB)

xmin: -0.197633710836564
xmax: -0.19106556633738503
ymin: 0.8630035084540579
ymax: 0.8666980897348461

contrast: 1.69
brightness: -0.07
saturation: 0.91
gamma: 1.06
gamma_r: 0.9
gamma_g: 0.91
gamma_b: 1.06
vignette: -14
temp: 5362