tweet_id: 1709674540350181817
masto_id: 111178753887805133
subre_id: FAIL

newton_power: 4
newton_const: 2

n_iter: 150
ct: 74
hue_offset: 91
saturation: -0.25

num_attempts: 134
dur: 601
std: 6.35
size: 942717 (920.62 KiB)

xmin: 2.512232432242575
xmax: 2.5319045633901163
ymin: -0.0009783101751155154
ymax: 0.010087263595376289

contrast: 0.96
brightness: 0.01
saturation: 0.63
gamma: 0.97
gamma_r: 1.0
gamma_g: 1.05
gamma_b: 0.9
vignette: 24
temp: 4681