tweet_id: 1712090137998340127
masto_id: 111216497580598457
subre_id: Not uploaded, but here's the text: you're awesome!  #DeepLearning #Nature

n_iter: 535
ct: 255
hue_offset: 6
saturation: 0.45

num_attempts: 265
dur: 602
std: 53.26
size: 912615 (891.23 KiB)

xmin: -0.4812577774235438
xmax: -0.4738912949189398
ymin: 0.5888712975526138
ymax: 0.5930149439614536

contrast: 1.17
brightness: 0.22
saturation: 0.48
gamma: 0.96
gamma_r: 0.91
gamma_g: 0.97
gamma_b: 1.1
vignette: -10
temp: 3045