tweet_id: 1706887681760755943
masto_id: 111135209184708918
subre_id: FAIL

n_iter: 912
ct: 220
hue_offset: 232
saturation: 0.55

num_attempts: 12
dur: 32
std: 177.78
size: 955732 (933.33 KiB)

xmin: -0.8598939008132231
xmax: -0.8593806855194074
ymin: 0.2069034228967428
ymax: 0.20719210649951417

contrast: 1.31
brightness: 0.21
saturation: 1.56
gamma: 1.0
gamma_r: 0.94
gamma_g: 0.95
gamma_b: 0.97
vignette: -14
temp: 7981