tweet_id: 1706982769455157283
masto_id: 111136694977440026
subre_id: FAIL

n_iter: 265
ct: 1
hue_offset: 252
saturation: 0.63

num_attempts: 560
dur: 602
std: 44.55
size: 1079033 (1.03 MiB)

xmin: 0.38725925860353394
xmax: 0.39888716558027815
ymin: -0.620976580913091
ymax: -0.6144358832386725

contrast: 1.32
brightness: 0.15
saturation: 1.55
gamma: 0.99
gamma_r: 1.04
gamma_g: 0.98
gamma_b: 1.09
vignette: -26
temp: 7396