tweet_id: 1707590743546859809
masto_id: 111146194570328522
subre_id: FAIL

newton_power: 3
newton_const: 9

n_iter: 178
ct: 45
hue_offset: 4
saturation: -0.3

num_attempts: 255
dur: 600
std: 4.16
size: 931088 (909.27 KiB)

xmin: -1.3705714706297947
xmax: -1.2573639234599834
ymin: -1.7050265381721792
ymax: -1.6413472928891604

contrast: 1.18
brightness: 0.08
saturation: 0.58
gamma: 1.03
gamma_r: 1.07
gamma_g: 0.96
gamma_b: 0.95
vignette: -21
temp: 4276