tweet_id: 1711723196104462343
masto_id: 111210764183225933
subre_id: Not uploaded, but here's the text: Wishing you the best!  #Nature #AI

n_iter: 296
ct: 63
hue_offset: 132
saturation: 0.32

num_attempts: 32
dur: 23
std: 73.64
size: 1343363 (1.28 MiB)

xmin: -0.032769758032082485
xmax: -0.03217900334296714
ymin: 0.7744187695909643
ymax: 0.7747510691035917

contrast: 1.02
brightness: 0.15
saturation: 1.38
gamma: 1.0
gamma_r: 1.06
gamma_g: 0.92
gamma_b: 0.94
vignette: 4
temp: 5073