tweet_id: 1711806327092130113
masto_id: 111212063019903807
subre_id: Not uploaded, but here's the text: Smile!  #Mathematics #DigitalArt

n_iter: 319
ct: 130
hue_offset: 283
saturation: 0.03

num_attempts: 29
dur: 11
std: 50.15
size: 1986066 (1.89 MiB)

xmin: -0.736370779161394
xmax: -0.6884984387358621
ymin: -0.7829955128628137
ymax: -0.756067321373452

contrast: 0.93
brightness: 0.05
saturation: 1.29
gamma: 0.97
gamma_r: 1.01
gamma_g: 1.05
gamma_b: 0.98
vignette: -46
temp: 2750