tweet_id: 1707095196461048320
masto_id: 111138451564287392
subre_id: FAIL

n_iter: 299
ct: 107
hue_offset: 261
saturation: 0.29

num_attempts: 5
dur: 3
std: 43.09
size: 2040179 (1.95 MiB)

xmin: -1.0099871838388421
xmax: -0.9491763730280313
ymin: -0.6226514150271238
ymax: -0.5884453339460427

contrast: 1.45
brightness: 0.08
saturation: 0.85
gamma: 0.96
gamma_r: 1.04
gamma_g: 1.07
gamma_b: 0.94
vignette: 9
temp: 3336