tweet_id: 1707828351539257346
masto_id: 111149907099705136
subre_id: FAIL

n_iter: 305
ct: 255
hue_offset: 151
saturation: 0.24

num_attempts: 650
dur: 605
std: 52.13
size: 1701271 (1.62 MiB)

xmin: 0.1330236273312848
xmax: 0.1399320901982969
ymin: 0.7627900231788045
ymax: 0.7666760335414988

contrast: 1.54
brightness: 0.12
saturation: 1.68
gamma: 0.95
gamma_r: 0.93
gamma_g: 0.95
gamma_b: 1.0
vignette: -36
temp: 6663