tweet_id: 1707677077137453486
masto_id: 111147543504757808
subre_id: FAIL

n_iter: 325
ct: 255
hue_offset: 88
saturation: 0.19

num_attempts: 488
dur: 606
std: 61.29
size: 1465791 (1.4 MiB)

xmin: 0.417939150853893
xmax: 0.42265613198596846
ymin: -0.5939945757455342
ymax: -0.5913412738587417

contrast: 1.23
brightness: 0.11
saturation: 1.48
gamma: 0.93
gamma_r: 1.04
gamma_g: 1.03
gamma_b: 1.07
vignette: 22
temp: 7543