tweet_id: 1709100716567273787
masto_id: 111169787983333989
subre_id: FAIL

newton_power: 6
newton_const: 4

n_iter: 253
ct: 156
hue_offset: 292
saturation: 0.73

num_attempts: 75
dur: 600
std: 15.8
size: 1298078 (1.24 MiB)

xmin: 0.016776566701940165
xmax: 0.024973288013415577
ymin: -0.22603625802858107
ymax: -0.22142560229087616

contrast: 1.15
brightness: 0.12
saturation: 0.51
gamma: 0.99
gamma_r: 0.93
gamma_g: 1.05
gamma_b: 0.98
vignette: -38
temp: 4815