tweet_id: 1707427309274513776
masto_id: 111143640830225730
subre_id: FAIL

n_iter: 338
ct: 71
hue_offset: 329
saturation: 0.15

num_attempts: 5
dur: 3
std: 50.29
size: 2291164 (2.19 MiB)

xmin: 0.46712417842708076
xmax: 0.5263347047428703
ymin: -1.1740706366909484
ymax: -1.1407647156383167

contrast: 0.89
brightness: -0.08
saturation: 0.41
gamma: 0.99
gamma_r: 0.96
gamma_g: 0.98
gamma_b: 0.96
vignette: -25
temp: 4826