tweet_id: 1708333088789410117
masto_id: 111157793639289511
subre_id: FAIL

n_iter: 223
ct: 64
hue_offset: 301
saturation: 0.18

num_attempts: 13
dur: 5
std: 33.19
size: 1729289 (1.65 MiB)

xmin: -0.7982074914706367
xmax: -0.5169574914706367
ymin: -0.989259270839286
ymax: -0.831056145839286

contrast: 1.06
brightness: 0.22
saturation: 1.33
gamma: 1.09
gamma_r: 1.01
gamma_g: 0.99
gamma_b: 0.91
vignette: 11
temp: 4780