tweet_id: 1712957744943100182
masto_id: 111230053859327293
subre_id: Not uploaded, but here's the text: Smile, it's Friday!  #Programming #Nature

n_iter: 808
ct: 164
hue_offset: 312
saturation: -0.54

num_attempts: 32
dur: 77
std: 128.21
size: 1075999 (1.03 MiB)

xmin: -0.20669539127897973
xmax: -0.20334530752688593
ymin: 0.6844108661875219
ymax: 0.6862952882980746

contrast: 1.65
brightness: 0.1
saturation: 0.69
gamma: 0.99
gamma_r: 1.01
gamma_g: 1.04
gamma_b: 1.01
vignette: -18
temp: 3155