tweet_id: 1707916559564603741
masto_id: 111151285394182237
subre_id: FAIL

n_iter: 322
ct: 203
hue_offset: 340
saturation: 0.41

num_attempts: 20
dur: 17
std: 26.29
size: 547717 (534.88 KiB)

xmin: -1.991840134673319
xmax: -0.866840134673319
ymin: -0.8233115045442525
ymax: -0.1904990045442525

contrast: 1.72
brightness: 0.13
saturation: 1.34
gamma: 0.97
gamma_r: 1.05
gamma_g: 1.06
gamma_b: 1.0
vignette: 9
temp: 7795