tweet_id: 1709542777715871859
masto_id: 111176695139059777
subre_id: FAIL

n_iter: 366
ct: 86
hue_offset: 213
saturation: 0.8

num_attempts: 100
dur: 58
std: 23.25
size: 780039 (761.76 KiB)

xmin: -0.6359116031402539
xmax: 1.6140883968597461
ymin: -1.362816898735573
ymax: -0.0971918987355731

contrast: 0.89
brightness: 0.2
saturation: 0.68
gamma: 1.0
gamma_r: 1.06
gamma_g: 1.03
gamma_b: 1.05
vignette: -15
temp: 7915