tweet_id: 1709873181996052850
masto_id: 111181857614950656
subre_id: FAIL

n_iter: 222
ct: 163
hue_offset: 1
saturation: -0.65

num_attempts: 13
dur: 5
std: 28.96
size: 1116294 (1.06 MiB)

xmin: 0.3393143180306919
xmax: 0.9018143180306919
ymin: -1.2828452146160014
ymax: -0.9664389646160014

contrast: 0.91
brightness: 0.05
saturation: 0.29
gamma: 0.99
gamma_r: 0.91
gamma_g: 1.05
gamma_b: 0.91
vignette: -15
temp: 6281