tweet_id: 1714322083352809553
masto_id: 111251371903840600
subre_id: Not uploaded, but here's the text: Happy Tuesday!  #Math #VisualArt

n_iter: 424
ct: 1
hue_offset: 34
saturation: 0.76

num_attempts: 286
dur: 611
std: 35.78
size: 1295578 (1.24 MiB)

xmin: 0.5175603346674018
xmax: 0.5246777723898217
ymin: -0.10319224230365065
ymax: -0.09918868358478944

contrast: 1.22
brightness: 0.12
saturation: 1.34
gamma: 0.92
gamma_r: 0.96
gamma_g: 1.08
gamma_b: 0.95
vignette: -31
temp: 3549