tweet_id: 1707884137271472475
masto_id: 111150778775795195
subre_id: FAIL

n_iter: 745
ct: 225
hue_offset: 178
saturation: 0.13

num_attempts: 71
dur: 85
std: 115.6
size: 1316774 (1.26 MiB)

xmin: -0.6916474732987061
xmax: -0.6909076915343266
ymin: -0.2882246688585486
ymax: -0.2878085416160851

contrast: 0.97
brightness: -0.02
saturation: 0.74
gamma: 1.06
gamma_r: 0.93
gamma_g: 0.95
gamma_b: 1.03
vignette: -4
temp: 5598