tweet_id: 1713747808673505502
masto_id: 111242398716424097
subre_id: Not uploaded, but here's the text: Surprise! It's a Multibrot!  #Fractals #Math

n_iter: 405
ct: 255
hue_offset: 161
saturation: 1.0

num_attempts: 350
dur: 603
std: 57.26
size: 806958 (788.04 KiB)

xmin: 0.5455519767678902
xmax: 0.5565409877569012
ymin: -0.25125370129136404
ymax: -0.24507238261004535

contrast: 1.23
brightness: -0.02
saturation: 1.0
gamma: 1.07
gamma_r: 1.01
gamma_g: 1.0
gamma_b: 1.04
vignette: 27
temp: 3967