tweet_id: 1707069969991684467
masto_id: 111138057558144863
subre_id: FAIL

n_iter: 580
ct: 139
hue_offset: 327
saturation: -0.16

num_attempts: 94
dur: 89
std: 81.35
size: 1639742 (1.56 MiB)

xmin: 0.38069926954953326
xmax: 0.38124090800586363
ymin: -0.17722840734353584
ymax: -0.17692373571185

contrast: 0.89
brightness: 0.07
saturation: 0.49
gamma: 0.93
gamma_r: 0.97
gamma_g: 0.94
gamma_b: 0.94
vignette: 17
temp: 3869