tweet_id: 1712893418228125759
masto_id: 111229048912492790
subre_id: Not uploaded, but here's the text: Brighten your Friday!  #Mathematics #AI

n_iter: 219
ct: 125
hue_offset: 359
saturation: -0.44

num_attempts: 2
dur: 1
std: 20.13
size: 917933 (896.42 KiB)

xmin: 0.035722961615019866
xmax: 0.08685932525138351
ymin: 0.3427127615149419
ymax: 0.37147696606039643

contrast: 0.85
brightness: 0.23
saturation: 1.19
gamma: 0.95
gamma_r: 1.09
gamma_g: 1.03
gamma_b: 0.98
vignette: -46
temp: 3058