tweet_id: 1707306674607042707
masto_id: 111141755908636289
subre_id: FAIL

n_iter: 210
ct: 232
hue_offset: 198
saturation: -0.19

num_attempts: 2
dur: 0
std: 22.15
size: 1675033 (1.6 MiB)

xmin: -1.0114868752298654
xmax: -0.9506760644190545
ymin: -0.7405673818375174
ymax: -0.7063613007564362

contrast: 1.65
brightness: 0.02
saturation: 0.39
gamma: 0.94
gamma_r: 0.97
gamma_g: 1.09
gamma_b: 0.99
vignette: -30
temp: 5145