tweet_id: 1709795335655317912
masto_id: 111180641318645428
subre_id: FAIL

newton_power: 4
newton_const: 8

n_iter: 159
ct: 93
hue_offset: 152
saturation: -0.25

num_attempts: 100
dur: 601
std: 6.58
size: 769223 (751.19 KiB)

xmin: 2.6039058236686747
xmax: 2.6105503419411
ymin: 0.33921374084336087
ymax: 0.34295128237160005

contrast: 1.28
brightness: -0.08
saturation: 0.75
gamma: 0.97
gamma_r: 0.93
gamma_g: 0.98
gamma_b: 0.91
vignette: 31
temp: 2816