tweet_id: 1713859481543590294
masto_id: 111244143519413018
subre_id: Not uploaded, but here's the text: Feeling good today!  #DeepLearning #Math

n_iter: 225
ct: 126
hue_offset: 336
saturation: 0.47

num_attempts: 6
dur: 3
std: 27.84
size: 978926 (955.98 KiB)

xmin: -1.4014987304749587
xmax: -0.7586415876178157
ymin: -0.6340744436232559
ymax: -0.27246730076611303

contrast: 1.13
brightness: 0.06
saturation: 1.68
gamma: 1.09
gamma_r: 1.02
gamma_g: 0.95
gamma_b: 1.03
vignette: -48
temp: 7950