tweet_id: 1708182070613213611
masto_id: 111155434023228339
subre_id: FAIL

n_iter: 387
ct: 32
hue_offset: 305
saturation: -1.0

num_attempts: 19
dur: 9
std: 26.41
size: 395711 (386.44 KiB)

xmin: -2.1071918808198564
xmax: 0.14280811918014358
ymin: -1.747167733167616
ymax: -0.4815427331676161

contrast: 1.34
brightness: 0.2
saturation: 1.45
gamma: 0.91
gamma_r: 1.05
gamma_g: 0.98
gamma_b: 0.94
vignette: 5
temp: 5946