tweet_id: 1706829649106395218
masto_id: 111134302467646611
subre_id: FAIL

n_iter: 174
ct: 19
hue_offset: 47
saturation: 0.28

num_attempts: 15
dur: 4
std: 20.76
size: 993394 (970.11 KiB)

xmin: -0.3229094917244075
xmax: -0.24913899992112884
ymin: -1.098877154632565
ymax: -1.0573812529932207

contrast: 1.66
brightness: 0.05
saturation: 0.96
gamma: 0.99
gamma_r: 1.02
gamma_g: 0.97
gamma_b: 1.05
vignette: 23
temp: 5668