tweet_id: 1708949685887520893
masto_id: 111167428138316596
subre_id: FAIL

newton_power: 4
newton_const: -7

n_iter: 224
ct: 213
hue_offset: 174
saturation: 0.46

num_attempts: 118
dur: 603
std: 7.38
size: 696277 (679.96 KiB)

xmin: 1.051776943473829
xmax: 1.0676920628372244
ymin: -0.906924644384927
ymax: -0.8979723897430172

contrast: 1.01
brightness: 0.02
saturation: 1.62
gamma: 0.99
gamma_r: 1.07
gamma_g: 1.08
gamma_b: 0.93
vignette: 7
temp: 6820