tweet_id: 1709248745068704038
masto_id: 111172100811632586
subre_id: FAIL

n_iter: 320
ct: 255
hue_offset: 219
saturation: -0.9

num_attempts: 410
dur: 601
std: 46.02
size: 1343155 (1.28 MiB)

xmin: -0.5208225990957163
xmax: -0.5131744155393109
ymin: 0.10043353589805504
ymax: 0.10473563914853305

contrast: 1.68
brightness: 0.04
saturation: 0.45
gamma: 1.05
gamma_r: 0.93
gamma_g: 1.1
gamma_b: 1.0
vignette: 30
temp: 4568