tweet_id: 1709493266775691390
masto_id: 111175921512565933
subre_id: FAIL

newton_power: 3
newton_const: -10

n_iter: 133
ct: 171
hue_offset: 294
saturation: -0.76

num_attempts: 281
dur: 600
std: 4.03
size: 1034271 (1010.03 KiB)

xmin: 0.11744803614423471
xmax: 1.1174480361442347
ymin: -1.6543472527820793
ymax: -1.0918472527820793

contrast: 1.51
brightness: 0.09
saturation: 1.23
gamma: 0.9
gamma_r: 1.06
gamma_g: 1.02
gamma_b: 1.04
vignette: -48
temp: 5359