tweet_id: 1710267196687917562
masto_id: 111188014112675352
subre_id: FAIL

n_iter: 171
ct: 234
hue_offset: 350
saturation: 0.13

num_attempts: 11
dur: 9
std: 21.26
size: 823744 (804.44 KiB)

xmin: -1.5925012655271893
xmax: -0.4675012655271893
ymin: -1.1531959932059275
ymax: -0.5203834932059275

contrast: 1.23
brightness: 0.02
saturation: 0.96
gamma: 1.09
gamma_r: 1.09
gamma_g: 0.91
gamma_b: 0.91
vignette: -13
temp: 2847