tweet_id: 1708069652759531565
masto_id: 111153677490534466
subre_id: FAIL

n_iter: 639
ct: 255
hue_offset: 263
saturation: 0.02

num_attempts: 221
dur: 615
std: 53.18
size: 979573 (956.61 KiB)

xmin: -0.6123577998989973
xmax: -0.5991999051621552
ymin: 0.5459552767992832
ymax: 0.5533565925887569

contrast: 1.05
brightness: -0.05
saturation: 0.78
gamma: 1.09
gamma_r: 1.02
gamma_g: 1.1
gamma_b: 1.01
vignette: -31
temp: 7134