tweet_id: 1707047199236862035
masto_id: 111137701723001787
subre_id: FAIL

newton_power: 5
newton_const: 3

n_iter: 95
ct: 208
hue_offset: 103
saturation: 0.32

num_attempts: 94
dur: 601
std: 11.64
size: 793765 (775.16 KiB)

xmin: -1.271755710507863
xmax: -1.2656581495322532
ymin: -0.6306093469927079
ymax: -0.6271794689439274

contrast: 0.93
brightness: -0.07
saturation: 1.13
gamma: 0.98
gamma_r: 0.95
gamma_g: 1.0
gamma_b: 0.99
vignette: -8
temp: 3494