tweet_id: 1709221586635563358
masto_id: FAIL
subre_id: FAIL

newton_power: 3
newton_const: 10

n_iter: 134
ct: 193
hue_offset: 195
saturation: -0.41

num_attempts: 273
dur: 603
std: 4.12
size: 810861 (791.86 KiB)

xmin: -0.014655133887947258
xmax: -0.0015832384631106564
ymin: 0.3610987225123248
ymax: 0.36845166368879534

contrast: 0.94
brightness: 0.09
saturation: 0.85
gamma: 0.91
gamma_r: 1.06
gamma_g: 1.03
gamma_b: 0.91
vignette: 31
temp: 3879