tweet_id: 1710601868475306087
masto_id: 111193243465868615
subre_id: Not uploaded, but here's the text: you are awesome.  #VisualArt #DeepLearning

n_iter: 633
ct: 203
hue_offset: 216
saturation: -0.76

num_attempts: 8
dur: 2
std: 20.81
size: 812623 (793.58 KiB)

xmin: 0.09053567601535661
xmax: 0.09097427250658469
ymin: -0.616804839383855
ymax: -0.6165581288575392

contrast: 0.71
brightness: -0.05
saturation: 1.69
gamma: 0.93
gamma_r: 0.99
gamma_g: 1.01
gamma_b: 1.09
vignette: -35
temp: 6372