tweet_id: 1709148384869720187
masto_id: 111170532684400531
subre_id: FAIL

n_iter: 420
ct: 147
hue_offset: 299
saturation: -0.8

num_attempts: 16
dur: 9
std: 51.52
size: 1405760 (1.34 MiB)

xmin: -1.2029719804743118
xmax: -0.7029719804743118
ymin: -0.864171406614566
ymax: -0.582921406614566

contrast: 1.46
brightness: -0.03
saturation: 0.29
gamma: 0.93
gamma_r: 1.08
gamma_g: 0.92
gamma_b: 0.99
vignette: -13
temp: 3801