tweet_id: 1709329223863689582
masto_id: 111173358343130177
subre_id: FAIL

n_iter: 358
ct: 175
hue_offset: 354
saturation: 0.42

num_attempts: 6
dur: 4
std: 57.11
size: 1472186 (1.4 MiB)

xmin: -0.3466445860996408
xmax: -0.2566445860996408
ymin: -0.9553758403388268
ymax: -0.9047508403388268

contrast: 1.76
brightness: 0.15
saturation: 0.29
gamma: 0.95
gamma_r: 1.1
gamma_g: 0.93
gamma_b: 0.93
vignette: 31
temp: 6094