tweet_id: 1707228348739412284
masto_id: 111140532117841019
subre_id: FAIL

newton_power: 6
newton_const: -4

n_iter: 117
ct: 233
hue_offset: 32
saturation: -0.91

num_attempts: 83
dur: 601
std: 15.63
size: 1379434 (1.32 MiB)

xmin: -1.1716589345063708
xmax: -0.6716589345063708
ymin: -0.7310760430654533
ymax: -0.44982604306545326

contrast: 1.68
brightness: 0.11
saturation: 1.73
gamma: 0.96
gamma_r: 1.0
gamma_g: 0.92
gamma_b: 0.96
vignette: -48
temp: 7083