tweet_id: 1708487578175885764
masto_id: 111160207728833237
subre_id: FAIL

n_iter: 239
ct: 110
hue_offset: 242
saturation: -0.6

num_attempts: 141
dur: 76
std: 61.65
size: 1528846 (1.46 MiB)

xmin: -0.32447487647351014
xmax: -0.3239978341360027
ymin: 0.6222710713244892
ymax: 0.6225394076393371

contrast: 1.01
brightness: 0.18
saturation: 1.18
gamma: 0.99
gamma_r: 0.91
gamma_g: 0.91
gamma_b: 1.09
vignette: -37
temp: 4801