tweet_id: 1708915678730654152
masto_id: 111166896592910263
subre_id: FAIL

n_iter: 315
ct: 1
hue_offset: 123
saturation: 0.04

num_attempts: 513
dur: 605
std: 57.46
size: 932225 (910.38 KiB)

xmin: -0.17639817312158468
xmax: -0.17092621689723447
ymin: -0.8625193914404972
ymax: -0.8594414160643001

contrast: 1.63
brightness: 0.2
saturation: 1.2
gamma: 1.07
gamma_r: 1.07
gamma_g: 1.08
gamma_b: 1.0
vignette: -21
temp: 4001