tweet_id: 1707128537323585611
masto_id: FAIL
subre_id: FAIL

n_iter: 597
ct: 202
hue_offset: 99
saturation: 0.27

num_attempts: 26
dur: 49
std: 54.32
size: 1376306 (1.31 MiB)

xmin: -1.2494648047838186
xmax: -1.2489252121762373
ymin: 0.07412474134371116
ymax: 0.07442826218547563

contrast: 1.69
brightness: 0.14
saturation: 0.55
gamma: 1.07
gamma_r: 0.99
gamma_g: 0.97
gamma_b: 0.96
vignette: -22
temp: 6480