tweet_id: 1708060842091037061
masto_id: 111153539892000111
subre_id: FAIL

n_iter: 272
ct: 131
hue_offset: 292
saturation: 0.03

num_attempts: 6
dur: 2
std: 25.7
size: 429948 (419.87 KiB)

xmin: 0.21852952056802222
xmax: 0.27274638803790174
ymin: -0.09390663051994919
ymax: -0.06340964256814195

contrast: 1.0
brightness: 0.05
saturation: 0.58
gamma: 0.95
gamma_r: 0.97
gamma_g: 0.93
gamma_b: 0.94
vignette: -10
temp: 6741