tweet_id: 1713803965916221719
masto_id: 111243276161416021
subre_id: Not uploaded, but here's the text: Have a great day!  #MachineLearning #Programming

n_iter: 240
ct: 229
hue_offset: 203
saturation: 0.6

num_attempts: 42
dur: 10
std: 26.07
size: 1098007 (1.05 MiB)

xmin: -0.2860387963987865
xmax: -0.28530833620886686
ymin: 0.6596944280347943
ymax: 0.6601053118916241

contrast: 1.58
brightness: 0.01
saturation: 0.33
gamma: 1.05
gamma_r: 0.99
gamma_g: 0.93
gamma_b: 1.0
vignette: -47
temp: 7485