tweet_id: 1713018139414335854
masto_id: 111230997613813645
subre_id: Not uploaded, but here's the text: Today is awesome!  #Mathematics #DeepLearning

n_iter: 792
ct: 114
hue_offset: 117
saturation: -0.95

num_attempts: 23
dur: 61
std: 39.9
size: 600135 (586.07 KiB)

xmin: 0.23231718150777514
xmax: 0.23302352090385495
ymin: -0.5297490340202551
ymax: -0.5293517181099602

contrast: 1.52
brightness: 0.11
saturation: 1.72
gamma: 1.04
gamma_r: 0.95
gamma_g: 0.92
gamma_b: 1.03
vignette: -9
temp: 7389