tweet_id: 1711557284189319531
masto_id: 111208171760246622
subre_id: Not uploaded, but here's the text: Wishing you a rad Tuesday!  #Fractals #Math

n_iter: 634
ct: 1
hue_offset: 284
saturation: 0.71

num_attempts: 271
dur: 616
std: 42.43
size: 604436 (590.27 KiB)

xmin: 0.5375300759115662
xmax: 0.546418964800455
ymin: -0.6357295932196441
ymax: -0.6307295932196441

contrast: 0.88
brightness: 0.2
saturation: 0.61
gamma: 0.99
gamma_r: 1.09
gamma_g: 1.05
gamma_b: 1.0
vignette: 22
temp: 4105