tweet_id: 1706847949970415871
masto_id: FAIL
subre_id: FAIL

newton_power: 6
newton_const: -2

n_iter: 247
ct: 143
hue_offset: 44
saturation: 0.68

num_attempts: 80
dur: 611
std: 16.16
size: 597156 (583.16 KiB)

xmin: 2.216209713107826
xmax: 2.3362097131078263
ymin: -1.1087466400939654
ymax: -1.0412466400939655

contrast: 0.79
brightness: 0.21
saturation: 1.09
gamma: 0.92
gamma_r: 0.94
gamma_g: 0.98
gamma_b: 0.99
vignette: 2
temp: 6577