tweet_id: 1710024073542054087
masto_id: 111184215336544365
subre_id: FAIL

n_iter: 508
ct: 17
hue_offset: 314
saturation: 0.91

num_attempts: 9
dur: 6
std: 22.41
size: 558631 (545.54 KiB)

xmin: 0.16763229826064174
xmax: 0.2676322982606417
ymin: -0.05488575142504093
ymax: 0.0013642485749590719

contrast: 1.27
brightness: 0.14
saturation: 0.54
gamma: 1.04
gamma_r: 1.07
gamma_g: 0.92
gamma_b: 0.97
vignette: -46
temp: 3508