tweet_id: 1708703933055549536
masto_id: 111163588255419480
subre_id: FAIL

n_iter: 329
ct: 255
hue_offset: 152
saturation: -0.54

num_attempts: 416
dur: 607
std: 49.7
size: 1128982 (1.08 MiB)

xmin: 0.5085286697723905
xmax: 0.5132962502253107
ymin: -0.4502915137206418
ymax: -0.4476097497158742

contrast: 0.87
brightness: 0.13
saturation: 1.61
gamma: 1.03
gamma_r: 0.99
gamma_g: 1.05
gamma_b: 1.06
vignette: 23
temp: 3017