tweet_id: 1708828698734907408
masto_id: 111165537661203020
subre_id: FAIL

n_iter: 319
ct: 1
hue_offset: 38
saturation: 0.6

num_attempts: 405
dur: 608
std: 58.42
size: 1568325 (1.5 MiB)

xmin: 0.38659408629257097
xmax: 0.3907050832093233
ymin: -0.6253854645763963
ymax: -0.6230730288107231

contrast: 1.31
brightness: 0.03
saturation: 1.47
gamma: 0.93
gamma_r: 1.05
gamma_g: 1.06
gamma_b: 0.95
vignette: -39
temp: 2523