tweet_id: 1710938538324492612
masto_id: 111198503803712843
subre_id: Not uploaded, but here's the text: Ever heard of this Multibrot?  #Art #Math

n_iter: 516
ct: 255
hue_offset: 1
saturation: -0.96

num_attempts: 318
dur: 601
std: 74.63
size: 1405328 (1.34 MiB)

xmin: 0.5382283954580291
xmax: 0.5512154084450421
ymin: 0.3385528711733514
ymax: 0.34585806597854624

contrast: 0.96
brightness: -0.05
saturation: 0.51
gamma: 1.1
gamma_r: 1.09
gamma_g: 1.09
gamma_b: 0.94
vignette: -18
temp: 4930