tweet_id: 1710214012279894225
masto_id: 111187183126482508
subre_id: FAIL

n_iter: 509
ct: 255
hue_offset: 180
saturation: 0.6

num_attempts: 383
dur: 610
std: 92.51
size: 1580071 (1.51 MiB)

xmin: 0.2662906788403121
xmax: 0.2716311327788969
ymin: 0.704256577130475
ymax: 0.7072605824709289

contrast: 0.82
brightness: 0.06
saturation: 0.86
gamma: 1.01
gamma_r: 0.96
gamma_g: 1.06
gamma_b: 1.09
vignette: -23
temp: 2579