tweet_id: 1708212061467976087
masto_id: 111155902552522677
subre_id: FAIL

n_iter: 225
ct: 68
hue_offset: 148
saturation: 0.46

num_attempts: 115
dur: 53
std: 31.77
size: 2152736 (2.05 MiB)

xmin: -0.7476655035253505
xmax: -0.5809988368586839
ymin: -0.9554878500880319
ymax: -0.8617378500880319

contrast: 0.88
brightness: 0.22
saturation: 0.62
gamma: 1.1
gamma_r: 0.98
gamma_g: 1.04
gamma_b: 1.03
vignette: -28
temp: 5560