tweet_id: 1710123426868826375
masto_id: 111185767716744724
subre_id: FAIL

n_iter: 609
ct: 1
hue_offset: 310
saturation: -0.12

num_attempts: 293
dur: 611
std: 111.41
size: 1047415 (1022.87 KiB)

xmin: -0.15166893717346253
xmax: -0.14696305482052135
ymin: 0.75067774831862
ymax: 0.7533248071421494

contrast: 0.74
brightness: 0.01
saturation: 0.92
gamma: 1.01
gamma_r: 0.99
gamma_g: 0.93
gamma_b: 0.93
vignette: -11
temp: 7174