tweet_id: 1709728776236491099
masto_id: 111179601279761453
subre_id: FAIL

n_iter: 494
ct: 144
hue_offset: 269
saturation: -0.51

num_attempts: 10
dur: 4
std: 77.62
size: 1753126 (1.67 MiB)

xmin: 0.01877935815199594
xmax: 0.12853545571297154
ymin: -1.1288094494048515
ymax: -1.0670716445268027

contrast: 0.94
brightness: 0.22
saturation: 1.0
gamma: 1.04
gamma_r: 0.96
gamma_g: 1.06
gamma_b: 1.0
vignette: 16
temp: 5130