tweet_id: 1707586570591850757
masto_id: 111146129284063271
subre_id: FAIL

n_iter: 618
ct: 255
hue_offset: 346
saturation: -0.18

num_attempts: 232
dur: 607
std: 38.51
size: 478753 (467.53 KiB)

xmin: 0.4551345276283545
xmax: 0.47908662343673775
ymin: 0.5733744877034428
ymax: 0.5868475415956583

contrast: 1.52
brightness: 0.16
saturation: 1.18
gamma: 0.98
gamma_r: 0.92
gamma_g: 0.94
gamma_b: 1.09
vignette: -2
temp: 3308