tweet_id: 1707862570332209168
masto_id: 111150441943566511
subre_id: FAIL

newton_power: 3
newton_const: 6

n_iter: 199
ct: 76
hue_offset: 46
saturation: 0.99

num_attempts: 291
dur: 603
std: 4.24
size: 710428 (693.78 KiB)

xmin: -0.17519319221696783
xmax: -0.16515974740091433
ymin: 0.8861728366829693
ymax: 0.8918166493919994

contrast: 1.01
brightness: -0.01
saturation: 1.63
gamma: 1.04
gamma_r: 1.03
gamma_g: 1.02
gamma_b: 1.02
vignette: -30
temp: 6481