tweet_id: 1709157222930874426
masto_id: 111170670650180678
subre_id: FAIL

n_iter: 538
ct: 255
hue_offset: 146
saturation: -0.65

num_attempts: 348
dur: 600
std: 82.86
size: 703154 (686.67 KiB)

xmin: 0.1530375222028062
xmax: 0.15793348303511953
ymin: -0.8391084691992396
ymax: -0.8363544912310634

contrast: 1.24
brightness: -0.06
saturation: 1.19
gamma: 1.0
gamma_r: 0.93
gamma_g: 1.1
gamma_b: 1.0
vignette: 23
temp: 7250