tweet_id: 1707005623877951930
masto_id: 111137051958131367
subre_id: FAIL

n_iter: 170
ct: 143
hue_offset: 15
saturation: -0.82

num_attempts: 18
dur: 7
std: 25.87
size: 714149 (697.41 KiB)

xmin: -1.3867455708071044
xmax: -1.0405917246532583
ymin: -0.5060737515053402
ymax: -0.31136221304380174

contrast: 1.24
brightness: 0.15
saturation: 1.3
gamma: 1.05
gamma_r: 0.98
gamma_g: 1.03
gamma_b: 1.09
vignette: -1
temp: 2631