tweet_id: 1708073993746489409
masto_id: 111153745310717674
subre_id: FAIL

newton_power: 7
newton_const: 3

n_iter: 67
ct: 68
hue_offset: 318
saturation: 0.82

num_attempts: 69
dur: 600
std: 28.53
size: 513353 (501.32 KiB)

xmin: -0.2318970427856324
xmax: -0.21440433141537
ymin: 0.008461214828735741
ymax: 0.018300864974508335

contrast: 1.33
brightness: -0.05
saturation: 1.72
gamma: 0.97
gamma_r: 1.05
gamma_g: 1.1
gamma_b: 0.98
vignette: 19
temp: 6262