tweet_id: 1709791269260837181
masto_id: 111180577707276875
subre_id: FAIL

n_iter: 435
ct: 1
hue_offset: 292
saturation: 0.33

num_attempts: 281
dur: 603
std: 30.97
size: 597151 (583.16 KiB)

xmin: -0.5545937284342284
xmax: -0.5328545979994458
ymin: -0.42835874276801156
ymax: -0.41613048189844637

contrast: 1.53
brightness: 0.21
saturation: 0.27
gamma: 0.96
gamma_r: 1.07
gamma_g: 1.04
gamma_b: 1.09
vignette: -21
temp: 6436