tweet_id: 1711366031401226714
masto_id: FAIL
subre_id: Not uploaded, but here's the text: Smile!  #AI #Science

n_iter: 467
ct: 1
hue_offset: 256
saturation: -0.65

num_attempts: 354
dur: 609
std: 63.86
size: 1090115 (1.04 MiB)

xmin: 0.20583362546849182
xmax: 0.21099491579107246
ymin: -1.0511206490023592
ymax: -1.0482174231959076

contrast: 0.92
brightness: 0.11
saturation: 0.54
gamma: 1.08
gamma_r: 0.97
gamma_g: 1.1
gamma_b: 1.05
vignette: 21
temp: 2013