tweet_id: 1708220682012688464
masto_id: 111156037389686962
subre_id: FAIL

n_iter: 286
ct: 1
hue_offset: 346
saturation: 0.08

num_attempts: 536
dur: 603
std: 44.54
size: 1075549 (1.03 MiB)

xmin: -0.21543349896990915
xmax: -0.2059323113214531
ymin: -0.9817816093559469
ymax: -0.9764371913036904

contrast: 0.76
brightness: 0.21
saturation: 0.33
gamma: 0.99
gamma_r: 0.98
gamma_g: 0.95
gamma_b: 1.04
vignette: -36
temp: 3388