tweet_id: 1709186912903139476
masto_id: 111171134828535686
subre_id: FAIL

n_iter: 467
ct: 66
hue_offset: 205
saturation: 0.4

num_attempts: 96
dur: 91
std: 81.84
size: 572302 (558.89 KiB)

xmin: 0.23788607088773128
xmax: 0.23879847964685538
ymin: -0.5214628138000853
ymax: -0.520949583873078

contrast: 1.36
brightness: 0.19
saturation: 1.34
gamma: 1.0
gamma_r: 1.09
gamma_g: 1.07
gamma_b: 0.99
vignette: 14
temp: 3302