tweet_id: 1710006709589008725
masto_id: 111183944107878017
subre_id: FAIL

newton_power: 5
newton_const: 3

n_iter: 142
ct: 65
hue_offset: 174
saturation: -0.71

num_attempts: 104
dur: 607
std: 10.2
size: 987285 (964.15 KiB)

xmin: -1.631052807822544
xmax: -1.0310528078225438
ymin: -1.0590510582317878
ymax: -0.7215510582317879

contrast: 1.65
brightness: 0.09
saturation: 1.17
gamma: 1.03
gamma_r: 0.99
gamma_g: 1.06
gamma_b: 1.07
vignette: 20
temp: 2111