tweet_id: 1707210183993344121
masto_id: 111140248323778037
subre_id: FAIL

newton_power: 4
newton_const: -4

n_iter: 75
ct: 247
hue_offset: 8
saturation: -0.89

num_attempts: 117
dur: 606
std: 7.25
size: 1088588 (1.04 MiB)

xmin: -0.5701938222794971
xmax: -0.5184696843484626
ymin: 0.517162844906375
ymax: 0.5462576724925818

contrast: 1.3
brightness: -0.01
saturation: 0.8
gamma: 0.93
gamma_r: 0.92
gamma_g: 0.99
gamma_b: 1.09
vignette: 28
temp: 6776