tweet_id: 1712681962194813245
masto_id: 111225744852387160
subre_id: Not uploaded, but here's the text: Have an extraordinary Friday!  #VisualArt #Art

n_iter: 498
ct: 107
hue_offset: 193
saturation: 0.45

num_attempts: 2
dur: 2
std: 31.44
size: 768837 (750.82 KiB)

xmin: -1.081703539081935
xmax: 1.168296460918065
ymin: -1.056517145642947
ymax: 0.20910785435705304

contrast: 0.79
brightness: -0.05
saturation: 1.34
gamma: 0.93
gamma_r: 0.9
gamma_g: 1.09
gamma_b: 0.94
vignette: -31
temp: 7056