tweet_id: 1709489329842639209
masto_id: 111175859847596144
subre_id: FAIL

n_iter: 260
ct: 1
hue_offset: 166
saturation: -0.4

num_attempts: 659
dur: 604
std: 52.96
size: 721957 (705.04 KiB)

xmin: 0.528986353736796
xmax: 0.5334357419459173
ymin: -0.41723930095101336
ymax: -0.41473652008338263

contrast: 1.57
brightness: 0.04
saturation: 0.28
gamma: 1.0
gamma_r: 1.03
gamma_g: 1.04
gamma_b: 1.09
vignette: 17
temp: 5648