tweet_id: 1709066498223042601
masto_id: 111169253370988813
subre_id: FAIL

n_iter: 422
ct: 1
hue_offset: 126
saturation: -0.1

num_attempts: 304
dur: 608
std: 45.76
size: 747979 (730.45 KiB)

xmin: 0.15710512719055103
xmax: 0.16542113550655935
ymin: 0.8468275939045515
ymax: 0.8515053485823062

contrast: 1.36
brightness: 0.22
saturation: 1.14
gamma: 0.98
gamma_r: 0.9
gamma_g: 1.03
gamma_b: 1.02
vignette: -41
temp: 6805