tweet_id: 1712539620347347008
masto_id: 111223520676317112
subre_id: Not uploaded, but here's the text: Surprise! Multibrot!  #VisualArt #Fractals

n_iter: 561
ct: 1
hue_offset: 46
saturation: -0.48

num_attempts: 234
dur: 605
std: 81.7
size: 875266 (854.75 KiB)

xmin: 0.527199078655161
xmax: 0.5358570873131697
ymin: 0.3801997195763378
ymax: 0.38506984944646766

contrast: 1.68
brightness: 0.13
saturation: 1.44
gamma: 1.0
gamma_r: 0.92
gamma_g: 1.04
gamma_b: 1.07
vignette: -18
temp: 3281