tweet_id: 1710597538548420665
masto_id: 111193175633066003
subre_id: Not uploaded, but here's the text: Guess what? It's Burning Ship!  #AI #Nature

n_iter: 382
ct: 209
hue_offset: 235
saturation: 0.27

num_attempts: 2
dur: 1
std: 31.86
size: 568855 (555.52 KiB)

xmin: -1.8301293030807062
xmax: -0.3301293030807062
ymin: -1.4077809509762629
ymax: -0.5640309509762629

contrast: 1.67
brightness: 0.08
saturation: 1.02
gamma: 1.1
gamma_r: 1.06
gamma_g: 0.95
gamma_b: 0.99
vignette: -19
temp: 6800