tweet_id: 1710930212584624438
masto_id: 111198373687328547
subre_id: Not uploaded, but here's the text: Happy Sunday!  #Art #MachineLearning

n_iter: 140
ct: 56
hue_offset: 157
saturation: 0.87

num_attempts: 13
dur: 5
std: 21.61
size: 1952694 (1.86 MiB)

xmin: -0.5521771215016018
xmax: -0.48879683981146094
ymin: -0.9671976813470404
ymax: -0.9315462728963362

contrast: 1.22
brightness: -0.06
saturation: 0.5
gamma: 0.91
gamma_r: 0.95
gamma_g: 1.05
gamma_b: 1.06
vignette: -23
temp: 3318