tweet_id: 1712290446750192099
masto_id: 111219627436438784
subre_id: Not uploaded, but here's the text: Wishing you the best!  #DigitalArt #Nature

n_iter: 473
ct: 168
hue_offset: 60
saturation: 0.25

num_attempts: 2
dur: 1
std: 46.52
size: 981746 (958.74 KiB)

xmin: -1.5929615928371823
xmax: -1.1429615928371823
ymin: -0.5414866403251459
ymax: -0.28836164032514594

contrast: 1.12
brightness: -0.06
saturation: 1.06
gamma: 1.02
gamma_r: 1.06
gamma_g: 1.09
gamma_b: 1.07
vignette: -34
temp: 5567