tweet_id: 1707644555506430424
masto_id: FAIL
subre_id: FAIL

n_iter: 944
ct: 220
hue_offset: 260
saturation: 0.55

num_attempts: 206
dur: 363
std: 60.36
size: 1081860 (1.03 MiB)

xmin: -0.2219197985257626
xmax: -0.22120640455394167
ymin: 0.7253257847766765
ymax: 0.7257270688858258

contrast: 1.3
brightness: -0.05
saturation: 0.43
gamma: 1.07
gamma_r: 0.97
gamma_g: 1.04
gamma_b: 0.94
vignette: 12
temp: 3940