tweet_id: 1709307867424075960
masto_id: 111173024590923842
subre_id: FAIL

n_iter: 606
ct: 255
hue_offset: 0
saturation: 0.9

num_attempts: 274
dur: 610
std: 99.35
size: 1258528 (1.2 MiB)

xmin: 0.5418950660988839
xmax: 0.5464508747549204
ymin: 0.3001809547123646
ymax: 0.3027435970813851

contrast: 1.02
brightness: 0.15
saturation: 1.74
gamma: 1.06
gamma_r: 1.0
gamma_g: 0.99
gamma_b: 1.07
vignette: -35
temp: 7224