tweet_id: 1711190228998778982
masto_id: 111202436516156476
subre_id: Not uploaded, but here's the text: Smile!  #Math #Art

n_iter: 332
ct: 146
hue_offset: 318
saturation: -0.65

num_attempts: 60
dur: 57
std: 35.22
size: 1267002 (1.21 MiB)

xmin: 0.3896948856444209
xmax: 0.3910150176576222
ymin: 0.15300558237024742
ymax: 0.15374815662767316

contrast: 1.34
brightness: 0.04
saturation: 1.49
gamma: 0.98
gamma_r: 0.95
gamma_g: 0.96
gamma_b: 0.95
vignette: 11
temp: 3497