tweet_id: 1710149021749084287
masto_id: 111186167618753703
subre_id: FAIL

n_iter: 510
ct: 150
hue_offset: 59
saturation: -0.46

num_attempts: 7
dur: 7
std: 84.53
size: 1411828 (1.35 MiB)

xmin: 0.36547429067138815
xmax: 0.36739183621309474
ymin: -0.3142010526687087
ymax: -0.3131224333014987

contrast: 1.15
brightness: 0.04
saturation: 0.72
gamma: 1.0
gamma_r: 1.07
gamma_g: 0.99
gamma_b: 0.98
vignette: -14
temp: 6802