tweet_id: 1708306131733651734
masto_id: 111157372408595372
subre_id: FAIL

n_iter: 438
ct: 231
hue_offset: 130
saturation: 0.98

num_attempts: 14
dur: 14
std: 44.26
size: 1487828 (1.42 MiB)

xmin: -0.1899774314168643
xmax: -0.11854885998829287
ymin: -1.0765320884018985
ymax: -1.0363535169733271

contrast: 0.74
brightness: 0.07
saturation: 1.14
gamma: 0.99
gamma_r: 1.07
gamma_g: 1.05
gamma_b: 0.99
vignette: 1
temp: 3973