tweet_id: 1709092708101292412
masto_id: 111169662755065410
subre_id: FAIL

n_iter: 144
ct: 232
hue_offset: 193
saturation: -0.72

num_attempts: 31
dur: 11
std: 15.11
size: 855509 (835.46 KiB)

xmin: 0.06086107622144876
xmax: 0.06309946458182929
ymin: 0.6404410779959693
ymax: 0.6417001714486833

contrast: 1.1
brightness: -0.08
saturation: 0.49
gamma: 1.04
gamma_r: 0.95
gamma_g: 0.92
gamma_b: 0.96
vignette: 19
temp: 7654