tweet_id: 1709556383605985778
masto_id: 111176907689941891
subre_id: FAIL

newton_power: 6
newton_const: -3

n_iter: 95
ct: 87
hue_offset: 198
saturation: 0.91

num_attempts: 90
dur: 614
std: 12.82
size: 1122115 (1.07 MiB)

xmin: -2.9813255570676347
xmax: -2.9252507907124947
ymin: 1.4063619676962684
ymax: 1.4379040237710348

contrast: 1.35
brightness: 0.13
saturation: 0.34
gamma: 1.06
gamma_r: 1.09
gamma_g: 1.09
gamma_b: 1.05
vignette: -20
temp: 4265