tweet_id: 1713198748573008078
masto_id: 111233819657320010
subre_id: Not uploaded, but here's the text: you are fantastic!  #AI #MachineLearning

n_iter: 336
ct: 115
hue_offset: 116
saturation: -0.55

num_attempts: 127
dur: 112
std: 17.95
size: 722435 (705.5 KiB)

xmin: 0.3250494887595812
xmax: 0.3282988794988176
ymin: 0.49099223323997965
ymax: 0.4928200155308001

contrast: 0.79
brightness: -0.05
saturation: 1.47
gamma: 0.95
gamma_r: 0.98
gamma_g: 1.1
gamma_b: 1.05
vignette: -5
temp: 7916