tweet_id: 1707979066941305013
masto_id: 111152261986450991
subre_id: FAIL

n_iter: 527
ct: 255
hue_offset: 356
saturation: -0.89

num_attempts: 287
dur: 610
std: 40.8
size: 420251 (410.4 KiB)

xmin: 0.47330334997499124
xmax: 0.546030622702264
ymin: -0.4218477866586734
ymax: -0.3809386957495825

contrast: 1.42
brightness: -0.04
saturation: 0.49
gamma: 1.08
gamma_r: 1.03
gamma_g: 1.03
gamma_b: 1.01
vignette: 10
temp: 7492