tweet_id: 1708436380437885382
masto_id: 111159407670733075
subre_id: FAIL

newton_power: 5
newton_const: -4

n_iter: 175
ct: 91
hue_offset: 92
saturation: -0.71

num_attempts: 95
dur: 600
std: 10.58
size: 1173139 (1.12 MiB)

xmin: 1.9721012841633634
xmax: 1.982168398257323
ymin: -1.0842826477399805
ymax: -1.0786198960621283

contrast: 1.15
brightness: -0.01
saturation: 1.35
gamma: 0.99
gamma_r: 1.03
gamma_g: 1.07
gamma_b: 1.0
vignette: -46
temp: 3625