tweet_id: 1711236405987340575
masto_id: 111203157966879363
subre_id: Not uploaded, but here's the text: Today is awesome!  #Science #AI

n_iter: 956
ct: 79
hue_offset: 184
saturation: -0.98

num_attempts: 31
dur: 69
std: 71.58
size: 541145 (528.46 KiB)

xmin: -1.1771455759521139
xmax: -1.100222499029037
ymin: 0.2223058886002467
ymax: 0.2655751193694775

contrast: 1.65
brightness: 0.14
saturation: 0.88
gamma: 1.01
gamma_r: 0.93
gamma_g: 0.94
gamma_b: 1.09
vignette: 1
temp: 5112