tweet_id: 1708375917859418190
masto_id: 111158462967440024
subre_id: FAIL

newton_power: 3
newton_const: 10

n_iter: 201
ct: 232
hue_offset: 85
saturation: 0.44

num_attempts: 268
dur: 600
std: 4.33
size: 682109 (666.12 KiB)

xmin: -0.010758609800095797
xmax: 0.00021031158930091137
ymin: 0.2944995459722506
ymax: 0.3006695642537862

contrast: 1.04
brightness: 0.0
saturation: 1.08
gamma: 1.02
gamma_r: 0.99
gamma_g: 1.02
gamma_b: 0.9
vignette: -34
temp: 2637