tweet_id: 1711210487650664720
masto_id: 111202753013345460
subre_id: Not uploaded, but here's the text: Cheers to an incredible Monday!  #AI #Fractals

n_iter: 281
ct: 255
hue_offset: 71
saturation: -0.34

num_attempts: 591
dur: 603
std: 47.88
size: 862976 (842.75 KiB)

xmin: 0.3200265432220295
xmax: 0.33244890347047673
ymin: 0.7050361340634277
ymax: 0.7120237117031792

contrast: 1.32
brightness: -0.01
saturation: 0.64
gamma: 0.97
gamma_r: 1.0
gamma_g: 1.05
gamma_b: 0.98
vignette: -7
temp: 5007