tweet_id: 1710507444198048205
masto_id: FAIL
subre_id: FAIL

n_iter: 201
ct: 39
hue_offset: 192
saturation: 0.33

num_attempts: 48
dur: 18
std: 33.95
size: 2076636 (1.98 MiB)

xmin: -0.23916258117749534
xmax: -0.19024953769923447
ymin: -1.0537707769267604
ymax: -1.0262571899702386

contrast: 0.73
brightness: -0.08
saturation: 1.58
gamma: 1.08
gamma_r: 1.1
gamma_g: 0.99
gamma_b: 1.04
vignette: -28
temp: 6330