tweet_id: 1707012245232681159
masto_id: 111137155486398214
subre_id: FAIL

n_iter: 478
ct: 148
hue_offset: 140
saturation: -0.68

num_attempts: 20
dur: 31
std: 104.63
size: 1675402 (1.6 MiB)

xmin: -0.8136276494175387
xmax: -0.8127285709729445
ymin: 0.16877891442772341
ymax: 0.1692846460528077

contrast: 0.84
brightness: 0.08
saturation: 1.03
gamma: 0.98
gamma_r: 1.05
gamma_g: 0.9
gamma_b: 1.03
vignette: -18
temp: 4595