tweet_id: 1706952489835106582
masto_id: 111136221731779404
subre_id: FAIL

n_iter: 524
ct: 255
hue_offset: 157
saturation: -0.1

num_attempts: 238
dur: 603
std: 84.66
size: 554385 (541.39 KiB)

xmin: 0.4397316851459614
xmax: 0.44735073276500903
ymin: -0.5640466769320737
ymax: -0.5597609626463593

contrast: 1.5
brightness: 0.16
saturation: 0.95
gamma: 1.01
gamma_r: 0.99
gamma_g: 1.07
gamma_b: 0.95
vignette: -3
temp: 5190