tweet_id: 1706922490155438496
masto_id: 111135752987588202
subre_id: FAIL

n_iter: 329
ct: 1
hue_offset: 336
saturation: -0.53

num_attempts: 400
dur: 604
std: 52.67
size: 777982 (759.75 KiB)

xmin: 0.21514359894188573
xmax: 0.22908088117185088
ymin: 0.9591474858727409
ymax: 0.9669872071270963

contrast: 1.23
brightness: 0.01
saturation: 0.27
gamma: 0.96
gamma_r: 1.0
gamma_g: 1.04
gamma_b: 1.09
vignette: -17
temp: 4083