tweet_id: 1712265014885630105
masto_id: 111219230195044810
subre_id: Not uploaded, but here's the text: you are cool  #Fractals #Math

n_iter: 470
ct: 78
hue_offset: 260
saturation: -0.68

num_attempts: 18
dur: 12
std: 58.04
size: 2012964 (1.92 MiB)

xmin: -0.9760365939627988
xmax: -0.8760365939627989
ymin: -0.690788146187399
ymax: -0.634538146187399

contrast: 0.97
brightness: -0.02
saturation: 0.56
gamma: 1.01
gamma_r: 0.98
gamma_g: 0.95
gamma_b: 1.04
vignette: 19
temp: 3072