tweet_id: 1714139741690748931
masto_id: 111248522624814899
subre_id: Not uploaded, but here's the text: Today is awesome!  #VisualArt #MachineLearning

n_iter: 317
ct: 1
hue_offset: 290
saturation: -0.12

num_attempts: 437
dur: 605
std: 59.08
size: 668738 (653.06 KiB)

xmin: -0.3760106463067798
xmax: -0.37175079540156153
ymin: 0.6622145888779971
ymax: 0.6646107550121824

contrast: 0.99
brightness: -0.0
saturation: 1.59
gamma: 1.07
gamma_r: 1.04
gamma_g: 1.0
gamma_b: 0.99
vignette: -6
temp: 7534