tweet_id: 1707681310091755740
masto_id: 111147609691083620
subre_id: FAIL

newton_power: 5
newton_const: -7

n_iter: 149
ct: 139
hue_offset: 20
saturation: -0.4

num_attempts: 101
dur: 602
std: 13.28
size: 1215339 (1.16 MiB)

xmin: -2.6009355901075484
xmax: -2.589699635051369
ymin: -0.26490000388556356
ymax: -0.25857977916646246

contrast: 1.34
brightness: 0.07
saturation: 0.98
gamma: 1.02
gamma_r: 1.09
gamma_g: 1.01
gamma_b: 1.1
vignette: -30
temp: 4679