tweet_id: 1709665401607520666
masto_id: 111178611079394848
subre_id: FAIL

n_iter: 246
ct: 201
hue_offset: 313
saturation: 0.12

num_attempts: 39
dur: 24
std: 37.08
size: 1261822 (1.2 MiB)

xmin: -0.1935634448231789
xmax: -0.19278599098450055
ymin: -0.6697723737816803
ymax: -0.6693350559974237

contrast: 1.3
brightness: 0.18
saturation: 0.79
gamma: 0.95
gamma_r: 1.09
gamma_g: 1.01
gamma_b: 1.1
vignette: -30
temp: 7943