tweet_id: 1709765069968445913
masto_id: 111180168485126610
subre_id: FAIL

newton_power: 3
newton_const: 10

n_iter: 248
ct: 244
hue_offset: 305
saturation: -0.7

num_attempts: 273
dur: 600
std: 4.48
size: 817025 (797.88 KiB)

xmin: -1.1432724352989072
xmax: -0.8432724352989072
ymin: -1.5581343869072335
ymax: -1.3893843869072335

contrast: 0.94
brightness: 0.13
saturation: 0.76
gamma: 1.09
gamma_r: 1.03
gamma_g: 0.95
gamma_b: 1.09
vignette: 25
temp: 5417