tweet_id: 1712898139412210067
masto_id: 111229122686432479
subre_id: Not uploaded, but here's the text: Cheers to an incredible Friday!  #AI #Math

n_iter: 651
ct: 167
hue_offset: 93
saturation: -0.08

num_attempts: 79
dur: 83
std: 123.92
size: 1176833 (1.12 MiB)

xmin: 0.37223843318262473
xmax: 0.37317542076753923
ymin: 0.16378778559458573
ymax: 0.16431484111110015

contrast: 1.16
brightness: 0.04
saturation: 1.27
gamma: 0.92
gamma_r: 0.93
gamma_g: 0.93
gamma_b: 1.03
vignette: -8
temp: 6240