tweet_id: 1709342337414124008
masto_id: 111173563197328364
subre_id: FAIL

newton_power: 7
newton_const: 9

n_iter: 211
ct: 9
hue_offset: 253
saturation: -0.02

num_attempts: 73
dur: 608
std: 17.89
size: 1435195 (1.37 MiB)

xmin: 0.758055995378379
xmax: 0.8021736424372025
ymin: -0.1766941055582978
ymax: -0.15187792908770956

contrast: 1.11
brightness: 0.01
saturation: 1.51
gamma: 0.91
gamma_r: 0.99
gamma_g: 0.92
gamma_b: 0.9
vignette: -35
temp: 3610