tweet_id: 1707276556022796577
masto_id: 111141285334668479
subre_id: FAIL

n_iter: 178
ct: 118
hue_offset: 220
saturation: 0.75

num_attempts: 28
dur: 14
std: 22.01
size: 1227257 (1.17 MiB)

xmin: 0.5333970038194353
xmax: 0.5896470038194354
ymin: -1.134862693518766
ymax: -1.103222068518766

contrast: 1.01
brightness: 0.17
saturation: 0.99
gamma: 1.02
gamma_r: 0.97
gamma_g: 0.99
gamma_b: 0.98
vignette: -21
temp: 3649