tweet_id: 1707314920243462210
masto_id: FAIL
subre_id: FAIL

n_iter: 632
ct: 255
hue_offset: 118
saturation: 0.26

num_attempts: 243
dur: 606
std: 71.41
size: 1071174 (1.02 MiB)

xmin: -0.5828040059283124
xmax: -0.5712766284066986
ymin: 0.5985831332123519
ymax: 0.6050672830682596

contrast: 1.02
brightness: -0.09
saturation: 0.75
gamma: 1.08
gamma_r: 0.97
gamma_g: 1.07
gamma_b: 1.07
vignette: -25
temp: 7813