tweet_id: 1707711659190665375
masto_id: 111148083876592212
subre_id: FAIL

newton_power: 4
newton_const: 8

n_iter: 114
ct: 104
hue_offset: 146
saturation: -0.83

num_attempts: 114
dur: 609
std: 6.77
size: 918896 (897.36 KiB)

xmin: -2.0263705020034455
xmax: -0.026370502003445484
ymin: -0.17280982213760243
ymax: 0.9521901778623976

contrast: 1.13
brightness: 0.03
saturation: 1.53
gamma: 0.97
gamma_r: 0.99
gamma_g: 1.06
gamma_b: 1.07
vignette: 29
temp: 7528