tweet_id: 1710465369566257225
masto_id: 111191110534067005
subre_id: FAIL

n_iter: 810
ct: 68
hue_offset: 211
saturation: 0.29

num_attempts: 89
dur: 86
std: 64.92
size: 1944269 (1.85 MiB)

xmin: -0.006288491383649397
xmax: -0.005470328160086297
ymin: 0.6495794957408785
ymax: 0.6500397125541327

contrast: 0.79
brightness: 0.01
saturation: 0.93
gamma: 0.97
gamma_r: 1.04
gamma_g: 1.03
gamma_b: 0.95
vignette: -43
temp: 7528