tweet_id: 1708427726720319684
masto_id: 111159272465761587
subre_id: FAIL

n_iter: 941
ct: 21
hue_offset: 344
saturation: 0.38

num_attempts: 7
dur: 39
std: 190.34
size: 1416996 (1.35 MiB)

xmin: 0.2922362158873959
xmax: 0.2929629600734424
ymin: -0.48699084177659835
ymax: -0.48658204817194717

contrast: 0.85
brightness: 0.23
saturation: 0.26
gamma: 0.96
gamma_r: 1.08
gamma_g: 0.92
gamma_b: 0.97
vignette: -48
temp: 5887