tweet_id: 1712228269309792572
masto_id: 111218655882517607
subre_id: Not uploaded, but here's the text: How's your day?  #AI #Fractals

n_iter: 288
ct: 199
hue_offset: 135
saturation: -0.13

num_attempts: 3
dur: 1
std: 43.02
size: 1719630 (1.64 MiB)

xmin: -0.6380741354163064
xmax: -0.2289832263253973
ymin: -1.1069313119503974
ymax: -0.876817675586761

contrast: 1.37
brightness: 0.07
saturation: 1.02
gamma: 1.06
gamma_r: 1.08
gamma_g: 1.04
gamma_b: 1.04
vignette: -26
temp: 2731