tweet_id: 1709281927369310652
masto_id: 111172620007606149
subre_id: FAIL

newton_power: 4
newton_const: -6

n_iter: 196
ct: 249
hue_offset: 235
saturation: -0.73

num_attempts: 110
dur: 600
std: 7.52
size: 813886 (794.81 KiB)

xmin: 1.3750025369491867
xmax: 1.3990989224913555
ymin: 1.0197837658160762
ymax: 1.033337982683546

contrast: 1.34
brightness: 0.05
saturation: 0.7
gamma: 1.08
gamma_r: 0.94
gamma_g: 1.05
gamma_b: 0.94
vignette: -10
temp: 3020