tweet_id: 1707409661006414030
masto_id: 111143365140095827
subre_id: FAIL

newton_power: 6
newton_const: -7

n_iter: 170
ct: 208
hue_offset: 60
saturation: -0.55

num_attempts: 80
dur: 604
std: 15.5
size: 1093311 (1.04 MiB)

xmin: -2.0236753928565605
xmax: 0.9763246071434395
ymin: -0.28108016832133575
ymax: 1.4064198316786642

contrast: 1.66
brightness: 0.07
saturation: 0.86
gamma: 0.95
gamma_r: 1.02
gamma_g: 1.02
gamma_b: 1.02
vignette: 18
temp: 4384