tweet_id: 1713743854330159526
masto_id: 111242336799405314
subre_id: Not uploaded, but here's the text: Have an awesome Monday!  #Science #MachineLearning

n_iter: 231
ct: 57
hue_offset: 220
saturation: 0.68

num_attempts: 27
dur: 13
std: 51.02
size: 225853 (220.56 KiB)

xmin: 0.16868150997107412
xmax: 0.16991990006395338
ymin: 0.577605935844532
ymax: 0.5783025302717766

contrast: 1.46
brightness: 0.1
saturation: 1.64
gamma: 0.94
gamma_r: 1.03
gamma_g: 1.09
gamma_b: 1.1
vignette: -36
temp: 4194