tweet_id: 1707457447227715799
masto_id: 111144111774611117
subre_id: FAIL

n_iter: 494
ct: 138
hue_offset: 110
saturation: 0.83

num_attempts: 3
dur: 1
std: 42.78
size: 576319 (562.81 KiB)

xmin: -0.10052006441521133
xmax: 0.7994799355847887
ymin: -1.5187620823858097
ymax: -1.0125120823858098

contrast: 1.73
brightness: -0.07
saturation: 1.75
gamma: 0.99
gamma_r: 0.97
gamma_g: 0.96
gamma_b: 1.06
vignette: -36
temp: 7245