tweet_id: 1707374457914888572
masto_id: 111142815033952096
subre_id: FAIL

n_iter: 670
ct: 222
hue_offset: 19
saturation: -0.67

num_attempts: 15
dur: 26
std: 100.37
size: 1690688 (1.61 MiB)

xmin: 0.37906847640720187
xmax: 0.37966575877244
ymin: 0.2716174481261553
ymax: 0.2719534194566018

contrast: 1.78
brightness: 0.2
saturation: 1.73
gamma: 0.99
gamma_r: 0.93
gamma_g: 1.05
gamma_b: 1.08
vignette: -37
temp: 3195