tweet_id: 1708677949300310513
masto_id: 111163182110250227
subre_id: FAIL

newton_power: 3
newton_const: -7

n_iter: 237
ct: 169
hue_offset: 1
saturation: 0.6

num_attempts: 291
dur: 600
std: 3.75
size: 365418 (356.85 KiB)

xmin: 0.7676314927910077
xmax: 0.8060930312525462
ymin: 1.7996427213422836
ymax: 1.821277336726899

contrast: 1.1
brightness: -0.01
saturation: 0.35
gamma: 1.03
gamma_r: 1.01
gamma_g: 0.91
gamma_b: 0.96
vignette: -5
temp: 7165