tweet_id: 1710054065734881503
masto_id: FAIL
subre_id: FAIL

n_iter: 192
ct: 210
hue_offset: 183
saturation: 0.66

num_attempts: 20
dur: 12
std: 32.83
size: 1548319 (1.48 MiB)

xmin: -1.234818087849006
xmax: -1.1558707194279534
ymin: -0.41614784130711513
ymax: -0.37173994657027304

contrast: 1.05
brightness: 0.12
saturation: 0.6
gamma: 0.98
gamma_r: 0.97
gamma_g: 0.99
gamma_b: 1.07
vignette: -18
temp: 7350