tweet_id: 1712198422264975815
masto_id: FAIL
subre_id: Not uploaded, but here's the text: Happy Wednesday!  #DigitalArt #Fractals

n_iter: 317
ct: 176
hue_offset: 303
saturation: -0.0

num_attempts: 10
dur: 5
std: 37.56
size: 1040234 (1015.85 KiB)

xmin: -0.665568263451588
xmax: -0.5973864452697699
ymin: -0.9061379149698126
ymax: -0.8677856422425398

contrast: 0.94
brightness: -0.08
saturation: 1.74
gamma: 1.01
gamma_r: 1.08
gamma_g: 0.92
gamma_b: 0.93
vignette: 1
temp: 3446