tweet_id: 1709312142950768867
masto_id: 111173091438554735
subre_id: FAIL

newton_power: 5
newton_const: -4

n_iter: 90
ct: 74
hue_offset: 38
saturation: -0.2

num_attempts: 97
dur: 614
std: 11.69
size: 735797 (718.55 KiB)

xmin: -0.9889779832277541
xmax: -0.8757704360579428
ymin: -0.2672908829231806
ymax: -0.2036116376401617

contrast: 1.09
brightness: 0.1
saturation: 1.48
gamma: 0.94
gamma_r: 1.01
gamma_g: 0.99
gamma_b: 0.98
vignette: 5
temp: 2842