tweet_id: 1707077400939422156
masto_id: FAIL
subre_id: FAIL

newton_power: 6
newton_const: 8

n_iter: 235
ct: 112
hue_offset: 256
saturation: 0.56

num_attempts: 69
dur: 600
std: 13.73
size: 1258174 (1.2 MiB)

xmin: -1.1651258181610566
xmax: -1.152222592354605
ymin: -1.6955122281296613
ymax: -1.6882541636135322

contrast: 0.79
brightness: -0.05
saturation: 0.74
gamma: 0.99
gamma_r: 1.06
gamma_g: 1.05
gamma_b: 1.0
vignette: 26
temp: 5637