tweet_id: 1710537787143827698
masto_id: FAIL
subre_id: Not uploaded, but here's the text: Guess what? It's Burning Ship!  #VisualArt #DeepLearning

n_iter: 136
ct: 20
hue_offset: 138
saturation: 0.24

num_attempts: 50
dur: 17
std: 21.86
size: 1785846 (1.7 MiB)

xmin: 0.496708301972161
xmax: 0.5945343889286827
ymin: -1.2039954521810157
ymax: -1.1489682782679722

contrast: 1.57
brightness: 0.01
saturation: 1.39
gamma: 1.04
gamma_r: 0.96
gamma_g: 1.03
gamma_b: 1.07
vignette: -11
temp: 2217