tweet_id: 1709057871764213796
masto_id: 111169118491686563
subre_id: FAIL

n_iter: 320
ct: 94
hue_offset: 342
saturation: -0.77

num_attempts: 12
dur: 6
std: 23.92
size: 810766 (791.76 KiB)

xmin: -1.3492402703269826
xmax: 0.9007597296730174
ymin: -1.9440967776984701
ymax: -0.6784717776984701

contrast: 0.79
brightness: 0.2
saturation: 1.3
gamma: 1.07
gamma_r: 1.09
gamma_g: 0.92
gamma_b: 1.02
vignette: 32
temp: 2603