tweet_id: 1712047466936164357
masto_id: 111215830773115315
subre_id: Not uploaded, but here's the text: you are awesome.  #Fractals #AI

n_iter: 326
ct: 125
hue_offset: 235
saturation: 0.22

num_attempts: 8
dur: 5
std: 42.12
size: 1279215 (1.22 MiB)

xmin: -1.2105934684693662
xmax: -0.3105934684693662
ymin: -1.0555389280946557
ymax: -0.5492889280946557

contrast: 1.79
brightness: 0.19
saturation: 1.25
gamma: 1.06
gamma_r: 1.0
gamma_g: 1.05
gamma_b: 0.93
vignette: -26
temp: 4607