tweet_id: 1707469997738488183
masto_id: 111144307945358971
subre_id: FAIL

newton_power: 5
newton_const: -5

n_iter: 65
ct: 129
hue_offset: 53
saturation: 0.78

num_attempts: 106
dur: 602
std: 9.39
size: 1142510 (1.09 MiB)

xmin: 1.8788765295809737
xmax: 1.8871069822558708
ymin: 1.5983140407092673
ymax: 1.6029436703388968

contrast: 0.84
brightness: 0.04
saturation: 0.84
gamma: 0.99
gamma_r: 0.96
gamma_g: 1.05
gamma_b: 1.02
vignette: -43
temp: 7478