tweet_id: 1708604335037268471
masto_id: 111162031899491796
subre_id: FAIL

n_iter: 480
ct: 58
hue_offset: 55
saturation: -0.8

num_attempts: 25
dur: 18
std: 42.93
size: 1559427 (1.49 MiB)

xmin: -1.0031471069462867
xmax: -0.8231471069462868
ymin: -0.7958439927130234
ymax: -0.6945939927130235

contrast: 1.26
brightness: -0.07
saturation: 1.7
gamma: 1.04
gamma_r: 1.0
gamma_g: 1.08
gamma_b: 0.93
vignette: -4
temp: 7552