tweet_id: 1711512324345840114
masto_id: 111207469449244898
subre_id: Not uploaded, but here's the text: Look closely, it's Multibrot!  #Science #Math

n_iter: 434
ct: 1
hue_offset: 72
saturation: 0.21

num_attempts: 267
dur: 605
std: 54.32
size: 1086506 (1.04 MiB)

xmin: -0.5168883552482024
xmax: -0.5113327996926469
ymin: -0.11175691745629002
ymax: -0.10863191745629001

contrast: 1.12
brightness: 0.2
saturation: 1.12
gamma: 0.94
gamma_r: 1.07
gamma_g: 1.06
gamma_b: 0.94
vignette: -33
temp: 2969