tweet_id: 1712052864850223198
masto_id: 111215915148234137
subre_id: Not uploaded, but here's the text: Have a great day!  #DeepLearning #Nature

n_iter: 1007
ct: 9
hue_offset: 75
saturation: -0.49

num_attempts: 59
dur: 131
std: 169.31
size: 1561247 (1.49 MiB)

xmin: -0.4009231221277445
xmax: -0.39974595909066385
ymin: 0.5826450573163511
ymax: 0.583307211524709

contrast: 0.94
brightness: 0.04
saturation: 1.67
gamma: 0.91
gamma_r: 1.02
gamma_g: 0.93
gamma_b: 1.06
vignette: -26
temp: 5951