tweet_id: 1707396674358743103
masto_id: 111143162155784215
subre_id: FAIL

n_iter: 407
ct: 138
hue_offset: 289
saturation: 0.84

num_attempts: 9
dur: 5
std: 24.02
size: 1815958 (1.73 MiB)

xmin: 0.07969640913388565
xmax: 0.1389069354496751
ymin: -1.1925379775963902
ymax: -1.1592320565437586

contrast: 0.87
brightness: 0.1
saturation: 0.44
gamma: 0.94
gamma_r: 1.02
gamma_g: 1.06
gamma_b: 0.99
vignette: -45
temp: 2995