tweet_id: 1713868529177346155
masto_id: 111244284978118554
subre_id: Not uploaded, but here's the text: Chin up, buttercup!  #DigitalArt #DeepLearning

n_iter: 277
ct: 255
hue_offset: 77
saturation: -0.7

num_attempts: 558
dur: 602
std: 45.2
size: 972703 (949.91 KiB)

xmin: -0.5404856344194302
xmax: -0.525276508944145
ymin: 0.3804394014791084
ymax: 0.3889945345589563

contrast: 1.37
brightness: 0.18
saturation: 1.73
gamma: 0.93
gamma_r: 0.98
gamma_g: 1.05
gamma_b: 0.92
vignette: 11
temp: 5339