tweet_id: 1708667160443408680
masto_id: 111163013472542518
subre_id: FAIL

n_iter: 323
ct: 192
hue_offset: 297
saturation: -0.76

num_attempts: 11
dur: 7
std: 25.49
size: 617113 (602.65 KiB)

xmin: -1.7754793121497985
xmax: -0.8754793121497985
ymin: -0.4177378388374382
ymax: 0.08851216116256178

contrast: 1.19
brightness: 0.01
saturation: 1.28
gamma: 1.0
gamma_r: 0.9
gamma_g: 1.01
gamma_b: 0.95
vignette: 26
temp: 7637