tweet_id: 1710175869161836666
masto_id: 111186587241618614
subre_id: FAIL

n_iter: 424
ct: 238
hue_offset: 53
saturation: -0.86

num_attempts: 79
dur: 61
std: 26.39
size: 585756 (572.03 KiB)

xmin: -0.3078168056534891
xmax: -0.2212783441150276
ymin: -1.1123598726624622
ymax: -1.0636819880470776

contrast: 1.49
brightness: 0.08
saturation: 0.27
gamma: 1.09
gamma_r: 0.93
gamma_g: 0.99
gamma_b: 1.05
vignette: -3
temp: 5063