tweet_id: 1710335775949095297
masto_id: 111189085788800232
subre_id: FAIL

n_iter: 416
ct: 1
hue_offset: 94
saturation: -0.43

num_attempts: 338
dur: 602
std: 55.59
size: 1072719 (1.02 MiB)

xmin: 0.1832588167765432
xmax: 0.1879262613506389
ymin: -1.0541937608387904
ymax: -1.0515683232658615

contrast: 1.08
brightness: 0.08
saturation: 0.74
gamma: 0.95
gamma_r: 0.94
gamma_g: 0.91
gamma_b: 0.92
vignette: -44
temp: 2983