tweet_id: 1709333752701198820
masto_id: 111173429047020419
subre_id: FAIL

n_iter: 808
ct: 226
hue_offset: 172
saturation: 0.73

num_attempts: 71
dur: 91
std: 73.95
size: 1608485 (1.53 MiB)

xmin: -0.6517413704549089
xmax: -0.6512923358792465
ymin: 0.3812264664228042
ymax: 0.3814790483716143

contrast: 1.48
brightness: 0.01
saturation: 1.13
gamma: 1.07
gamma_r: 1.0
gamma_g: 0.99
gamma_b: 0.95
vignette: -10
temp: 6401