tweet_id: 1709485491333021993
masto_id: 111175800012831661
subre_id: FAIL

n_iter: 654
ct: 209
hue_offset: 167
saturation: 0.97

num_attempts: 106
dur: 115
std: 51.56
size: 1116621 (1.06 MiB)

xmin: -1.1173054253060253
xmax: -1.1165454025053412
ymin: -0.2605155123276053
ymax: -0.2600879995022205

contrast: 1.59
brightness: -0.05
saturation: 1.09
gamma: 0.99
gamma_r: 1.08
gamma_g: 0.98
gamma_b: 0.98
vignette: -44
temp: 3667