tweet_id: 1711754135471845864
masto_id: 111211247497187968
subre_id: Not uploaded, but here's the text: you are awesome.  #Programming #Nature

n_iter: 297
ct: 255
hue_offset: 134
saturation: -0.23

num_attempts: 466
dur: 607
std: 45.54
size: 1012259 (988.53 KiB)

xmin: -0.4152724113123101
xmax: -0.41014420618410496
ymin: -0.6237449486164814
ymax: -0.6208603332318661

contrast: 1.05
brightness: 0.01
saturation: 0.57
gamma: 0.9
gamma_r: 1.04
gamma_g: 0.97
gamma_b: 1.05
vignette: -38
temp: 4489