tweet_id: 1710116597502013506
masto_id: 111185661018394333
subre_id: FAIL

n_iter: 489
ct: 29
hue_offset: 136
saturation: 0.76

num_attempts: 4
dur: 2
std: 23.13
size: 627865 (613.15 KiB)

xmin: -0.34463116094977986
xmax: 1.9053688390502201
ymin: -1.4895986239275132
ymax: -0.2239736239275132

contrast: 1.61
brightness: 0.2
saturation: 1.05
gamma: 1.07
gamma_r: 1.05
gamma_g: 0.96
gamma_b: 1.01
vignette: -12
temp: 7423