tweet_id: 1707167968550076515
masto_id: 111139588752166231
subre_id: FAIL

newton_power: 5
newton_const: -10

n_iter: 107
ct: 201
hue_offset: 201
saturation: -0.1

num_attempts: 96
dur: 607
std: 10.32
size: 1109532 (1.06 MiB)

xmin: 2.0401750565823615
xmax: 2.0573670336597254
ymin: -1.1288398843916125
ymax: -1.1191693972855954

contrast: 0.97
brightness: 0.06
saturation: 1.67
gamma: 1.01
gamma_r: 1.05
gamma_g: 1.03
gamma_b: 0.97
vignette: 29
temp: 3004