tweet_id: 1706914177854439582
masto_id: 111135623057722481
subre_id: FAIL

n_iter: 495
ct: 56
hue_offset: 320
saturation: -0.69

num_attempts: 5
dur: 5
std: 57.22
size: 642452 (627.39 KiB)

xmin: -0.9958618103496659
xmax: -0.353004667492523
ymin: -0.7740101434375668
ymax: -0.4124030005804239

contrast: 1.55
brightness: 0.21
saturation: 1.33
gamma: 0.93
gamma_r: 1.08
gamma_g: 1.03
gamma_b: 1.05
vignette: -17
temp: 6148