tweet_id: 1713108104194191604
masto_id: 111232403176516272
subre_id: Not uploaded, but here's the text: Wishing you the best!  #Science #Nature

n_iter: 545
ct: 197
hue_offset: 93
saturation: -0.91

num_attempts: 6
dur: 10
std: 114.38
size: 627038 (612.34 KiB)

xmin: 0.37330643442828215
xmax: 0.37394327569559627
ymin: -0.27102901885626873
ymax: -0.2706707956434045

contrast: 1.08
brightness: -0.03
saturation: 1.65
gamma: 0.94
gamma_r: 1.08
gamma_g: 1.03
gamma_b: 1.07
vignette: 26
temp: 2244