tweet_id: 1709825450980102244
masto_id: 111181111904126324
subre_id: FAIL

newton_power: 5
newton_const: -4

n_iter: 124
ct: 75
hue_offset: 30
saturation: -0.68

num_attempts: 111
dur: 601
std: 10.38
size: 1024466 (1000.46 KiB)

xmin: 2.2698017785247657
xmax: 2.5005710092939966
ymin: 1.611187019140106
ymax: 1.7409947114477984

contrast: 1.77
brightness: -0.01
saturation: 0.41
gamma: 1.02
gamma_r: 1.03
gamma_g: 0.94
gamma_b: 1.08
vignette: -21
temp: 7460