tweet_id: 1709878022155956486
masto_id: 111181933429818813
subre_id: FAIL

n_iter: 287
ct: 190
hue_offset: 226
saturation: 0.43

num_attempts: 1
dur: 0
std: 25.99
size: 1045476 (1020.97 KiB)

xmin: -1.3132981834572524
xmax: -1.3127225610655413
ymin: 0.07196314003705462
ymax: 0.07228692763239207

contrast: 0.91
brightness: 0.03
saturation: 0.49
gamma: 0.96
gamma_r: 0.94
gamma_g: 0.92
gamma_b: 1.02
vignette: 22
temp: 6489