tweet_id: 1709191255488340084
masto_id: 111171202529902822
subre_id: FAIL

n_iter: 624
ct: 1
hue_offset: 194
saturation: 0.05

num_attempts: 275
dur: 610
std: 80.4
size: 729299 (712.21 KiB)

xmin: 0.4699948053279073
xmax: 0.4762742401787707
ymin: 0.5173166544115437
ymax: 0.5208488365151545

contrast: 1.18
brightness: 0.08
saturation: 1.64
gamma: 1.03
gamma_r: 1.03
gamma_g: 1.04
gamma_b: 1.03
vignette: -24
temp: 7349