tweet_id: 1707647198266114052
masto_id: 111147076663547680
subre_id: FAIL

n_iter: 545
ct: 1
hue_offset: 253
saturation: -0.43

num_attempts: 308
dur: 600
std: 73.45
size: 1341891 (1.28 MiB)

xmin: -0.1845026358483215
xmax: -0.1792463940611993
ymin: 0.8641211799178414
ymax: 0.8670778159230976

contrast: 0.79
brightness: -0.0
saturation: 0.93
gamma: 1.05
gamma_r: 0.97
gamma_g: 0.93
gamma_b: 1.09
vignette: 20
temp: 6574