tweet_id: 1707819943897739486
masto_id: 111149775790058514
subre_id: FAIL

n_iter: 341
ct: 87
hue_offset: 211
saturation: 0.95

num_attempts: 8
dur: 5
std: 45.36
size: 2121659 (2.02 MiB)

xmin: 0.5021503967734375
xmax: 0.5532867604098012
ymin: -1.1902407028847246
ymax: -1.16147649833927

contrast: 1.22
brightness: 0.14
saturation: 0.6
gamma: 0.95
gamma_r: 0.98
gamma_g: 0.99
gamma_b: 1.03
vignette: -8
temp: 3482