tweet_id: 1709904945548521844
masto_id: 111182353986823356
subre_id: FAIL

n_iter: 381
ct: 31
hue_offset: 248
saturation: -0.18

num_attempts: 18
dur: 10
std: 30.9
size: 763207 (745.32 KiB)

xmin: -1.9389861959555277
xmax: -1.2961290530983849
ymin: -0.3388710922894651
ymax: 0.0227360505676778

contrast: 1.52
brightness: 0.14
saturation: 1.29
gamma: 1.02
gamma_r: 0.99
gamma_g: 1.02
gamma_b: 1.09
vignette: -14
temp: 4588