tweet_id: 1708363439192646021
masto_id: 111158267835408022
subre_id: FAIL

n_iter: 325
ct: 30
hue_offset: 236
saturation: -0.86

num_attempts: 1
dur: 1
std: 41.45
size: 1998119 (1.91 MiB)

xmin: -1.1344095280196826
xmax: -0.8531595280196826
ymin: -0.7319703091103591
ymax: -0.5737671841103591

contrast: 1.13
brightness: 0.16
saturation: 0.6
gamma: 0.95
gamma_r: 1.05
gamma_g: 0.94
gamma_b: 1.0
vignette: 27
temp: 5066