tweet_id: 1710187913806278917
masto_id: FAIL
subre_id: FAIL

newton_power: 5
newton_const: -9

n_iter: 79
ct: 115
hue_offset: 26
saturation: 0.2

num_attempts: 108
dur: 601
std: 9.53
size: 396123 (386.84 KiB)

xmin: 2.529577295088359
xmax: 2.5356195911608665
ymin: -1.3853292253395435
ymax: -1.381930433798758

contrast: 0.8
brightness: 0.22
saturation: 1.29
gamma: 1.04
gamma_r: 1.06
gamma_g: 0.92
gamma_b: 1.07
vignette: 0
temp: 7489