tweet_id: 1709704771341562322
masto_id: 111179226203249791
subre_id: FAIL

newton_power: 7
newton_const: 4

n_iter: 208
ct: 33
hue_offset: 174
saturation: -0.01

num_attempts: 70
dur: 604
std: 19.75
size: 856436 (836.36 KiB)

xmin: -0.4511398766070518
xmax: -0.41780654327371847
ymin: -1.223194535397167
ymax: -1.204444535397167

contrast: 1.78
brightness: 0.07
saturation: 0.26
gamma: 1.02
gamma_r: 0.98
gamma_g: 0.97
gamma_b: 0.91
vignette: 25
temp: 7030