tweet_id: 1714253486269878674
masto_id: 111250300184175549
subre_id: Not uploaded, but here's the text: you are awesome.  #Science #DeepLearning

n_iter: 395
ct: 245
hue_offset: 239
saturation: -0.49

num_attempts: 1
dur: 1
std: 21.65
size: 728355 (711.28 KiB)

xmin: 0.08314712964299575
xmax: 1.5831471296429958
ymin: -1.297938269918768
ymax: -0.45418826991876804

contrast: 1.01
brightness: 0.18
saturation: 1.19
gamma: 1.03
gamma_r: 1.05
gamma_g: 1.05
gamma_b: 0.95
vignette: -30
temp: 2805