tweet_id: 1711322773384032749
masto_id: 111204507450462851
subre_id: Not uploaded, but here's the text: Have an awesome day!  #Fractals #Science

n_iter: 295
ct: 36
hue_offset: 11
saturation: 0.88

num_attempts: 1
dur: 1
std: 25.11
size: 252301 (246.39 KiB)

xmin: -0.08795860796592647
xmax: -0.006140426147744654
ymin: 0.2510880179824202
ymax: 0.29711074525514747

contrast: 1.46
brightness: -0.04
saturation: 1.09
gamma: 0.92
gamma_r: 1.01
gamma_g: 0.93
gamma_b: 0.96
vignette: 2
temp: 7871