tweet_id: 1709398795451322780
masto_id: 111174445399312008
subre_id: FAIL

n_iter: 277
ct: 1
hue_offset: 169
saturation: -0.73

num_attempts: 474
dur: 603
std: 52.3
size: 1104342 (1.05 MiB)

xmin: 0.17030659113208424
xmax: 0.1762589720844652
ymin: 0.8541150905697101
ymax: 0.8574633048554244

contrast: 0.74
brightness: 0.05
saturation: 1.72
gamma: 0.94
gamma_r: 0.96
gamma_g: 1.09
gamma_b: 1.07
vignette: -26
temp: 3333