tweet_id: 1707439853107892380
masto_id: 111143836971693218
subre_id: FAIL

newton_power: 6
newton_const: 8

n_iter: 177
ct: 184
hue_offset: 299
saturation: 0.77

num_attempts: 81
dur: 609
std: 17.24
size: 728584 (711.51 KiB)

xmin: 0.4312974994153165
xmax: 0.4375345056523227
ymin: 1.0739315620954577
ymax: 1.0774398781037737

contrast: 0.87
brightness: -0.07
saturation: 0.45
gamma: 0.97
gamma_r: 1.09
gamma_g: 0.98
gamma_b: 1.03
vignette: 5
temp: 2701