tweet_id: 1708889322089594990
masto_id: FAIL
subre_id: FAIL

newton_power: 6
newton_const: 9

n_iter: 147
ct: 241
hue_offset: 50
saturation: 0.15

num_attempts: 67
dur: 603
std: 15.85
size: 1116461 (1.06 MiB)

xmin: -0.24556439324042856
xmax: -0.23743431193961556
ymin: -0.4287925323508597
ymax: -0.42421936161915236

contrast: 1.73
brightness: -0.03
saturation: 1.53
gamma: 1.06
gamma_r: 0.98
gamma_g: 0.96
gamma_b: 1.01
vignette: 31
temp: 5550