tweet_id: 1706805602553385311
masto_id: 111133926819032943
subre_id: FAIL

newton_power: 4
newton_const: -9

n_iter: 114
ct: 254
hue_offset: 30
saturation: -0.38

num_attempts: 127
dur: 600
std: 7.8
size: 807476 (788.55 KiB)

xmin: 0.5529416849603752
xmax: 0.5593725531275778
ymin: -1.0482680271415696
ymax: -1.0446506637975181

contrast: 1.34
brightness: 0.03
saturation: 0.74
gamma: 1.08
gamma_r: 0.98
gamma_g: 0.98
gamma_b: 0.9
vignette: -28
temp: 2279