tweet_id: 1710848595950535046
masto_id: 111197098372230101
subre_id: Not uploaded, but here's the text: Today is awesome!  #DeepLearning #AI

n_iter: 603
ct: 255
hue_offset: 114
saturation: -0.28

num_attempts: 191
dur: 615
std: 46.81
size: 113285 (110.63 KiB)

xmin: -0.2067335798473069
xmax: -0.20062670961829926
ymin: -1.1312748625472016
ymax: -1.1278397480433848

contrast: 1.69
brightness: -0.06
saturation: 1.73
gamma: 1.04
gamma_r: 1.03
gamma_g: 0.99
gamma_b: 1.04
vignette: 11
temp: 5920