tweet_id: 1708295077737402507
masto_id: 111157199702101354
subre_id: FAIL

n_iter: 529
ct: 155
hue_offset: 94
saturation: -0.61

num_attempts: 136
dur: 136
std: 62.37
size: 1000624 (977.17 KiB)

xmin: 0.01455057670110449
xmax: 0.015640792018629703
ymin: 0.848436433709538
ymax: 0.8490496798256459

contrast: 1.27
brightness: -0.07
saturation: 0.54
gamma: 1.09
gamma_r: 0.96
gamma_g: 0.93
gamma_b: 1.03
vignette: -33
temp: 3162