tweet_id: 1708971095678767249
masto_id: 111167762542279712
subre_id: FAIL

n_iter: 970
ct: 108
hue_offset: 8
saturation: -0.93

num_attempts: 11
dur: 22
std: 19.21
size: 817725 (798.56 KiB)

xmin: -0.22682305252833368
xmax: -0.22608816368027196
ymin: 0.7952477058466991
ymax: 0.7956610808237339

contrast: 0.93
brightness: 0.23
saturation: 0.79
gamma: 0.95
gamma_r: 0.97
gamma_g: 0.9
gamma_b: 0.96
vignette: -5
temp: 4812