tweet_id: 1714230867604951157
masto_id: 111249946461078507
subre_id: Not uploaded, but here's the text: Surprise! Multibrot!  #Science #Nature

n_iter: 379
ct: 255
hue_offset: 254
saturation: 0.62

num_attempts: 399
dur: 600
std: 62.45
size: 1434202 (1.37 MiB)

xmin: 0.1485633321484343
xmax: 0.1539396762344558
ymin: 1.0946442495510365
ymax: 1.0976684430994235

contrast: 0.92
brightness: 0.11
saturation: 1.54
gamma: 1.06
gamma_r: 0.99
gamma_g: 0.91
gamma_b: 1.08
vignette: 24
temp: 7186