tweet_id: 1707217223868150114
masto_id: 111140358330935781
subre_id: FAIL

n_iter: 397
ct: 26
hue_offset: 0
saturation: 0.83

num_attempts: 6
dur: 1
std: 25.43
size: 978614 (955.68 KiB)

xmin: 0.7355177693373265
xmax: 0.867870710513797
ymin: -1.1296740329244566
ymax: -1.0552255035126918

contrast: 0.87
brightness: -0.09
saturation: 1.34
gamma: 1.01
gamma_r: 0.98
gamma_g: 1.08
gamma_b: 0.99
vignette: -35
temp: 4853