tweet_id: 1709096782653956517
masto_id: 111169726603443858
subre_id: FAIL

n_iter: 525
ct: 1
hue_offset: 37
saturation: -0.11

num_attempts: 251
dur: 604
std: 61.76
size: 959057 (936.58 KiB)

xmin: 0.5409581073769076
xmax: 0.5644875191416135
ymin: 0.30166744502891785
ymax: 0.3149027391465649

contrast: 1.52
brightness: 0.03
saturation: 0.69
gamma: 0.97
gamma_r: 0.97
gamma_g: 0.95
gamma_b: 1.05
vignette: -36
temp: 2543