tweet_id: 1708941072087347571
masto_id: 111167293422003446
subre_id: FAIL

n_iter: 953
ct: 5
hue_offset: 34
saturation: 0.11

num_attempts: 95
dur: 179
std: 146.33
size: 1789254 (1.71 MiB)

xmin: -0.5205669550489977
xmax: -0.5177619059606386
ymin: 0.5240068105099722
ymax: 0.5255846506221742

contrast: 1.52
brightness: 0.02
saturation: 0.99
gamma: 1.04
gamma_r: 0.91
gamma_g: 1.07
gamma_b: 1.01
vignette: -25
temp: 6670