tweet_id: 1710908348843843711
masto_id: 111198032018198999
subre_id: Not uploaded, but here's the text: Happy Sunday!  #Art #Mathematics

n_iter: 500
ct: 1
hue_offset: 248
saturation: 0.75

num_attempts: 256
dur: 609
std: 57.17
size: 812802 (793.75 KiB)

xmin: 0.16904257610196982
xmax: 0.22383709664991502
ymin: 0.7314531418385823
ymax: 0.7622750596468015

contrast: 1.66
brightness: -0.01
saturation: 0.51
gamma: 0.97
gamma_r: 0.95
gamma_g: 0.93
gamma_b: 0.98
vignette: -8
temp: 7746