tweet_id: 1708130029195124877
masto_id: 111154620823612939
subre_id: FAIL

n_iter: 534
ct: 255
hue_offset: 239
saturation: -0.98

num_attempts: 255
dur: 607
std: 63.79
size: 490123 (478.64 KiB)

xmin: -0.47635689167716366
xmax: -0.46788231540597724
ymin: 0.5295451260479274
ymax: 0.5343120752004697

contrast: 0.95
brightness: -0.06
saturation: 0.76
gamma: 1.03
gamma_r: 1.06
gamma_g: 1.04
gamma_b: 1.08
vignette: 6
temp: 7880