tweet_id: 1707124945937907943
masto_id: 111138916356422511
subre_id: FAIL

n_iter: 154
ct: 61
hue_offset: 236
saturation: -0.21

num_attempts: 25
dur: 12
std: 22.06
size: 1727535 (1.65 MiB)

xmin: 0.7132978273807682
xmax: 0.7794742979690035
ymin: -1.2611488029360405
ymax: -1.2239245382301582

contrast: 1.4
brightness: -0.09
saturation: 1.19
gamma: 1.08
gamma_r: 1.06
gamma_g: 0.93
gamma_b: 0.91
vignette: 21
temp: 2106