tweet_id: 1708885991275262132
masto_id: 111166433088604235
subre_id: FAIL

n_iter: 493
ct: 255
hue_offset: 131
saturation: -0.0

num_attempts: 274
dur: 608
std: 47.25
size: 1069369 (1.02 MiB)

xmin: -0.18765361683854143
xmax: -0.18241115288048113
ymin: -1.13022147804942
ymax: -1.1272725920730111

contrast: 1.23
brightness: 0.21
saturation: 1.19
gamma: 0.92
gamma_r: 1.06
gamma_g: 1.05
gamma_b: 0.94
vignette: -29
temp: 3219