tweet_id: 1709976498676040047
masto_id: 111183471966957328
subre_id: FAIL

newton_power: 6
newton_const: -5

n_iter: 152
ct: 65
hue_offset: 307
saturation: 0.45

num_attempts: 80
dur: 605
std: 14.92
size: 719636 (702.77 KiB)

xmin: -0.20225222097901918
xmax: -0.1944498802768085
ymin: -1.9490605878103457
ymax: -1.9446717711653523

contrast: 1.25
brightness: 0.08
saturation: 0.32
gamma: 1.08
gamma_r: 1.0
gamma_g: 1.03
gamma_b: 0.91
vignette: 3
temp: 6898