tweet_id: 1709747798424408508
masto_id: 111179898630437176
subre_id: FAIL

newton_power: 5
newton_const: 8

n_iter: 155
ct: 128
hue_offset: 219
saturation: -0.63

num_attempts: 102
dur: 607
std: 11.08
size: 1167893 (1.11 MiB)

xmin: 2.0031416570308256
xmax: 2.0613940842152916
ymin: -0.08316898004194306
ymax: -0.05040198975068093

contrast: 0.95
brightness: -0.03
saturation: 0.42
gamma: 0.91
gamma_r: 0.95
gamma_g: 1.05
gamma_b: 0.93
vignette: 31
temp: 2904