tweet_id: 1707401419584647637
masto_id: 111143236376229518
subre_id: FAIL

n_iter: 444
ct: 11
hue_offset: 120
saturation: 0.45

num_attempts: 146
dur: 109
std: 46.4
size: 1155937 (1.1 MiB)

xmin: -0.7176991476488119
xmax: -0.7169232019650098
ymin: -0.2860250879133498
ymax: -0.2855886184662111

contrast: 0.92
brightness: 0.09
saturation: 0.98
gamma: 1.06
gamma_r: 1.05
gamma_g: 0.99
gamma_b: 0.94
vignette: -9
temp: 6379