tweet_id: 1709644350236352756
masto_id: 111178282224984270
subre_id: FAIL

newton_power: 5
newton_const: 1

n_iter: 73
ct: 81
hue_offset: 34
saturation: 0.65

num_attempts: 91
dur: 600
std: 10.6
size: 1069754 (1.02 MiB)

xmin: 0.46223874063856574
xmax: 0.46928926942822496
ymin: -1.9655806078325802
ymax: -1.961614685388397

contrast: 1.72
brightness: 0.02
saturation: 0.92
gamma: 0.94
gamma_r: 0.94
gamma_g: 1.01
gamma_b: 1.08
vignette: -39
temp: 2466