tweet_id: 1714260269709574289
masto_id: 111250405846616407
subre_id: Not uploaded, but here's the text: Wishing you a joyful day!  #Art #DigitalArt

n_iter: 816
ct: 166
hue_offset: 175
saturation: 0.94

num_attempts: 61
dur: 58
std: 39.73
size: 493443 (481.88 KiB)

xmin: -1.7897618597816147
xmax: -1.754674140483369
ymin: -0.007597385193010453
ymax: 0.012139456912252704

contrast: 1.55
brightness: 0.21
saturation: 1.69
gamma: 0.96
gamma_r: 1.0
gamma_g: 1.09
gamma_b: 0.93
vignette: 4
temp: 4908