tweet_id: 1707570992514810015
masto_id: 111145885937356514
subre_id: FAIL

n_iter: 431
ct: 255
hue_offset: 261
saturation: 0.49

num_attempts: 421
dur: 606
std: 72.04
size: 950682 (928.4 KiB)

xmin: -0.5283951137804035
xmax: -0.522908145330472
ymin: -0.14417141193487426
ymax: -0.14108499218178783

contrast: 0.71
brightness: 0.1
saturation: 0.47
gamma: 1.01
gamma_r: 0.93
gamma_g: 1.05
gamma_b: 0.9
vignette: -8
temp: 4684