tweet_id: 1709016032013160694
masto_id: 111168464760224416
subre_id: FAIL

n_iter: 936
ct: 7
hue_offset: 206
saturation: 0.25

num_attempts: 42
dur: 57
std: 23.61
size: 919776 (898.22 KiB)

xmin: -0.06956829134651876
xmax: 0.7304317086534813
ymin: 0.5262771646246649
ymax: 0.9762771646246649

contrast: 1.55
brightness: 0.22
saturation: 1.19
gamma: 1.09
gamma_r: 1.06
gamma_g: 1.09
gamma_b: 1.03
vignette: -44
temp: 3465