tweet_id: 1709302440871551074
masto_id: 111172940108006552
subre_id: FAIL

n_iter: 577
ct: 217
hue_offset: 162
saturation: 0.97

num_attempts: 1
dur: 1
std: 55.89
size: 1326307 (1.26 MiB)

xmin: -0.5063725766248539
xmax: -0.5046174208547793
ymin: -0.609401976970008
ymax: -0.608414701849341

contrast: 1.72
brightness: 0.18
saturation: 0.63
gamma: 1.09
gamma_r: 0.99
gamma_g: 0.91
gamma_b: 0.9
vignette: -43
temp: 4706