tweet_id: 1710218124975288795
masto_id: 111187247456035593
subre_id: FAIL

newton_power: 4
newton_const: -5

n_iter: 219
ct: 213
hue_offset: 1
saturation: -0.42

num_attempts: 109
dur: 613
std: 7.45
size: 761616 (743.77 KiB)

xmin: -1.2846091595483364
xmax: -1.2782329640116734
ymin: -1.192357681968554
ymax: -1.1887710719791809

contrast: 1.35
brightness: 0.17
saturation: 0.47
gamma: 1.04
gamma_r: 1.06
gamma_g: 0.93
gamma_b: 0.99
vignette: 19
temp: 2512