tweet_id: 1708345823824880101
masto_id: 111157992724755556
subre_id: FAIL

newton_power: 4
newton_const: -3

n_iter: 223
ct: 64
hue_offset: 167
saturation: -0.47

num_attempts: 110
dur: 603
std: 6.87
size: 1172443 (1.12 MiB)

xmin: 0.6201993116403726
xmax: 0.6981213895624505
ymin: 0.2385654038792624
ymax: 0.2823965727104312

contrast: 0.84
brightness: 0.07
saturation: 1.52
gamma: 0.96
gamma_r: 1.1
gamma_g: 0.96
gamma_b: 0.93
vignette: -44
temp: 5637