tweet_id: 1712841106377806017
masto_id: 111228231515002207
subre_id: Not uploaded, but here's the text: Have an awesome day!  #Math #VisualArt

n_iter: 339
ct: 1
hue_offset: 120
saturation: -0.91

num_attempts: 407
dur: 607
std: 57.86
size: 1019158 (995.27 KiB)

xmin: -0.5500712829163283
xmax: -0.5449822243921553
ymin: -0.3086459993929216
ymax: -0.30578340397307424

contrast: 1.36
brightness: 0.23
saturation: 1.61
gamma: 0.91
gamma_r: 1.08
gamma_g: 0.96
gamma_b: 0.95
vignette: 8
temp: 2427