tweet_id: 1709570994317197687
masto_id: FAIL
subre_id: FAIL

n_iter: 278
ct: 223
hue_offset: 31
saturation: 0.08

num_attempts: 20
dur: 7
std: 39.57
size: 1157594 (1.1 MiB)

xmin: 0.33717396820177914
xmax: 0.4134451546424571
ymin: -1.1448066347276753
ymax: -1.101904092354794

contrast: 0.88
brightness: -0.06
saturation: 1.46
gamma: 1.07
gamma_r: 0.91
gamma_g: 1.03
gamma_b: 0.91
vignette: -17
temp: 5750