tweet_id: 1710058710523953382
masto_id: 111184756450514256
subre_id: FAIL

n_iter: 381
ct: 146
hue_offset: 109
saturation: 0.26

num_attempts: 162
dur: 115
std: 81.21
size: 841685 (821.96 KiB)

xmin: 0.19612898801859036
xmax: 0.2001490885211029
ymin: -0.5525215166483407
ymax: -0.5502602101156774

contrast: 1.48
brightness: -0.03
saturation: 0.97
gamma: 1.07
gamma_r: 1.01
gamma_g: 0.96
gamma_b: 1.08
vignette: 30
temp: 5354