tweet_id: 1708134366596227419
masto_id: 111154688710006106
subre_id: FAIL

newton_power: 3
newton_const: -1

n_iter: 93
ct: 30
hue_offset: 91
saturation: -0.91

num_attempts: 256
dur: 601
std: 3.5
size: 537275 (524.68 KiB)

xmin: 1.1134059953783924
xmax: 1.1247054304066408
ymin: -1.947258743556326
ymax: -1.940902811352936

contrast: 1.3
brightness: 0.16
saturation: 1.26
gamma: 1.07
gamma_r: 1.07
gamma_g: 0.94
gamma_b: 1.02
vignette: 12
temp: 5085