tweet_id: 1714010527096336797
masto_id: 111246503731683607
subre_id: Not uploaded, but here's the text: You are lovely!  #Nature #VisualArt

n_iter: 145
ct: 132
hue_offset: 181
saturation: -0.47

num_attempts: 46
dur: 17
std: 21.92
size: 1193250 (1.14 MiB)

xmin: -0.6880170556602414
xmax: -0.5080170556602415
ymin: -0.809307296929781
ymax: -0.708057296929781

contrast: 1.34
brightness: 0.15
saturation: 1.17
gamma: 0.97
gamma_r: 0.97
gamma_g: 1.0
gamma_b: 0.92
vignette: 6
temp: 5952