tweet_id: 1712107759242788875
masto_id: 111216772879696406
subre_id: Not uploaded, but here's the text: Happy Wednesday!  #DigitalArt #VisualArt

n_iter: 421
ct: 2
hue_offset: 191
saturation: -0.74

num_attempts: 14
dur: 8
std: 39.02
size: 1522460 (1.45 MiB)

xmin: 0.4481747689438653
xmax: 0.5697963905654869
ymin: -1.2595227053850078
ymax: -1.1911105432228455

contrast: 0.73
brightness: 0.16
saturation: 0.49
gamma: 0.98
gamma_r: 1.09
gamma_g: 0.97
gamma_b: 0.96
vignette: 6
temp: 6495