tweet_id: 1713980726536781890
masto_id: 111246037986996098
subre_id: Not uploaded, but here's the text: Chin up, buttercup!  #DeepLearning #Mathematics

n_iter: 336
ct: 137
hue_offset: 191
saturation: 0.52

num_attempts: 5
dur: 4
std: 46.02
size: 1448431 (1.38 MiB)

xmin: -0.7761294750639731
xmax: -0.6842927403700956
ymin: -0.8974185044188574
ymax: -0.8457603411535513

contrast: 1.29
brightness: 0.15
saturation: 1.23
gamma: 0.99
gamma_r: 0.96
gamma_g: 1.08
gamma_b: 1.08
vignette: 33
temp: 5344