tweet_id: 1710545921698631873
masto_id: 111192369172335602
subre_id: Not uploaded, but here's the text: Today is awesome!  #Nature #AI

n_iter: 487
ct: 255
hue_offset: 334
saturation: 0.02

num_attempts: 315
dur: 605
std: 76.08
size: 631640 (616.84 KiB)

xmin: -0.12172451252027416
xmax: -0.11277596665897663
ymin: -1.1194861416628734
ymax: -1.1144525846158935

contrast: 1.13
brightness: 0.03
saturation: 1.22
gamma: 0.97
gamma_r: 1.03
gamma_g: 1.03
gamma_b: 0.92
vignette: 30
temp: 2141