tweet_id: 1708699642471518534
masto_id: 111163521096632311
subre_id: FAIL

n_iter: 344
ct: 15
hue_offset: 206
saturation: -0.99

num_attempts: 21
dur: 18
std: 23.48
size: 1079121 (1.03 MiB)

xmin: -0.5549546700188075
xmax: -0.554379296025712
ymin: -0.5798603047138597
ymax: -0.5795366568427435

contrast: 1.43
brightness: 0.09
saturation: 1.02
gamma: 0.97
gamma_r: 1.0
gamma_g: 1.05
gamma_b: 1.04
vignette: 7
temp: 7897