tweet_id: 1708454797894877265
masto_id: 111159695368215565
subre_id: FAIL

n_iter: 340
ct: 55
hue_offset: 124
saturation: -0.23

num_attempts: 2
dur: 0
std: 29.73
size: 1887073 (1.8 MiB)

xmin: -1.4072767688194776
xmax: -1.3464659580086669
ymin: -0.3763603294013913
ymax: -0.3421542483203102

contrast: 1.01
brightness: -0.02
saturation: 0.33
gamma: 1.06
gamma_r: 0.96
gamma_g: 1.02
gamma_b: 0.92
vignette: -10
temp: 5996