tweet_id: 1706861905321644207
masto_id: 111134806461510259
subre_id: FAIL

n_iter: 401
ct: 255
hue_offset: 103
saturation: -0.55

num_attempts: 375
dur: 605
std: 60.66
size: 1061549 (1.01 MiB)

xmin: -0.11598007488119633
xmax: -0.1101913628696189
ymin: -0.8000600612742603
ymax: -0.796803910767748

contrast: 1.19
brightness: 0.15
saturation: 0.69
gamma: 1.03
gamma_r: 1.1
gamma_g: 0.9
gamma_b: 1.09
vignette: 15
temp: 4238