tweet_id: 1709851743473786901
masto_id: 111181522826923255
subre_id: FAIL

n_iter: 434
ct: 1
hue_offset: 269
saturation: 0.9

num_attempts: 381
dur: 604
std: 75.08
size: 804075 (785.23 KiB)

xmin: 0.06642185004857382
xmax: 0.07066813454963539
ymin: 0.7776959220038688
ymax: 0.7800844570357159

contrast: 0.8
brightness: -0.0
saturation: 0.42
gamma: 1.02
gamma_r: 1.08
gamma_g: 1.01
gamma_b: 0.93
vignette: 1
temp: 6122