tweet_id: 1707928147428327749
masto_id: FAIL
subre_id: FAIL

n_iter: 536
ct: 81
hue_offset: 281
saturation: -0.38

num_attempts: 45
dur: 22
std: 34.34
size: 1240892 (1.18 MiB)

xmin: -0.5785411486732412
xmax: -0.5532246929770387
ymin: -0.5592645662290502
ymax: -0.5450240598999363

contrast: 1.0
brightness: 0.09
saturation: 0.29
gamma: 0.99
gamma_r: 1.09
gamma_g: 0.94
gamma_b: 1.09
vignette: 28
temp: 2390