tweet_id: 1707763010582819222
masto_id: 111148886203876923
subre_id: FAIL

n_iter: 836
ct: 6
hue_offset: 323
saturation: 0.23

num_attempts: 36
dur: 41
std: 82.42
size: 1070322 (1.02 MiB)

xmin: 0.06278596815554138
xmax: 0.1427859681555414
ymin: 0.5974991510093359
ymax: 0.642499151009336

contrast: 0.92
brightness: 0.18
saturation: 1.72
gamma: 0.99
gamma_r: 1.01
gamma_g: 0.93
gamma_b: 0.93
vignette: 9
temp: 6436