tweet_id: 1709933485916659855
masto_id: FAIL
subre_id: FAIL

n_iter: 183
ct: 208
hue_offset: 24
saturation: 0.38

num_attempts: 57
dur: 25
std: 28.55
size: 1818149 (1.73 MiB)

xmin: -0.5693850513252745
xmax: -0.4875668695070927
ymin: -0.8972416189273225
ymax: -0.8512188916545952

contrast: 1.14
brightness: 0.05
saturation: 0.36
gamma: 0.91
gamma_r: 0.94
gamma_g: 0.97
gamma_b: 0.94
vignette: 15
temp: 3154