tweet_id: 1712535915564806470
masto_id: 111223462828677557
subre_id: Not uploaded, but here's the text: you are awesome.  #Mathematics #DigitalArt

n_iter: 821
ct: 60
hue_offset: 78
saturation: 0.1

num_attempts: 93
dur: 126
std: 34.17
size: 921863 (900.26 KiB)

xmin: 0.14810295827631137
xmax: 0.14882109113088945
ymin: 0.6159799524820739
ymax: 0.6163839022127741

contrast: 1.43
brightness: -0.05
saturation: 1.46
gamma: 0.9
gamma_r: 1.0
gamma_g: 0.99
gamma_b: 1.02
vignette: 33
temp: 5286