tweet_id: 1708734514246353127
masto_id: 111164066023544215
subre_id: FAIL

n_iter: 452
ct: 1
hue_offset: 242
saturation: -0.89

num_attempts: 202
dur: 601
std: 39.67
size: 1239821 (1.18 MiB)

xmin: -0.2981304429284113
xmax: -0.26613044292841126
ymin: -0.7403451504203876
ymax: -0.7223451504203876

contrast: 1.57
brightness: 0.19
saturation: 1.34
gamma: 0.95
gamma_r: 0.95
gamma_g: 0.95
gamma_b: 1.09
vignette: -48
temp: 2838