tweet_id: 1707163615671865756
masto_id: 111139520625808127
subre_id: FAIL

n_iter: 275
ct: 1
hue_offset: 19
saturation: -0.46

num_attempts: 592
dur: 600
std: 46.97
size: 1563550 (1.49 MiB)

xmin: -0.2913955308158076
xmax: -0.2849020243223011
ymin: 0.7067787200599476
ymax: 0.710431317462545

contrast: 1.72
brightness: 0.23
saturation: 1.69
gamma: 0.95
gamma_r: 1.0
gamma_g: 1.02
gamma_b: 1.01
vignette: 31
temp: 3606