tweet_id: 1707651158838325401
masto_id: 111147138510448703
subre_id: FAIL

newton_power: 6
newton_const: -8

n_iter: 238
ct: 215
hue_offset: 163
saturation: -0.27

num_attempts: 96
dur: 609
std: 14.76
size: 994660 (971.35 KiB)

xmin: -2.754729728210318
xmax: -2.7414259588089878
ymin: 1.3034825479196064
ymax: 1.3109659182078548

contrast: 1.22
brightness: 0.07
saturation: 0.94
gamma: 0.95
gamma_r: 1.02
gamma_g: 1.03
gamma_b: 1.01
vignette: -11
temp: 7450