tweet_id: 1712750881727266865
masto_id: 111226821672105718
subre_id: Not uploaded, but here's the text: you're awesome!  #Science #Nature

n_iter: 548
ct: 255
hue_offset: 89
saturation: -0.81

num_attempts: 314
dur: 609
std: 91.2
size: 1530087 (1.46 MiB)

xmin: -0.38568199700767036
xmax: -0.3801109663670018
ymin: 0.6245583623275834
ymax: 0.6276920670629594

contrast: 1.16
brightness: 0.03
saturation: 0.62
gamma: 1.0
gamma_r: 0.94
gamma_g: 1.06
gamma_b: 1.07
vignette: 24
temp: 2879