tweet_id: 1710027673366589884
masto_id: 111184271678523168
subre_id: FAIL

n_iter: 196
ct: 70
hue_offset: 96
saturation: 0.99

num_attempts: 104
dur: 48
std: 24.91
size: 837634 (818.0 KiB)

xmin: -0.8271718657909213
xmax: -0.8254304639624493
ymin: -0.20939227807577043
ymax: -0.20841273954725498

contrast: 0.74
brightness: 0.02
saturation: 1.64
gamma: 0.96
gamma_r: 0.97
gamma_g: 1.03
gamma_b: 1.0
vignette: -31
temp: 2210