tweet_id: 1713470583382462693
masto_id: 111238067214441228
subre_id: Not uploaded, but here's the text: Wishing you a joyful day!  #AI #Nature

n_iter: 382
ct: 107
hue_offset: 81
saturation: 0.17

num_attempts: 11
dur: 5
std: 16.11
size: 633252 (618.41 KiB)

xmin: 0.16175494138593027
xmax: 0.17398735728807094
ymin: -0.6385974516652734
ymax: -0.6317167177203192

contrast: 0.76
brightness: -0.04
saturation: 0.63
gamma: 0.95
gamma_r: 1.06
gamma_g: 0.91
gamma_b: 1.1
vignette: 7
temp: 2103