tweet_id: 1708855054466252913
masto_id: 111165949410242614
subre_id: FAIL

n_iter: 368
ct: 1
hue_offset: 350
saturation: -0.92

num_attempts: 500
dur: 605
std: 46.67
size: 853379 (833.38 KiB)

xmin: -0.46642170310174924
xmax: -0.4569654383263355
ymin: 0.04306565838772425
ymax: 0.04838480732389446

contrast: 1.17
brightness: 0.2
saturation: 1.19
gamma: 1.04
gamma_r: 0.99
gamma_g: 1.07
gamma_b: 0.94
vignette: -17
temp: 6517