tweet_id: 1709575100364619857
masto_id: 111177200053892644
subre_id: FAIL

n_iter: 495
ct: 104
hue_offset: 72
saturation: 0.01

num_attempts: 9
dur: 9
std: 111.88
size: 1247157 (1.19 MiB)

xmin: -0.8873848281468308
xmax: -0.8865344880107764
ymin: -0.22678702228649128
ymax: -0.22630870595996067

contrast: 0.78
brightness: 0.2
saturation: 1.63
gamma: 1.02
gamma_r: 1.09
gamma_g: 1.06
gamma_b: 0.95
vignette: 3
temp: 7445