tweet_id: 1712418733191254496
masto_id: 111221631809125736
subre_id: Not uploaded, but here's the text: Cheers to a fantastic Thursday!  #AI #Fractals

n_iter: 342
ct: 255
hue_offset: 185
saturation: -0.03

num_attempts: 438
dur: 603
std: 56.35
size: 1063417 (1.01 MiB)

xmin: -0.529827401685081
xmax: -0.520142171660868
ymin: 0.6118539225371449
ymax: 0.6173018644257647

contrast: 1.77
brightness: 0.04
saturation: 0.63
gamma: 1.1
gamma_r: 1.07
gamma_g: 1.04
gamma_b: 0.9
vignette: -45
temp: 3960