tweet_id: 1709911993153618340
masto_id: 111182464026448691
subre_id: FAIL

n_iter: 966
ct: 200
hue_offset: 60
saturation: -0.48

num_attempts: 45
dur: 58
std: 167.06
size: 1570856 (1.5 MiB)

xmin: -0.029483559130691006
xmax: -0.02861114909797563
ymin: 0.7088209673309636
ymax: 0.709311697974366

contrast: 1.14
brightness: 0.2
saturation: 1.3
gamma: 1.06
gamma_r: 0.96
gamma_g: 1.05
gamma_b: 1.03
vignette: 32
temp: 2840