tweet_id: 1710874104516239601
masto_id: 111197497109254859
subre_id: Not uploaded, but here's the text: Having a blast on Sunday?  #Science #AI

n_iter: 765
ct: 108
hue_offset: 323
saturation: -0.6

num_attempts: 80
dur: 133
std: 43.83
size: 878419 (857.83 KiB)

xmin: -0.5801068751011407
xmax: -0.5764869655988782
ymin: 0.4782721643343184
ymax: 0.480308363429341

contrast: 1.21
brightness: 0.14
saturation: 1.46
gamma: 1.02
gamma_r: 1.0
gamma_g: 0.92
gamma_b: 1.02
vignette: 4
temp: 6063