tweet_id: 1707203853698187369
masto_id: 111140149435620407
subre_id: FAIL

n_iter: 802
ct: 144
hue_offset: 135
saturation: 0.08

num_attempts: 30
dur: 41
std: 50.33
size: 927945 (906.2 KiB)

xmin: -0.803940563023142
xmax: -0.8032980959495795
ymin: 0.16624074389558263
ymax: 0.16660213162446152

contrast: 0.84
brightness: 0.03
saturation: 0.89
gamma: 0.97
gamma_r: 1.06
gamma_g: 1.04
gamma_b: 1.04
vignette: 19
temp: 5179