tweet_id: 1708250753985364026
masto_id: 111156507100213705
subre_id: FAIL

n_iter: 413
ct: 1
hue_offset: 118
saturation: 0.99

num_attempts: 351
dur: 607
std: 72.48
size: 634208 (619.34 KiB)

xmin: 0.20911307375467247
xmax: 0.21313721862388776
ymin: 0.9922944677797596
ymax: 0.9945580492686932

contrast: 1.67
brightness: 0.08
saturation: 0.68
gamma: 1.1
gamma_r: 1.0
gamma_g: 0.97
gamma_b: 1.06
vignette: 23
temp: 3622