tweet_id: 1710278328383639786
masto_id: 111188188096285171
subre_id: FAIL

n_iter: 339
ct: 1
hue_offset: 249
saturation: -0.37

num_attempts: 447
dur: 600
std: 65.03
size: 1374717 (1.31 MiB)

xmin: -0.42235069977032813
xmax: -0.4154182907581964
ymin: -0.5944795778253029
ymax: -0.5905800977559789

contrast: 0.74
brightness: -0.06
saturation: 1.28
gamma: 0.98
gamma_r: 1.09
gamma_g: 0.91
gamma_b: 0.95
vignette: -32
temp: 7207