tweet_id: 1708151759980372134
masto_id: 111154960377567466
subre_id: FAIL

n_iter: 219
ct: 203
hue_offset: 157
saturation: -0.97

num_attempts: 22
dur: 14
std: 24.36
size: 497585 (485.92 KiB)

xmin: -0.4192672601737937
xmax: 0.48073273982620635
ymin: -1.1593983216853212
ymax: -0.6531483216853212

contrast: 1.53
brightness: 0.02
saturation: 0.71
gamma: 0.99
gamma_r: 1.02
gamma_g: 1.07
gamma_b: 0.99
vignette: -28
temp: 3647