tweet_id: 1706866012258459695
masto_id: 111134870586766578
subre_id: FAIL

newton_power: 3
newton_const: -4

n_iter: 123
ct: 187
hue_offset: 134
saturation: -0.56

num_attempts: 239
dur: 602
std: 3.9
size: 307645 (300.43 KiB)

xmin: 0.0006815469195107227
xmax: 0.015174300542699129
ymin: 0.39798039945647945
ymax: 0.4061325733695229

contrast: 1.13
brightness: 0.01
saturation: 0.97
gamma: 0.93
gamma_r: 1.08
gamma_g: 1.07
gamma_b: 1.02
vignette: -2
temp: 3270