tweet_id: 1707107611416342983
masto_id: FAIL
subre_id: FAIL

newton_power: 7
newton_const: -4

n_iter: 78
ct: 204
hue_offset: 243
saturation: 0.66

num_attempts: 81
dur: 602
std: 13.65
size: 719880 (703.01 KiB)

xmin: 1.9218061919952252
xmax: 1.9581698283588616
ymin: -0.759766165654792
ymax: -0.7393116202002465

contrast: 0.7
brightness: 0.09
saturation: 0.52
gamma: 0.98
gamma_r: 0.94
gamma_g: 0.93
gamma_b: 1.08
vignette: -6
temp: 3819