tweet_id: 1709455071522562339
masto_id: 111175324596857371
subre_id: FAIL

n_iter: 516
ct: 199
hue_offset: 49
saturation: 0.94

num_attempts: 17
dur: 8
std: 15.85
size: 295536 (288.61 KiB)

xmin: -0.3459250010411825
xmax: -0.3442761964245296
ymin: -0.66495970069932
ymax: -0.6640322481024528

contrast: 1.77
brightness: 0.1
saturation: 0.26
gamma: 0.94
gamma_r: 1.05
gamma_g: 0.96
gamma_b: 0.96
vignette: 1
temp: 7044