tweet_id: 1709614127260238129
masto_id: 111177809986090958
subre_id: FAIL

newton_power: 3
newton_const: 7

n_iter: 133
ct: 46
hue_offset: 325
saturation: -0.13

num_attempts: 290
dur: 602
std: 4.0
size: 1010189 (986.51 KiB)

xmin: 1.4830404887540194
xmax: 1.7330404887540194
ymin: -0.00782570408996941
ymax: 0.1327992959100306

contrast: 1.67
brightness: 0.18
saturation: 1.02
gamma: 0.98
gamma_r: 1.04
gamma_g: 1.09
gamma_b: 1.09
vignette: -45
temp: 4467