tweet_id: 1707572554544578848
masto_id: 111145910350419179
subre_id: FAIL

newton_power: 5
newton_const: -3

n_iter: 202
ct: 57
hue_offset: 5
saturation: -0.86

num_attempts: 94
dur: 602
std: 13.4
size: 1240696 (1.18 MiB)

xmin: 1.9481748946745023
xmax: 1.9806073271069349
ymin: 1.0804891312580867
ymax: 1.09873237450133

contrast: 1.34
brightness: 0.01
saturation: 1.45
gamma: 0.96
gamma_r: 0.95
gamma_g: 0.92
gamma_b: 1.06
vignette: -40
temp: 3042