tweet_id: 1708341394765479960
masto_id: 111157923575079762
subre_id: FAIL

n_iter: 523
ct: 255
hue_offset: 249
saturation: 0.53

num_attempts: 246
dur: 603
std: 84.48
size: 1178214 (1.12 MiB)

xmin: 0.40893729880412577
xmax: 0.4148896797565067
ymin: -0.5962757837408705
ymax: -0.5929275694551562

contrast: 0.84
brightness: 0.1
saturation: 0.49
gamma: 0.91
gamma_r: 0.96
gamma_g: 1.06
gamma_b: 1.09
vignette: -21
temp: 5098