tweet_id: 1713955347600216314
masto_id: 111245641348019257
subre_id: Not uploaded, but here's the text: Have an awesome Monday!  #Art #AI

n_iter: 983
ct: 94
hue_offset: 209
saturation: -0.33

num_attempts: 6
dur: 18
std: 87.44
size: 215343 (210.3 KiB)

xmin: 0.3730766725535477
xmax: 0.3735088246710931
ymin: 0.18398907260222774
ymax: 0.184232158168347

contrast: 1.25
brightness: -0.1
saturation: 1.46
gamma: 0.92
gamma_r: 1.08
gamma_g: 0.98
gamma_b: 1.04
vignette: -36
temp: 3481