tweet_id: 1709275584478720453
masto_id: 111172520086090512
subre_id: FAIL

n_iter: 981
ct: 172
hue_offset: 181
saturation: 0.89

num_attempts: 241
dur: 411
std: 65.05
size: 107715 (105.19 KiB)

xmin: 0.30965244357704247
xmax: 0.3136564475810465
ymin: 0.5002133701410565
ymax: 0.5024656223933087

contrast: 1.67
brightness: 0.18
saturation: 0.99
gamma: 1.02
gamma_r: 0.91
gamma_g: 0.92
gamma_b: 1.01
vignette: 12
temp: 2352