tweet_id: 1708608394393710682
masto_id: 111162095265150735
subre_id: FAIL

n_iter: 388
ct: 5
hue_offset: 169
saturation: -0.83

num_attempts: 30
dur: 16
std: 47.55
size: 1808627 (1.72 MiB)

xmin: -0.3744701714048828
xmax: -0.37384546423636805
ymin: -0.6367775429019308
ymax: -0.6364261451196412

contrast: 0.86
brightness: -0.07
saturation: 0.88
gamma: 0.93
gamma_r: 1.08
gamma_g: 0.95
gamma_b: 0.97
vignette: 14
temp: 2946