tweet_id: 1707970715943669774
masto_id: 111152131578070365
subre_id: FAIL

n_iter: 330
ct: 141
hue_offset: 324
saturation: 0.5

num_attempts: 23
dur: 15
std: 25.65
size: 482311 (471.01 KiB)

xmin: -1.3412612081519726
xmax: -0.21626120815197258
ymin: -1.5183508705380424
ymax: -0.8855383705380424

contrast: 1.52
brightness: -0.0
saturation: 1.63
gamma: 0.96
gamma_r: 1.02
gamma_g: 1.08
gamma_b: 1.05
vignette: 6
temp: 2029