tweet_id: 1713225223720579210
masto_id: 111234233272639111
subre_id: Not uploaded, but here's the text: Hey there, it's Saturday!  #Art #MachineLearning

n_iter: 137
ct: 237
hue_offset: 77
saturation: 0.28

num_attempts: 5
dur: 3
std: 24.45
size: 1544063 (1.47 MiB)

xmin: -1.393350276401401
xmax: -1.1790645621156868
ymin: -0.41158752647107333
ymax: -0.291051812185359

contrast: 0.79
brightness: 0.2
saturation: 0.4
gamma: 0.96
gamma_r: 1.09
gamma_g: 0.96
gamma_b: 1.07
vignette: -34
temp: 3397