tweet_id: 1709946334571266076
masto_id: 111183000715984420
subre_id: FAIL

newton_power: 3
newton_const: -6

n_iter: 252
ct: 206
hue_offset: 138
saturation: 0.5

num_attempts: 243
dur: 600
std: 4.49
size: 734930 (717.71 KiB)

xmin: -2.7772061538300044
xmax: -2.110539487163338
ymin: -0.06287980989634767
ymax: 0.31212019010365233

contrast: 1.48
brightness: 0.16
saturation: 0.68
gamma: 1.1
gamma_r: 0.96
gamma_g: 1.0
gamma_b: 1.07
vignette: -18
temp: 6992