tweet_id: 1709213404064342092
masto_id: 111171548644790248
subre_id: FAIL

n_iter: 575
ct: 10
hue_offset: 123
saturation: -0.63

num_attempts: 64
dur: 53
std: 87.61
size: 1386591 (1.32 MiB)

xmin: -0.06965241802438626
xmax: -0.06822026621629461
ymin: 0.8219104145471301
ymax: 0.8227159999391817

contrast: 1.05
brightness: -0.07
saturation: 0.5
gamma: 1.01
gamma_r: 1.03
gamma_g: 1.0
gamma_b: 0.99
vignette: 11
temp: 2596