tweet_id: 1709193790001750251
masto_id: 111171242172893369
subre_id: FAIL

newton_power: 5
newton_const: 3

n_iter: 243
ct: 80
hue_offset: 29
saturation: 0.14

num_attempts: 95
dur: 606
std: 11.93
size: 1149359 (1.1 MiB)

xmin: 0.6762948632362034
xmax: 0.7730690567845905
ymin: -1.6298779259985998
ymax: -1.575442442127632

contrast: 1.28
brightness: 0.12
saturation: 0.35
gamma: 0.99
gamma_r: 0.93
gamma_g: 1.02
gamma_b: 0.9
vignette: -20
temp: 7982