tweet_id: 1708798747017093143
masto_id: 111165069592388240
subre_id: FAIL

newton_power: 3
newton_const: -7

n_iter: 238
ct: 111
hue_offset: 233
saturation: 0.34

num_attempts: 251
dur: 601
std: 3.9
size: 478510 (467.29 KiB)

xmin: -0.25263560741753244
xmax: -0.2430509428807912
ymin: 0.15800197071945954
ymax: 0.16339334452137647

contrast: 1.15
brightness: 0.07
saturation: 1.69
gamma: 0.9
gamma_r: 0.96
gamma_g: 0.98
gamma_b: 1.07
vignette: 3
temp: 3861