tweet_id: 1710657764811575667
masto_id: 111194116641530165
subre_id: Not uploaded, but here's the text: Wishing you a fantastic day!  #Math #VisualArt

n_iter: 435
ct: 181
hue_offset: 350
saturation: 0.2

num_attempts: 2
dur: 4
std: 20.73
size: 509560 (497.62 KiB)

xmin: -0.610928358334415
xmax: -0.4955437429497995
ymin: 0.023090122983145278
ymax: 0.08799396913699144

contrast: 1.59
brightness: 0.21
saturation: 0.78
gamma: 1.08
gamma_r: 1.02
gamma_g: 1.04
gamma_b: 0.99
vignette: -38
temp: 5056