tweet_id: 1708013543050645823
masto_id: 111152800808916256
subre_id: FAIL

newton_power: 7
newton_const: 9

n_iter: 111
ct: 173
hue_offset: 138
saturation: 0.51

num_attempts: 73
dur: 613
std: 25.08
size: 1047240 (1022.7 KiB)

xmin: -2.1446390228577195
xmax: -2.0601319806041984
ymin: -1.0709566026236654
ymax: -1.0234213913560597

contrast: 0.98
brightness: 0.22
saturation: 0.45
gamma: 0.94
gamma_r: 0.91
gamma_g: 0.92
gamma_b: 1.08
vignette: -21
temp: 6634