tweet_id: 1708034971657711668
masto_id: 111153135634449658
subre_id: FAIL

n_iter: 683
ct: 52
hue_offset: 100
saturation: 0.74

num_attempts: 42
dur: 58
std: 19.95
size: 1078656 (1.03 MiB)

xmin: -0.5633324891788734
xmax: -0.5554893519239714
ymin: 0.5927964183632206
ymax: 0.597208183069103

contrast: 1.59
brightness: -0.07
saturation: 0.37
gamma: 0.97
gamma_r: 1.07
gamma_g: 1.07
gamma_b: 0.95
vignette: -10
temp: 7151