tweet_id: 1710183972917932256
masto_id: 111186713804672778
subre_id: FAIL

n_iter: 347
ct: 255
hue_offset: 56
saturation: -0.17

num_attempts: 357
dur: 600
std: 50.77
size: 1057695 (1.01 MiB)

xmin: -0.5291950462937292
xmax: -0.5199571710050456
ymin: 0.1283011236112137
ymax: 0.13349742846109824

contrast: 1.35
brightness: -0.03
saturation: 1.32
gamma: 0.99
gamma_r: 0.92
gamma_g: 0.93
gamma_b: 0.98
vignette: 28
temp: 6640