tweet_id: 1708098796570185847
masto_id: 111154132706198228
subre_id: FAIL

n_iter: 486
ct: 137
hue_offset: 38
saturation: 0.29

num_attempts: 202
dur: 164
std: 20.0
size: 24628 (24.05 KiB)

xmin: -0.5432981828283592
xmax: -0.5384496979798743
ymin: 0.5651935030132154
ymax: 0.567920775740488

contrast: 1.58
brightness: 0.14
saturation: 1.48
gamma: 1.07
gamma_r: 0.99
gamma_g: 0.95
gamma_b: 0.93
vignette: -38
temp: 3460