tweet_id: 1707953125691187410
masto_id: 111151856744268606
subre_id: FAIL

newton_power: 7
newton_const: -10

n_iter: 217
ct: 182
hue_offset: 32
saturation: -0.46

num_attempts: 84
dur: 600
std: 28.86
size: 1215389 (1.16 MiB)

xmin: -0.46109737447780663
xmax: -0.42559441589792496
ymin: 0.9851914317857413
ymax: 1.0051618459869247

contrast: 1.66
brightness: 0.03
saturation: 0.33
gamma: 1.07
gamma_r: 1.08
gamma_g: 0.97
gamma_b: 1.01
vignette: 20
temp: 6902