tweet_id: 1709817471346053363
masto_id: 111180987227400645
subre_id: FAIL

n_iter: 435
ct: 54
hue_offset: 94
saturation: 0.62

num_attempts: 18
dur: 15
std: 16.08
size: 1178325 (1.12 MiB)

xmin: -0.23020875633847782
xmax: -0.2296840973668094
ymin: -0.7942917955976094
ymax: -0.793996674926046

contrast: 1.23
brightness: -0.1
saturation: 0.89
gamma: 1.04
gamma_r: 1.01
gamma_g: 1.1
gamma_b: 1.03
vignette: -46
temp: 4051