tweet_id: 1707521770813813048
masto_id: 111145116798789781
subre_id: FAIL

n_iter: 587
ct: 74
hue_offset: 192
saturation: -0.23

num_attempts: 38
dur: 54
std: 96.62
size: 1660585 (1.58 MiB)

xmin: 0.10805088101454263
xmax: 0.10957179356207115
ymin: 0.6238282120595962
ymax: 0.624683725367581

contrast: 0.8
brightness: 0.06
saturation: 1.54
gamma: 0.99
gamma_r: 1.05
gamma_g: 1.1
gamma_b: 1.08
vignette: -19
temp: 4173