tweet_id: 1709130852163002405
masto_id: 111170258778511646
subre_id: FAIL

newton_power: 3
newton_const: -9

n_iter: 80
ct: 63
hue_offset: 127
saturation: 0.82

num_attempts: 253
dur: 601
std: 3.87
size: 800554 (781.79 KiB)

xmin: -2.209729071250557
xmax: 0.7902709287494432
ymin: -0.3408188012364344
ymax: 1.3466811987635656

contrast: 1.62
brightness: -0.01
saturation: 0.28
gamma: 1.05
gamma_r: 1.07
gamma_g: 1.06
gamma_b: 0.94
vignette: -27
temp: 2627