tweet_id: 1708919545505763809
masto_id: 111166957182570068
subre_id: FAIL

newton_power: 6
newton_const: 4

n_iter: 251
ct: 127
hue_offset: 178
saturation: 0.41

num_attempts: 91
dur: 604
std: 14.0
size: 1085854 (1.04 MiB)

xmin: -0.3550388664671731
xmax: -0.3464674378957445
ymin: -0.6284986401874122
ymax: -0.6236772116159837

contrast: 1.32
brightness: 0.02
saturation: 0.46
gamma: 0.93
gamma_r: 0.96
gamma_g: 1.06
gamma_b: 0.91
vignette: 18
temp: 7011