tweet_id: 1710338904849883174
masto_id: 111189134612505469
subre_id: FAIL

newton_power: 6
newton_const: -4

n_iter: 242
ct: 143
hue_offset: 148
saturation: 0.83

num_attempts: 76
dur: 609
std: 12.56
size: 994919 (971.6 KiB)

xmin: 0.006636595355407948
xmax: 0.021306522005774695
ymin: 1.9294793578024416
ymax: 1.937731191543273

contrast: 1.77
brightness: -0.06
saturation: 1.44
gamma: 0.94
gamma_r: 0.94
gamma_g: 1.01
gamma_b: 0.9
vignette: -23
temp: 7350