tweet_id: 1713715274719821831
masto_id: 111241890241932424
subre_id: Not uploaded, but here's the text: you are awesome.  #Nature #DigitalArt

n_iter: 358
ct: 227
hue_offset: 274
saturation: 0.62

num_attempts: 6
dur: 7
std: 57.36
size: 2282352 (2.18 MiB)

xmin: -0.8694540762968865
xmax: -0.8032776057086513
ymin: -0.6795611453420853
ymax: -0.642336880636203

contrast: 1.23
brightness: -0.05
saturation: 1.19
gamma: 0.99
gamma_r: 0.96
gamma_g: 0.98
gamma_b: 0.99
vignette: 12
temp: 6824