tweet_id: 1708577758689812945
masto_id: 111161616625294746
subre_id: FAIL

n_iter: 391
ct: 235
hue_offset: 198
saturation: -0.25

num_attempts: 78
dur: 72
std: 63.6
size: 994783 (971.47 KiB)

xmin: -0.6223239612656997
xmax: -0.6217010053398314
ymin: -0.4513012890454976
ymax: -0.4509508763371967

contrast: 1.63
brightness: -0.07
saturation: 1.36
gamma: 1.08
gamma_r: 0.99
gamma_g: 1.03
gamma_b: 0.98
vignette: -13
temp: 7756