tweet_id: 1708497868267593981
masto_id: 111160368324837028
subre_id: FAIL

newton_power: 5
newton_const: 0

n_iter: 234
ct: 74
hue_offset: 326
saturation: -0.16

num_attempts: 97
dur: 850
std: 0.57
size: 266408 (260.16 KiB)

xmin: -2.055295489364786
xmax: -1.3886288226981196
ymin: -0.021383511916795772
ymax: 0.35361648808320423

contrast: 1.32
brightness: -0.01
saturation: 0.87
gamma: 1.03
gamma_r: 0.96
gamma_g: 0.97
gamma_b: 1.04
vignette: 12
temp: 6041