tweet_id: 1707341153505308784
masto_id: 111142294659758051
subre_id: FAIL

n_iter: 494
ct: 53
hue_offset: 355
saturation: 0.48

num_attempts: 57
dur: 53
std: 32.17
size: 795966 (777.31 KiB)

xmin: 0.39507557083679057
xmax: 0.39597586343188396
ymin: 0.3564636031243875
ymax: 0.35697001770912756

contrast: 1.29
brightness: -0.01
saturation: 1.62
gamma: 1.0
gamma_r: 1.05
gamma_g: 1.0
gamma_b: 1.08
vignette: -35
temp: 6462