tweet_id: 1708315594502689187
masto_id: 111157520284850907
subre_id: FAIL

newton_power: 7
newton_const: -8

n_iter: 83
ct: 151
hue_offset: 220
saturation: 0.36

num_attempts: 85
dur: 609
std: 14.28
size: 1355135 (1.29 MiB)

xmin: -0.8819568506429567
xmax: -0.8702381006429567
ymin: -1.3215840231564868
ymax: -1.3149922262814868

contrast: 1.48
brightness: -0.02
saturation: 0.94
gamma: 1.04
gamma_r: 0.94
gamma_g: 1.04
gamma_b: 0.95
vignette: 24
temp: 5018