tweet_id: 1707245985695469727
masto_id: 111140807641588975
subre_id: FAIL

n_iter: 364
ct: 31
hue_offset: 151
saturation: -0.32

num_attempts: 28
dur: 18
std: 47.08
size: 1830585 (1.75 MiB)

xmin: 0.6170101531599883
xmax: 0.8538522584231462
ymin: -1.2531828919026946
ymax: -1.1199592076921683

contrast: 1.39
brightness: 0.21
saturation: 0.7
gamma: 1.02
gamma_r: 1.06
gamma_g: 0.98
gamma_b: 0.97
vignette: -22
temp: 5157