tweet_id: 1708764465863540970
masto_id: 111164534010239826
subre_id: FAIL

n_iter: 494
ct: 1
hue_offset: 202
saturation: -0.0

num_attempts: 233
dur: 600
std: 45.79
size: 816635 (797.5 KiB)

xmin: -0.6005091342466236
xmax: -0.5812783650158543
ymin: 0.4747184974719483
ymax: 0.485535805164256

contrast: 0.76
brightness: 0.1
saturation: 1.0
gamma: 0.92
gamma_r: 0.97
gamma_g: 1.04
gamma_b: 0.97
vignette: 25
temp: 7970