tweet_id: 1707802195473870920
masto_id: 111149498639700609
subre_id: FAIL

newton_power: 3
newton_const: 1

n_iter: 243
ct: 141
hue_offset: 275
saturation: -0.65

num_attempts: 233
dur: 601
std: 4.46
size: 791202 (772.66 KiB)

xmin: 2.5700700406077424
xmax: 2.580979131516833
ymin: -0.2292187022638692
ymax: -0.22308233862750557

contrast: 1.17
brightness: 0.0
saturation: 0.71
gamma: 0.98
gamma_r: 1.03
gamma_g: 1.05
gamma_b: 1.07
vignette: -15
temp: 4059