tweet_id: 1708876786866549197
masto_id: FAIL
subre_id: FAIL

n_iter: 181
ct: 74
hue_offset: 314
saturation: -0.94

num_attempts: 13
dur: 3
std: 29.86
size: 2323671 (2.22 MiB)

xmin: -0.1772051532123573
xmax: -0.048633724640928744
ymin: -1.0732006607975928
ymax: -1.0008792322261642

contrast: 0.78
brightness: 0.16
saturation: 1.39
gamma: 1.09
gamma_r: 0.98
gamma_g: 0.95
gamma_b: 1.08
vignette: -23
temp: 6853