tweet_id: 1707530336580587527
masto_id: 111145250712082357
subre_id: FAIL

newton_power: 4
newton_const: -5

n_iter: 222
ct: 92
hue_offset: 33
saturation: 0.79

num_attempts: 118
dur: 601
std: 6.24
size: 614686 (600.28 KiB)

xmin: 1.4142797884580185
xmax: 1.7142797884580185
ymin: -1.8147468149433428
ymax: -1.6459968149433428

contrast: 1.32
brightness: 0.03
saturation: 1.19
gamma: 0.95
gamma_r: 0.92
gamma_g: 1.08
gamma_b: 1.03
vignette: -4
temp: 4198