tweet_id: 1709691874410115317
masto_id: 111179024705589354
subre_id: FAIL

n_iter: 307
ct: 69
hue_offset: 172
saturation: 0.73

num_attempts: 10
dur: 10
std: 38.37
size: 1186633 (1.13 MiB)

xmin: -0.9581132376936445
xmax: 0.16688676230635546
ymin: -1.2034121169439058
ymax: -0.5705996169439058

contrast: 0.98
brightness: 0.05
saturation: 1.44
gamma: 1.02
gamma_r: 0.91
gamma_g: 0.94
gamma_b: 0.93
vignette: 29
temp: 2838