tweet_id: 1712628133961085046
masto_id: 111224903724125533
subre_id: Not uploaded, but here's the text: Keep smiling!  #Programming #Nature

n_iter: 365
ct: 183
hue_offset: 43
saturation: -0.9

num_attempts: 11
dur: 7
std: 41.5
size: 1726756 (1.65 MiB)

xmin: -0.6888294657924523
xmax: -0.36740089436388085
ymin: -1.0887475435708602
ymax: -0.9079439721422888

contrast: 0.8
brightness: 0.19
saturation: 0.4
gamma: 1.01
gamma_r: 1.03
gamma_g: 0.97
gamma_b: 0.99
vignette: -30
temp: 2160