tweet_id: 1708043740286251087
masto_id: 111153272565644064
subre_id: FAIL

newton_power: 4
newton_const: -10

n_iter: 101
ct: 29
hue_offset: 58
saturation: -0.59

num_attempts: 127
dur: 604
std: 7.43
size: 469612 (458.61 KiB)

xmin: 1.4870900427156375
xmax: 1.9870900427156375
ymin: -1.6139367873711619
ymax: -1.3326867873711619

contrast: 1.28
brightness: 0.04
saturation: 0.42
gamma: 0.99
gamma_r: 1.04
gamma_g: 0.95
gamma_b: 0.9
vignette: -2
temp: 7978