tweet_id: 1708979973661544869
masto_id: 111167901234382372
subre_id: FAIL

newton_power: 7
newton_const: 5

n_iter: 145
ct: 183
hue_offset: 173
saturation: -0.16

num_attempts: 55
dur: 608
std: 21.37
size: 1246553 (1.19 MiB)

xmin: 1.1029886074179966
xmax: 1.1092647580456116
ymin: -1.3575104222008507
ymax: -1.3539800874728172

contrast: 0.94
brightness: 0.01
saturation: 0.59
gamma: 1.07
gamma_r: 1.1
gamma_g: 0.95
gamma_b: 1.01
vignette: 30
temp: 6794