tweet_id: 1707250378860061039
masto_id: 111140876530187296
subre_id: FAIL

n_iter: 875
ct: 232
hue_offset: 31
saturation: -0.57

num_attempts: 66
dur: 119
std: 150.27
size: 1422210 (1.36 MiB)

xmin: 0.18742297145200437
xmax: 0.1880840192127051
ymin: 0.5528139773116592
ymax: 0.5531858166770534

contrast: 0.77
brightness: 0.1
saturation: 1.4
gamma: 1.03
gamma_r: 0.95
gamma_g: 0.9
gamma_b: 1.09
vignette: -27
temp: 5622