tweet_id: 1711081312340025560
masto_id: 111200734710255410
subre_id: Not uploaded, but here's the text: Brighten your Sunday!  #Programming #AI

n_iter: 422
ct: 152
hue_offset: 37
saturation: 0.78

num_attempts: 43
dur: 37
std: 37.11
size: 992825 (969.56 KiB)

xmin: -1.1260346379922872
xmax: 0.3739653620077128
ymin: -1.550003899334539
ymax: -0.7062538993345391

contrast: 0.84
brightness: -0.01
saturation: 1.25
gamma: 0.97
gamma_r: 0.97
gamma_g: 1.05
gamma_b: 1.07
vignette: -33
temp: 2658