tweet_id: 1707638977149440344
masto_id: 111146948202069371
subre_id: FAIL

n_iter: 346
ct: 251
hue_offset: 247
saturation: -0.94

num_attempts: 37
dur: 32
std: 24.92
size: 484107 (472.76 KiB)

xmin: 0.014421029087808623
xmax: 0.11016570993887245
ymin: 0.32291563073122864
ymax: 0.37677201370995206

contrast: 1.18
brightness: 0.09
saturation: 0.88
gamma: 0.93
gamma_r: 0.99
gamma_g: 1.02
gamma_b: 0.93
vignette: -6
temp: 3321