tweet_id: 1710274095189836125
masto_id: 111188121910441478
subre_id: FAIL

n_iter: 559
ct: 45
hue_offset: 262
saturation: -0.71

num_attempts: 74
dur: 102
std: 94.49
size: 2070766 (1.97 MiB)

xmin: 0.3170474491310209
xmax: 0.317881303623412
ymin: -0.41821862478411664
ymax: -0.41774958163214665

contrast: 1.07
brightness: 0.04
saturation: 1.47
gamma: 0.95
gamma_r: 0.99
gamma_g: 0.92
gamma_b: 1.07
vignette: -17
temp: 3461