tweet_id: 1708617541575233768
masto_id: 111162238328662454
subre_id: FAIL

newton_power: 3
newton_const: 3

n_iter: 116
ct: 206
hue_offset: 303
saturation: 0.11

num_attempts: 294
dur: 600
std: 3.96
size: 705345 (688.81 KiB)

xmin: -0.6298828913754764
xmax: -0.5673828913754764
ymin: 0.6426197469322341
ymax: 0.6777759969322341

contrast: 1.26
brightness: 0.0
saturation: 0.74
gamma: 0.92
gamma_r: 1.1
gamma_g: 0.93
gamma_b: 1.02
vignette: -21
temp: 7141