tweet_id: 1714110044013236411
masto_id: 111248058520763223
subre_id: Not uploaded, but here's the text: How was your day?  #Mathematics #Math

n_iter: 540
ct: 1
hue_offset: 6
saturation: 0.12

num_attempts: 318
dur: 610
std: 86.55
size: 842990 (823.23 KiB)

xmin: -0.24279813501773106
xmax: -0.23201646385870142
ymin: -0.7246330885035273
ymax: -0.7185683984765731

contrast: 1.2
brightness: 0.03
saturation: 1.12
gamma: 0.99
gamma_r: 0.98
gamma_g: 1.05
gamma_b: 1.03
vignette: -12
temp: 7768