tweet_id: 1712832393655038084
masto_id: 111228095579822122
subre_id: Not uploaded, but here's the text: Feeling good today!  #AI #DeepLearning

n_iter: 466
ct: 104
hue_offset: 332
saturation: -0.16

num_attempts: 4
dur: 2
std: 33.92
size: 1018166 (994.3 KiB)

xmin: -1.2005296969667114
xmax: 1.0494703030332886
ymin: -1.6120010503613398
ymax: -0.3463760503613398

contrast: 1.37
brightness: 0.18
saturation: 1.57
gamma: 0.99
gamma_r: 0.96
gamma_g: 1.06
gamma_b: 0.91
vignette: -26
temp: 6171