tweet_id: 1707698744706187370
masto_id: 111147882030344448
subre_id: FAIL

n_iter: 358
ct: 49
hue_offset: 261
saturation: -0.5

num_attempts: 27
dur: 15
std: 28.65
size: 798046 (779.34 KiB)

xmin: -1.4241843946148782
xmax: 0.8258156053851218
ymin: -1.5937865725878326
ymax: -0.32816157258783263

contrast: 1.77
brightness: -0.09
saturation: 0.57
gamma: 1.07
gamma_r: 1.01
gamma_g: 1.1
gamma_b: 1.07
vignette: -39
temp: 2280