tweet_id: 1712640517220241918
masto_id: 111225097241595819
subre_id: Not uploaded, but here's the text: Happy Friday!  #VisualArt #Science

n_iter: 367
ct: 182
hue_offset: 13
saturation: -0.7

num_attempts: 113
dur: 90
std: 29.8
size: 1536797 (1.47 MiB)

xmin: -1.2818841909164351
xmax: -1.2810466699784118
ymin: -0.06568089744463346
ymax: -0.06520979191699526

contrast: 1.68
brightness: 0.1
saturation: 0.99
gamma: 1.04
gamma_r: 1.09
gamma_g: 1.02
gamma_b: 0.93
vignette: -14
temp: 6157