tweet_id: 1707381726270668991
masto_id: 111142928703670653
subre_id: FAIL

newton_power: 6
newton_const: 9

n_iter: 106
ct: 193
hue_offset: 41
saturation: -0.35

num_attempts: 72
dur: 601
std: 15.18
size: 1137121 (1.08 MiB)

xmin: 0.9291258490893854
xmax: 1.0445104644740009
ymin: 1.586970048702868
ymax: 1.6518738948567142

contrast: 1.72
brightness: -0.07
saturation: 0.44
gamma: 0.95
gamma_r: 0.99
gamma_g: 0.97
gamma_b: 0.96
vignette: 26
temp: 4767