tweet_id: 1707137839014486207
masto_id: 111139117981994306
subre_id: FAIL

newton_power: 5
newton_const: 1

n_iter: 89
ct: 17
hue_offset: 131
saturation: 0.09

num_attempts: 83
dur: 603
std: 11.07
size: 1239026 (1.18 MiB)

xmin: -1.3757164924190879
xmax: -1.0757164924190878
ymin: 0.7075215432279847
ymax: 0.8762715432279846

contrast: 1.49
brightness: -0.01
saturation: 1.69
gamma: 0.91
gamma_r: 1.09
gamma_g: 0.96
gamma_b: 0.92
vignette: -47
temp: 5058