tweet_id: 1709123989371809912
masto_id: 111170151491443516
subre_id: FAIL

n_iter: 864
ct: 188
hue_offset: 138
saturation: 0.85

num_attempts: 171
dur: 333
std: 81.31
size: 719241 (702.38 KiB)

xmin: -1.1854784267842344
xmax: -1.1843468850586334
ymin: 0.3020719506728695
ymax: 0.30270844289352017

contrast: 0.85
brightness: 0.02
saturation: 0.99
gamma: 1.02
gamma_r: 0.91
gamma_g: 0.92
gamma_b: 0.95
vignette: 12
temp: 5606