tweet_id: 1756923465171701836
masto_id: 111917018229034829
subre_id: Not uploaded, but here's the text: Have an extraordinary Monday!  #DigitalArt #AI

n_iter: 239
ct: 194
hue_offset: 165
saturation: 0.6

num_attempts: 45
dur: 8
std: 38.93
size: 1265898 (1.21 MiB)

xmin: 0.49972710744679416
xmax: 0.7997271074467942
ymin: -1.216415057342366
ymax: -1.047665057342366

contrast: 1.54
brightness: 0.07
saturation: 1.54
gamma: 0.9
gamma_r: 1.05
gamma_g: 0.99
gamma_b: 0.97
vignette: -35
temp: 5553