tweet_id: 1760673077795635549
masto_id: 111975606012310751
subre_id: Not uploaded, but here's the text: Happy Thursday!  #Mathematics #AI

n_iter: 867
ct: 85
hue_offset: 24
saturation: -0.32

num_attempts: 26
dur: 15
std: 140.68
size: 1664557 (1.59 MiB)

xmin: -0.7455819814534306
xmax: -0.7445175854981352
ymin: -0.10755591344868054
ymax: -0.1069571907238269

contrast: 0.88
brightness: 0.03
saturation: 1.54
gamma: 0.95
gamma_r: 0.99
gamma_g: 0.97
gamma_b: 0.96
vignette: -33
temp: 2514