tweet_id: 1759030762257387726
masto_id: FAIL
subre_id: Not uploaded, but here's the text: Wow, guess what? it's Multibrot!  #DigitalArt #AI

n_iter: 401
ct: 1
hue_offset: 229
saturation: 0.84

num_attempts: 504
dur: 605
std: 74.97
size: 964237 (941.64 KiB)

xmin: -0.5516450342783972
xmax: -0.5457191083524713
ymin: -0.33007569961442584
ymax: -0.3267423662810925

contrast: 1.56
brightness: -0.03
saturation: 1.27
gamma: 0.99
gamma_r: 0.81
gamma_g: 1.11
gamma_b: 1.03
vignette: -3
temp: 5409