tweet_id: 1758583762538074504
masto_id: 111942960646219806
subre_id: Not uploaded, but here's the text: Guess what? It's Burning Ship!  #AI #Mathematics

n_iter: 311
ct: 88
hue_offset: 29
saturation: 0.28

num_attempts: 4
dur: 1
std: 33.91
size: 1102721 (1.05 MiB)

xmin: 0.40453865195002336
xmax: 0.5845386519500233
ymin: -1.291793235718244
ymax: -1.190543235718244

contrast: 1.4
brightness: 0.04
saturation: 1.24
gamma: 0.96
gamma_r: 1.01
gamma_g: 0.93
gamma_b: 0.9
vignette: -5
temp: 2911