tweet_id: 1757656493208273012
masto_id: 111928471839562339
subre_id: Not uploaded, but here's the text: Wishing you a wonderful Wednesday!  #Nature #AI

n_iter: 366
ct: 1
hue_offset: 220
saturation: 0.63

num_attempts: 588
dur: 604
std: 65.24
size: 1695793 (1.62 MiB)

xmin: -0.5424380876435559
xmax: -0.5381370123747388
ymin: 0.34844577115493003
ymax: 0.3508651259936397

contrast: 1.2
brightness: -0.09
saturation: 0.9
gamma: 0.99
gamma_r: 0.97
gamma_g: 1.19
gamma_b: 0.89
vignette: -20
temp: 7412