tweet_id: 1760068888639746154
masto_id: 111966165579568044
subre_id: Not uploaded, but here's the text: Today is awesome!  #Nature #DigitalArt

n_iter: 923
ct: 135
hue_offset: 241
saturation: 0.86

num_attempts: 96
dur: 49
std: 31.81
size: 1265751 (1.21 MiB)

xmin: -0.8966830748466303
xmax: -0.8961231644322967
ymin: -0.2453638171429191
ymax: -0.24504886753485638

contrast: 1.05
brightness: -0.09
saturation: 1.29
gamma: 1.02
gamma_r: 1.06
gamma_g: 1.06
gamma_b: 0.92
vignette: -41
temp: 5927