tweet_id: 1758976324603937143
masto_id: 111949094232486645
subre_id: Not uploaded, but here's the text: Wishing you the best!  #AI #MachineLearning

n_iter: 391
ct: 76
hue_offset: 18
saturation: -1.0

num_attempts: 26
dur: 8
std: 33.12
size: 1969103 (1.88 MiB)

xmin: -0.869894618973075
xmax: -0.49489461897307496
ymin: -1.0874772421696548
ymax: -0.8765397421696548

contrast: 1.21
brightness: -0.09
saturation: 0.92
gamma: 0.99
gamma_r: 1.04
gamma_g: 0.97
gamma_b: 1.1
vignette: 27
temp: 7520