tweet_id: 1759257466158588041
masto_id: 111953487122426315
subre_id: Not uploaded, but here's the text: Have an awesome day!  #AI #DeepLearning

n_iter: 528
ct: 255
hue_offset: 297
saturation: -0.36

num_attempts: 495
dur: 603
std: 92.48
size: 1077766 (1.03 MiB)

xmin: 0.38278626736769406
xmax: 0.390629404622596
ymin: -0.6236592025115066
ymax: -0.6192474378056243

contrast: 1.2
brightness: 0.22
saturation: 0.54
gamma: 0.92
gamma_r: 0.92
gamma_g: 1.05
gamma_b: 1.16
vignette: 27
temp: 7064