tweet_id: 1757939680207675842
masto_id: 111932896683337640
subre_id: Not uploaded, but here's the text: Today is awesome!  #VisualArt #DigitalArt

n_iter: 374
ct: 102
hue_offset: 260
saturation: -0.62

num_attempts: 7
dur: 2
std: 53.93
size: 1113086 (1.06 MiB)

xmin: -0.16997975380038355
xmax: -0.1695123548754011
ymin: 0.6573055815301025
ymax: 0.6575684934254051

contrast: 0.99
brightness: -0.04
saturation: 1.72
gamma: 1.04
gamma_r: 1.04
gamma_g: 0.96
gamma_b: 1.09
vignette: -39
temp: 2099