tweet_id: 1757834440590700571
masto_id: 111931252239234355
subre_id: Not uploaded, but here's the text: you are fantastic!  #Mathematics #DeepLearning

n_iter: 1016
ct: 117
hue_offset: 18
saturation: 0.75

num_attempts: 13
dur: 9
std: 182.59
size: 1768356 (1.69 MiB)

xmin: -0.947881401959185
xmax: -0.9446134281029759
ymin: -0.24730044072676327
ymax: -0.24546220543264563

contrast: 1.1
brightness: -0.07
saturation: 1.18
gamma: 1.02
gamma_r: 1.0
gamma_g: 1.08
gamma_b: 0.95
vignette: 27
temp: 4282