tweet_id: 1758317343342497879
masto_id: 111938797687313413
subre_id: Not uploaded, but here's the text: Brighten your Friday!  #GenerativeArt #Nature

n_iter: 776
ct: 98
hue_offset: 257
saturation: -0.01

num_attempts: 6
dur: 3
std: 52.16
size: 551942 (539.01 KiB)

xmin: -0.13450052717646743
xmax: -0.13197208217014633
ymin: 0.8762573969553373
ymax: 0.8776796472713929

contrast: 0.99
brightness: 0.15
saturation: 1.27
gamma: 1.03
gamma_r: 0.91
gamma_g: 1.05
gamma_b: 0.94
vignette: 15
temp: 7227