tweet_id: 1760766976509501880
masto_id: 111977073092501963
subre_id: Not uploaded, but here's the text: Keep smiling!  #Art #GenerativeArt

n_iter: 464
ct: 1
hue_offset: 241
saturation: 0.31

num_attempts: 505
dur: 602
std: 54.72
size: 597818 (583.81 KiB)

xmin: -0.2582884637517926
xmax: -0.21618320059389787
ymin: -0.7471906174948129
ymax: -0.7235064069684971

contrast: 1.38
brightness: -0.04
saturation: 0.99
gamma: 0.96
gamma_r: 0.86
gamma_g: 0.87
gamma_b: 0.83
vignette: 3
temp: 3386