tweet_id: 1756871432787861630
masto_id: 111916205231393756
subre_id: Not uploaded, but here's the text: Let's rock this Monday!  #AI #Mathematics

n_iter: 568
ct: 1
hue_offset: 249
saturation: 0.19

num_attempts: 442
dur: 600
std: 80.43
size: 935533 (913.61 KiB)

xmin: -0.5343192166398789
xmax: -0.5267290838125545
ymin: -0.41998096981881683
ymax: -0.4157115201034468

contrast: 1.14
brightness: -0.09
saturation: 0.82
gamma: 1.02
gamma_r: 0.97
gamma_g: 1.02
gamma_b: 1.08
vignette: 3
temp: 6622