tweet_id: 1761875145465950276
masto_id: 111994388259350035
subre_id: Not uploaded, but here's the text: Let's rock this Sunday!  #AI #Nature

n_iter: 134
ct: 40
hue_offset: 107
saturation: -0.88

num_attempts: 70
dur: 11
std: 21.9
size: 1042457 (1018.02 KiB)

xmin: 0.1336574062435294
xmax: 0.21856306662088787
ymin: -1.2098419048618245
ymax: -1.1620824708995603

contrast: 0.79
brightness: 0.09
saturation: 1.16
gamma: 0.91
gamma_r: 0.91
gamma_g: 1.04
gamma_b: 0.9
vignette: 0
temp: 6406