tweet_id: 1758108840107860369
masto_id: 111935539813957201
subre_id: Not uploaded, but here's the text: Smile, it's Thursday!  #AI #DigitalArt

n_iter: 590
ct: 150
hue_offset: 8
saturation: -0.25

num_attempts: 51
dur: 23
std: 32.17
size: 765226 (747.29 KiB)

xmin: 0.3824402166464904
xmax: 0.3871739444571413
ymin: 0.3044875929677868
ymax: 0.307150314861278

contrast: 1.28
brightness: 0.19
saturation: 0.29
gamma: 1.07
gamma_r: 0.91
gamma_g: 0.96
gamma_b: 1.08
vignette: -9
temp: 2667