tweet_id: 1759766640986640705
masto_id: 111961442954373357
subre_id: Not uploaded, but here's the text: Tuesday vibes!  #GenerativeArt #Fractals

n_iter: 404
ct: 182
hue_offset: 303
saturation: 0.53

num_attempts: 23
dur: 7
std: 54.83
size: 1439795 (1.37 MiB)

xmin: 0.3927423848322502
xmax: 0.39326247324728075
ymin: 0.31383516616218987
ymax: 0.31412771589564453

contrast: 1.13
brightness: 0.17
saturation: 1.32
gamma: 1.04
gamma_r: 0.99
gamma_g: 1.04
gamma_b: 0.96
vignette: -35
temp: 4374