tweet_id: 1758076031091523968
masto_id: 111935027143804239
subre_id: Not uploaded, but here's the text: Have a great day!  #DigitalArt #MachineLearning

n_iter: 130
ct: 238
hue_offset: 110
saturation: -0.59

num_attempts: 3
dur: 0
std: 32.54
size: 931131 (909.31 KiB)

xmin: 0.20292096486779654
xmax: 0.2038518468785017
ymin: 0.55458536675064
ymax: 0.5551089878816616

contrast: 1.48
brightness: -0.09
saturation: 0.5
gamma: 0.93
gamma_r: 0.99
gamma_g: 1.01
gamma_b: 0.96
vignette: -23
temp: 3135