tweet_id: 1760850191932866937
masto_id: 111978373278934911
subre_id: Not uploaded, but here's the text: Wishing you the best!  #MachineLearning #Mathematics

n_iter: 393
ct: 155
hue_offset: 288
saturation: -0.63

num_attempts: 3
dur: 1
std: 23.4
size: 176394 (172.26 KiB)

xmin: 0.02010098397981608
xmax: 0.2701009839798161
ymin: -1.07907467997333
ymax: -0.93844967997333

contrast: 1.23
brightness: 0.05
saturation: 0.51
gamma: 1.0
gamma_r: 0.9
gamma_g: 0.91
gamma_b: 0.91
vignette: 21
temp: 4589