tweet_id: 1759401263614005682
masto_id: 111955733966436892
subre_id: Not uploaded, but here's the text: Wishing you the best!  #MachineLearning #Nature

n_iter: 356
ct: 255
hue_offset: 86
saturation: 0.61

num_attempts: 3
dur: 0
std: 29.12
size: 749172 (731.61 KiB)

xmin: -1.8969680072834616
xmax: -1.1469680072834616
ymin: -0.5976601490887108
ymax: -0.1757851490887108

contrast: 1.06
brightness: 0.05
saturation: 0.75
gamma: 1.01
gamma_r: 1.05
gamma_g: 1.02
gamma_b: 0.91
vignette: -31
temp: 5386