tweet_id: 1758946001963151779
masto_id: 111948620524021101
subre_id: Not uploaded, but here's the text: Chin up, buttercup!  #Nature #GenerativeArt

n_iter: 260
ct: 31
hue_offset: 301
saturation: 0.56

num_attempts: 11
dur: 3
std: 28.92
size: 1263004 (1.2 MiB)

xmin: -0.23827826356729132
xmax: -0.14045217661076959
ymin: -0.9636609269000436
ymax: -0.9086337529870001

contrast: 0.77
brightness: 0.05
saturation: 1.46
gamma: 0.98
gamma_r: 0.98
gamma_g: 1.04
gamma_b: 1.09
vignette: 21
temp: 4627