tweet_id: 1758650389484929254
masto_id: 111944001619892963
subre_id: Not uploaded, but here's the text: Let's rock this Saturday!  #VisualArt #Mathematics

n_iter: 234
ct: 46
hue_offset: 94
saturation: 0.29

num_attempts: 14
dur: 3
std: 24.47
size: 737793 (720.5 KiB)

xmin: -0.33321102803803404
xmax: 0.791788971961966
ymin: -1.2831376470634253
ymax: -0.6503251470634253

contrast: 1.32
brightness: 0.22
saturation: 0.46
gamma: 1.08
gamma_r: 1.04
gamma_g: 1.09
gamma_b: 1.03
vignette: 18
temp: 3147