tweet_id: 1760099988468617588
masto_id: 111966651525422002
subre_id: Not uploaded, but here's the text: Smile, it's Wednesday!  #Art #GenerativeArt

n_iter: 205
ct: 158
hue_offset: 128
saturation: -0.02

num_attempts: 4
dur: 1
std: 27.87
size: 868780 (848.42 KiB)

xmin: -0.06317299618992056
xmax: 0.028663738503956995
ymin: -1.0751287439667332
ymax: -1.023470580701427

contrast: 1.23
brightness: 0.03
saturation: 0.26
gamma: 0.92
gamma_r: 1.04
gamma_g: 1.09
gamma_b: 1.03
vignette: 26
temp: 7336