tweet_id: 1758803954312302743
masto_id: 111946400953143685
subre_id: Not uploaded, but here's the text: Have an awesome Saturday!  #Fractals #Mathematics

n_iter: 397
ct: 255
hue_offset: 94
saturation: 0.21

num_attempts: 592
dur: 600
std: 74.42
size: 1085208 (1.03 MiB)

xmin: 0.26304388783808985
xmax: 0.2687992835215431
ymin: 0.7055956510543595
ymax: 0.708833061126302

contrast: 1.15
brightness: 0.14
saturation: 1.59
gamma: 0.91
gamma_r: 1.12
gamma_g: 0.83
gamma_b: 0.91
vignette: 8
temp: 2317