tweet_id: 1760033600479584498
masto_id: 111965614172161730
subre_id: Not uploaded, but here's the text: Having a blast on Tuesday?  #VisualArt #AI

n_iter: 166
ct: 228
hue_offset: 220
saturation: 0.18

num_attempts: 16
dur: 2
std: 21.27
size: 1368507 (1.31 MiB)

xmin: 0.7049254754459793
xmax: 0.7711019460342146
ymin: -1.2757235092601202
ymax: -1.238499244554238

contrast: 0.99
brightness: 0.11
saturation: 1.63
gamma: 1.04
gamma_r: 0.99
gamma_g: 1.06
gamma_b: 0.95
vignette: 9
temp: 4854