tweet_id: 1758740134978294264
masto_id: 111945403866076130
subre_id: Not uploaded, but here's the text: you are cool  #AI #Mathematics

n_iter: 662
ct: 105
hue_offset: 274
saturation: -0.28

num_attempts: 93
dur: 50
std: 90.52
size: 1639691 (1.56 MiB)

xmin: -0.3802238239199225
xmax: -0.37799043475185995
ymin: 0.6174034238184052
ymax: 0.6186597052254403

contrast: 1.54
brightness: -0.05
saturation: 1.3
gamma: 0.99
gamma_r: 0.93
gamma_g: 1.07
gamma_b: 1.0
vignette: 20
temp: 7148