tweet_id: 1759498714098303084
masto_id: 111957256443644266
subre_id: Not uploaded, but here's the text: Surprise! It's a Multibrot!  #DigitalArt #Art

n_iter: 424
ct: 255
hue_offset: 182
saturation: 0.65

num_attempts: 550
dur: 602
std: 71.99
size: 814982 (795.88 KiB)

xmin: -0.5475192931340147
xmax: -0.5402066788744169
ymin: 0.20737209772945775
ymax: 0.21148544325048152

contrast: 1.3
brightness: -0.06
saturation: 1.09
gamma: 1.09
gamma_r: 1.0
gamma_g: 1.0
gamma_b: 0.87
vignette: 20
temp: 4586