tweet_id: 1758553941392929091
masto_id: 111942494573557422
subre_id: Not uploaded, but here's the text: Today is awesome!  #AI #GenerativeArt

n_iter: 288
ct: 137
hue_offset: 108
saturation: -0.87

num_attempts: 9
dur: 1
std: 26.17
size: 682761 (666.76 KiB)

xmin: -1.2726212841605218
xmax: -0.8976212841605218
ymin: -0.42596482816123915
ymax: -0.21502732816123915

contrast: 0.93
brightness: 0.1
saturation: 1.16
gamma: 1.01
gamma_r: 1.01
gamma_g: 1.08
gamma_b: 1.07
vignette: -17
temp: 5401