tweet_id: 1759887770720366735
masto_id: 111963335579942943
subre_id: Not uploaded, but here's the text: Keep smiling!  #Nature #AI

n_iter: 176
ct: 210
hue_offset: 230
saturation: 0.41

num_attempts: 1
dur: 0
std: 22.77
size: 1224519 (1.17 MiB)

xmin: -0.7097141427362663
xmax: -0.7088999762392176
ymin: -0.31185152820002604
ymax: -0.3113935595454362

contrast: 1.29
brightness: 0.03
saturation: 1.21
gamma: 0.93
gamma_r: 0.99
gamma_g: 0.97
gamma_b: 1.03
vignette: -21
temp: 6991