tweet_id: 1760476224642564274
masto_id: 111972530377405784
subre_id: Not uploaded, but here's the text: How was your day?  #Art #Fractals

n_iter: 880
ct: 52
hue_offset: 71
saturation: 0.86

num_attempts: 73
dur: 22
std: 31.56
size: 1435784 (1.37 MiB)

xmin: -0.5535378047237351
xmax: -0.5522610731565472
ymin: -0.5788229993308771
ymax: -0.5781048378243339

contrast: 0.94
brightness: 0.03
saturation: 0.93
gamma: 0.93
gamma_r: 0.99
gamma_g: 1.05
gamma_b: 1.03
vignette: -22
temp: 2126