tweet_id: 1761422543892643902
masto_id: 111987316357930211
subre_id: Not uploaded, but here's the text: Wishing you the best!  #DeepLearning #AI

n_iter: 415
ct: 71
hue_offset: 20
saturation: 0.74

num_attempts: 2
dur: 2
std: 41.92
size: 1246378 (1.19 MiB)

xmin: 0.2437990939187733
xmax: 0.8866562367759162
ymin: -1.382534354983442
ymax: -1.020927212126299

contrast: 1.73
brightness: 0.19
saturation: 0.29
gamma: 1.02
gamma_r: 0.99
gamma_g: 1.08
gamma_b: 0.98
vignette: -43
temp: 3677