tweet_id: 1756530794515067006
masto_id: 111910882740369211
subre_id: Not uploaded, but here's the text: Feeling good today!  #AI #Nature

n_iter: 213
ct: 14
hue_offset: 297
saturation: 0.28

num_attempts: 1
dur: 0
std: 36.38
size: 2057597 (1.96 MiB)

xmin: -1.121037440986029
xmax: -1.0484567958247388
ymin: -0.48759567034433116
ymax: -0.44676905744110534

contrast: 0.95
brightness: 0.2
saturation: 0.72
gamma: 1.1
gamma_r: 0.93
gamma_g: 1.0
gamma_b: 1.06
vignette: 24
temp: 7838