tweet_id: 1758683216154616108
masto_id: 111944514374492486
subre_id: Not uploaded, but here's the text: Today is awesome!  #Art #Nature

n_iter: 489
ct: 1
hue_offset: 92
saturation: 0.33

num_attempts: 511
dur: 601
std: 85.88
size: 687967 (671.84 KiB)

xmin: 0.5154201927817215
xmax: 0.5197445171060457
ymin: 0.6080645910464177
ymax: 0.6104970234788502

contrast: 0.78
brightness: 0.07
saturation: 0.93
gamma: 0.95
gamma_r: 0.96
gamma_g: 1.11
gamma_b: 1.17
vignette: 0
temp: 3540