tweet_id: 1758256697565389108
masto_id: 111937850129642943
subre_id: Not uploaded, but here's the text: Today is awesome!  #Nature #VisualArt

n_iter: 201
ct: 229
hue_offset: 117
saturation: 0.12

num_attempts: 28
dur: 7
std: 25.82
size: 887576 (866.77 KiB)

xmin: -0.04353538469333573
xmax: -0.04178022892326114
ymin: 0.794072398445345
ymax: 0.795059673566012

contrast: 1.04
brightness: 0.15
saturation: 1.43
gamma: 0.95
gamma_r: 1.0
gamma_g: 1.01
gamma_b: 1.08
vignette: -16
temp: 4298