tweet_id: 1759217436253880396
masto_id: 111952861517784762
subre_id: Not uploaded, but here's the text: you're awesome!  #Mathematics #Art

n_iter: 512
ct: 219
hue_offset: 196
saturation: -0.8

num_attempts: 1
dur: 0
std: 25.48
size: 245597 (239.84 KiB)

xmin: -0.4285861962885633
xmax: 1.8214138037114367
ymin: -1.878089875656333
ymax: -0.6124648756563329

contrast: 1.38
brightness: -0.06
saturation: 0.49
gamma: 1.04
gamma_r: 1.03
gamma_g: 1.09
gamma_b: 1.0
vignette: -3
temp: 5745