tweet_id: 1759045864683610249
masto_id: 111950180743111086
subre_id: Not uploaded, but here's the text: Chin up, buttercup!  #Art #Mathematics

n_iter: 604
ct: 1
hue_offset: 328
saturation: -0.18

num_attempts: 361
dur: 603
std: 81.7
size: 1001254 (977.79 KiB)

xmin: -0.5846113414579233
xmax: -0.5801718298042051
ymin: -0.46607985877140945
ymax: -0.46358263346619305

contrast: 1.44
brightness: 0.08
saturation: 0.65
gamma: 1.1
gamma_r: 1.15
gamma_g: 1.1
gamma_b: 0.87
vignette: -38
temp: 3089