tweet_id: 1758251446053589090
masto_id: 111937767989143296
subre_id: Not uploaded, but here's the text: Wishing you the best!  #Fractals #Nature

n_iter: 477
ct: 251
hue_offset: 21
saturation: 0.55

num_attempts: 18
dur: 6
std: 42.03
size: 525669 (513.35 KiB)

xmin: -1.2256469431225512
xmax: -1.0211014885770966
ymin: -0.38360595001911135
ymax: -0.2685491318372932

contrast: 0.94
brightness: 0.02
saturation: 0.44
gamma: 0.99
gamma_r: 1.09
gamma_g: 1.09
gamma_b: 1.06
vignette: -47
temp: 3036