tweet_id: 1758381676848148844
masto_id: 111939802774869267
subre_id: Not uploaded, but here's the text: Chin up, buttercup!  #DigitalArt #VisualArt

n_iter: 414
ct: 1
hue_offset: 87
saturation: 0.48

num_attempts: 535
dur: 603
std: 61.25
size: 777348 (759.13 KiB)

xmin: 0.14208368850374598
xmax: 0.16589321231326978
ymin: 0.747033783965565
ymax: 0.7604266411084221

contrast: 1.3
brightness: -0.08
saturation: 1.17
gamma: 0.99
gamma_r: 0.99
gamma_g: 0.82
gamma_b: 0.81
vignette: -10
temp: 7466