tweet_id: 1761668883113447861
masto_id: 111991165406490002
subre_id: Not uploaded, but here's the text: you are awesome.  #Fractals #GenerativeArt

n_iter: 561
ct: 206
hue_offset: 231
saturation: 0.97

num_attempts: 73
dur: 24
std: 50.84
size: 575433 (561.95 KiB)

xmin: 0.007642860779191185
xmax: 0.00805926719184994
ymin: 0.6516715299713667
ymax: 0.6519057585784872

contrast: 1.48
brightness: 0.08
saturation: 0.74
gamma: 0.99
gamma_r: 1.02
gamma_g: 0.98
gamma_b: 1.04
vignette: 1
temp: 4154