tweet_id: 1758675768870064211
masto_id: 111944398070792916
subre_id: Not uploaded, but here's the text: Today is awesome!  #GenerativeArt #Nature

n_iter: 209
ct: 8
hue_offset: 204
saturation: 0.87

num_attempts: 24
dur: 3
std: 21.52
size: 804565 (785.71 KiB)

xmin: -1.530826464365188
xmax: -1.4813759149146386
ymin: -0.017405494017411538
ymax: 0.010410440048522526

contrast: 1.27
brightness: -0.02
saturation: 1.08
gamma: 1.0
gamma_r: 1.07
gamma_g: 1.08
gamma_b: 0.9
vignette: 18
temp: 5809