tweet_id: 1756989229291262256
masto_id: 111918046086312212
subre_id: Not uploaded, but here's the text: How was your day?  #Fractals #Nature

n_iter: 586
ct: 62
hue_offset: 300
saturation: 0.56

num_attempts: 20
dur: 4
std: 38.21
size: 1176133 (1.12 MiB)

xmin: -0.5784312915108738
xmax: -0.5771159347203444
ymin: 0.4825394751028511
ymax: 0.4832793632975239

contrast: 1.08
brightness: 0.18
saturation: 0.61
gamma: 1.05
gamma_r: 0.99
gamma_g: 1.01
gamma_b: 0.94
vignette: -47
temp: 3886