tweet_id: 1757563290299863448
masto_id: 111927015627941643
subre_id: Not uploaded, but here's the text: Hope your Wednesday is awesome!  #VisualArt #Art

n_iter: 180
ct: 84
hue_offset: 336
saturation: -0.2

num_attempts: 7
dur: 1
std: 24.64
size: 1174584 (1.12 MiB)

xmin: -0.2732132827438214
xmax: 0.1017867172561786
ymin: -1.23547174356307
ymax: -1.02453424356307

contrast: 1.28
brightness: -0.09
saturation: 1.75
gamma: 0.95
gamma_r: 1.0
gamma_g: 1.08
gamma_b: 0.98
vignette: -44
temp: 3612