tweet_id: 1757052520441237539
masto_id: 111919034666721188
subre_id: Not uploaded, but here's the text: Smile!  #DigitalArt #GenerativeArt

n_iter: 639
ct: 1
hue_offset: 36
saturation: 0.07

num_attempts: 481
dur: 602
std: 89.46
size: 547696 (534.86 KiB)

xmin: -0.5331295136443925
xmax: -0.5248307584576706
ymin: 0.37956414739594724
ymax: 0.38423219718847834

contrast: 1.1
brightness: -0.03
saturation: 0.87
gamma: 1.12
gamma_r: 0.97
gamma_g: 0.93
gamma_b: 1.07
vignette: 11
temp: 5833