tweet_id: 1761760374255186420
masto_id: 111992594861920125
subre_id: Not uploaded, but here's the text: you are fantastic!  #Nature #VisualArt

n_iter: 1007
ct: 229
hue_offset: 257
saturation: 0.89

num_attempts: 332
dur: 259
std: 23.01
size: 128296 (125.29 KiB)

xmin: -0.46502168751943396
xmax: 0.8683116458138993
ymin: -0.07585187760867762
ymax: 0.6741481223913224

contrast: 1.3
brightness: 0.01
saturation: 0.28
gamma: 1.08
gamma_r: 0.96
gamma_g: 1.01
gamma_b: 1.03
vignette: -36
temp: 3247