tweet_id: 1760335841459646725
masto_id: 111970336585321655
subre_id: Not uploaded, but here's the text: How's your day?  #DeepLearning #MachineLearning

n_iter: 337
ct: 226
hue_offset: 104
saturation: 0.93

num_attempts: 20
dur: 8
std: 48.3
size: 1866873 (1.78 MiB)

xmin: -0.4479135253101001
xmax: -0.274836602233177
ymin: -1.0127499170523322
ymax: -0.9153941478215629

contrast: 0.73
brightness: 0.04
saturation: 1.3
gamma: 1.04
gamma_r: 1.03
gamma_g: 1.03
gamma_b: 1.08
vignette: 5
temp: 6553