tweet_id: 1759754282293735758
masto_id: 111961249759770414
subre_id: Not uploaded, but here's the text: How was your day?  #VisualArt #Mathematics

n_iter: 390
ct: 1
hue_offset: 359
saturation: -0.69

num_attempts: 631
dur: 601
std: 64.25
size: 1262001 (1.2 MiB)

xmin: 0.1895495935830236
xmax: 0.1977631459444199
ymin: 0.8916167486769746
ymax: 0.89623687188026

contrast: 1.24
brightness: 0.18
saturation: 1.11
gamma: 1.03
gamma_r: 1.01
gamma_g: 0.95
gamma_b: 1.16
vignette: 29
temp: 7058