tweet_id: 1758954954566561975
masto_id: 111948760351994439
subre_id: Not uploaded, but here's the text: you are awesome.  #MachineLearning #Fractals

n_iter: 544
ct: 1
hue_offset: 320
saturation: 0.46

num_attempts: 446
dur: 600
std: 85.13
size: 1104936 (1.05 MiB)

xmin: 0.5353842663736499
xmax: 0.543136204358146
ymin: -0.197705774294475
ymax: -0.19334530917819592

contrast: 0.93
brightness: -0.05
saturation: 1.27
gamma: 0.93
gamma_r: 1.06
gamma_g: 0.89
gamma_b: 0.87
vignette: -24
temp: 3976