tweet_id: 1757648312314822665
masto_id: 111928343975137762
subre_id: Not uploaded, but here's the text: you are awesome.  #DigitalArt #Nature

n_iter: 349
ct: 151
hue_offset: 90
saturation: -0.32

num_attempts: 12
dur: 2
std: 27.95
size: 456015 (445.33 KiB)

xmin: -0.9848894395517287
xmax: -0.9319482630811404
ymin: 0.04670228943072097
ymax: 0.07648170119542685

contrast: 1.74
brightness: -0.03
saturation: 0.63
gamma: 1.09
gamma_r: 1.0
gamma_g: 0.96
gamma_b: 1.09
vignette: -45
temp: 2357