tweet_id: 1757808044535071215
masto_id: 111930839932087661
subre_id: Not uploaded, but here's the text: Keep shining on Wednesday!  #Art #Fractals

n_iter: 331
ct: 1
hue_offset: 257
saturation: -0.25

num_attempts: 684
dur: 602
std: 59.33
size: 1122459 (1.07 MiB)

xmin: -0.46393211572921644
xmax: -0.4597611042589349
ymin: -0.5338755003443644
ymax: -0.531529306392331

contrast: 0.79
brightness: 0.08
saturation: 0.98
gamma: 1.16
gamma_r: 1.13
gamma_g: 0.97
gamma_b: 1.08
vignette: -47
temp: 2268