tweet_id: 1757588942302695491
masto_id: 111927416382033909
subre_id: Not uploaded, but here's the text: Smile!  #Fractals #GenerativeArt

n_iter: 407
ct: 95
hue_offset: 59
saturation: 0.33

num_attempts: 16
dur: 5
std: 51.0
size: 989366 (966.18 KiB)

xmin: -1.3153468199523373
xmax: -0.9403468199523373
ymin: -0.5081782640837307
ymax: -0.2972407640837307

contrast: 0.75
brightness: -0.09
saturation: 1.67
gamma: 0.98
gamma_r: 0.98
gamma_g: 1.1
gamma_b: 0.91
vignette: -46
temp: 3311