tweet_id: 1756476941790793924
masto_id: 111910041510385787
subre_id: Not uploaded, but here's the text: How's your day?  #DigitalArt #Mathematics

n_iter: 130
ct: 67
hue_offset: 25
saturation: 0.61

num_attempts: 1
dur: 0
std: 24.07
size: 1709845 (1.63 MiB)

xmin: 0.5376802235274156
xmax: 0.7422256780728702
ymin: -1.2019769186893197
ymax: -1.0869201005075015

contrast: 0.83
brightness: 0.18
saturation: 1.61
gamma: 0.97
gamma_r: 0.99
gamma_g: 0.97
gamma_b: 1.07
vignette: -45
temp: 7569