tweet_id: 1761639121846497403
masto_id: 111990700301993462
subre_id: Not uploaded, but here's the text: Smile!  #Art #GenerativeArt

n_iter: 577
ct: 233
hue_offset: 247
saturation: -0.0

num_attempts: 109
dur: 50
std: 19.78
size: 178028 (173.86 KiB)

xmin: -1.1605108616601478
xmax: 0.17282247167318543
ymin: -0.3146134046187513
ymax: 0.4353865953812487

contrast: 1.77
brightness: 0.04
saturation: 1.61
gamma: 0.92
gamma_r: 0.92
gamma_g: 1.02
gamma_b: 0.93
vignette: -19
temp: 3057