tweet_id: 1759490451516915733
masto_id: 111957127472268016
subre_id: Not uploaded, but here's the text: Keep smiling!  #Mathematics #Art

n_iter: 379
ct: 44
hue_offset: 19
saturation: 0.68

num_attempts: 3
dur: 2
std: 21.71
size: 734316 (717.11 KiB)

xmin: 0.15589116773870515
xmax: 0.208216749134054
ymin: -1.1117212036695578
ymax: -1.0822880641346742

contrast: 0.74
brightness: 0.02
saturation: 0.86
gamma: 1.05
gamma_r: 1.03
gamma_g: 1.09
gamma_b: 1.03
vignette: -13
temp: 6856