tweet_id: 1757859067010355225
masto_id: 111931637032526574
subre_id: Not uploaded, but here's the text: you are cool  #VisualArt #DigitalArt

n_iter: 401
ct: 62
hue_offset: 312
saturation: -0.61

num_attempts: 5
dur: 3
std: 67.49
size: 2031006 (1.94 MiB)

xmin: -0.5819365656229047
xmax: -0.47218046806192915
ymin: -0.8450864508672964
ymax: -0.7833486459892476

contrast: 1.6
brightness: 0.16
saturation: 1.68
gamma: 1.01
gamma_r: 1.06
gamma_g: 1.07
gamma_b: 0.93
vignette: 21
temp: 6218