tweet_id: 1758826294060396744
masto_id: 111946749977907135
subre_id: Not uploaded, but here's the text: Happy Saturday!  #Fractals #Nature

n_iter: 300
ct: 222
hue_offset: 330
saturation: -0.3

num_attempts: 29
dur: 7
std: 39.39
size: 926039 (904.33 KiB)

xmin: -1.2852049071302178
xmax: -0.3852049071302178
ymin: -0.9573831657105465
ymax: -0.4511331657105465

contrast: 1.14
brightness: -0.09
saturation: 0.36
gamma: 0.98
gamma_r: 0.93
gamma_g: 1.07
gamma_b: 0.97
vignette: -31
temp: 2233