tweet_id: 1757467051050795485
masto_id: 111925511771904526
subre_id: Not uploaded, but here's the text: Smile!  #Mathematics #Fractals

n_iter: 382
ct: 92
hue_offset: 37
saturation: -0.4

num_attempts: 12
dur: 5
std: 37.29
size: 2053312 (1.96 MiB)

xmin: -0.9248100467770657
xmax: -0.5157191376861565
ymin: -1.0632084034690605
ymax: -0.8330947671054242

contrast: 1.16
brightness: -0.07
saturation: 1.35
gamma: 0.97
gamma_r: 1.02
gamma_g: 1.07
gamma_b: 0.93
vignette: -33
temp: 6613