tweet_id: 1757739530474668452
masto_id: 111929769392566431
subre_id: Not uploaded, but here's the text: How's your day?  #Nature #GenerativeArt

n_iter: 188
ct: 253
hue_offset: 41
saturation: 0.72

num_attempts: 17
dur: 3
std: 21.91
size: 844131 (824.35 KiB)

xmin: -0.39566105637161897
xmax: -0.3322807746814781
ymin: -1.0787983254391476
ymax: -1.0431469169884433

contrast: 1.03
brightness: 0.15
saturation: 0.94
gamma: 0.92
gamma_r: 0.99
gamma_g: 1.09
gamma_b: 0.92
vignette: -24
temp: 2586