tweet_id: 1758191732959896049
masto_id: 111936834988554787
subre_id: Not uploaded, but here's the text: Smile!  #DigitalArt #Art

n_iter: 183
ct: 171
hue_offset: 94
saturation: -0.72

num_attempts: 19
dur: 4
std: 25.23
size: 1363463 (1.3 MiB)

xmin: -0.9610370288380661
xmax: -0.8918062596072969
ymin: -0.764575938572418
ymax: -0.7256336308801103

contrast: 0.9
brightness: 0.05
saturation: 1.46
gamma: 0.98
gamma_r: 1.08
gamma_g: 1.06
gamma_b: 1.04
vignette: 9
temp: 5127