tweet_id: 1757799018607100058
masto_id: 111930698752192352
subre_id: Not uploaded, but here's the text: Chin up, buttercup!  #MachineLearning #VisualArt

n_iter: 159
ct: 11
hue_offset: 90
saturation: 0.94

num_attempts: 29
dur: 4
std: 25.15
size: 2295340 (2.19 MiB)

xmin: -0.2134199696046002
xmax: -0.16503287283040663
ymin: -1.0343184301118904
ymax: -1.0071006881764066

contrast: 1.74
brightness: 0.0
saturation: 0.6
gamma: 1.06
gamma_r: 0.91
gamma_g: 0.98
gamma_b: 0.94
vignette: -17
temp: 2211