tweet_id: 1757980311437316538
masto_id: 111933531590212113
subre_id: Not uploaded, but here's the text: Brighten your Thursday!  #Mathematics #VisualArt

n_iter: 382
ct: 90
hue_offset: 149
saturation: -0.84

num_attempts: 23
dur: 5
std: 39.58
size: 1268050 (1.21 MiB)

xmin: -1.1114448605990883
xmax: -0.2114448605990883
ymin: -1.313725307426365
ymax: -0.8074753074263651

contrast: 1.55
brightness: -0.08
saturation: 1.0
gamma: 1.0
gamma_r: 0.99
gamma_g: 1.01
gamma_b: 0.95
vignette: -25
temp: 2384