tweet_id: 1759580466796274119
masto_id: 111958533876788489
subre_id: Not uploaded, but here's the text: Wishing you the best!  #Fractals #VisualArt

n_iter: 346
ct: 48
hue_offset: 185
saturation: 0.95

num_attempts: 8
dur: 3
std: 58.52
size: 1248202 (1.19 MiB)

xmin: 0.6925349892744221
xmax: 0.755915270964563
ymin: -1.1340211380519625
ymax: -1.0983697296012582

contrast: 1.56
brightness: 0.19
saturation: 0.49
gamma: 1.08
gamma_r: 1.03
gamma_g: 1.01
gamma_b: 1.05
vignette: -41
temp: 2469