tweet_id: 1759157437418885247
masto_id: FAIL
subre_id: Not uploaded, but here's the text: you're awesome!  #VisualArt #Fractals

n_iter: 151
ct: 191
hue_offset: 156
saturation: -0.35

num_attempts: 2
dur: 0
std: 23.9
size: 1714943 (1.64 MiB)

xmin: -1.0597179481210628
xmax: -1.0034679481210629
ymin: -0.5936175143984548
ymax: -0.5619768893984548

contrast: 1.1
brightness: -0.1
saturation: 0.66
gamma: 0.98
gamma_r: 1.0
gamma_g: 0.96
gamma_b: 0.97
vignette: -10
temp: 5054