tweet_id: 1759495182913822968
masto_id: 111957201392172146
subre_id: Not uploaded, but here's the text: Surprise! Mandelbrot Set!  #Art #Mathematics

n_iter: 823
ct: 63
hue_offset: 279
saturation: 0.38

num_attempts: 20
dur: 8
std: 34.76
size: 1279622 (1.22 MiB)

xmin: -0.7374072401739031
xmax: -0.7369185413345629
ymin: 0.24111778859637778
ymax: 0.24139268169350667

contrast: 1.3
brightness: 0.15
saturation: 0.68
gamma: 1.09
gamma_r: 0.93
gamma_g: 0.97
gamma_b: 0.95
vignette: -9
temp: 4636