tweet_id: 1757376968834613518
masto_id: 111924104259186590
subre_id: Not uploaded, but here's the text: you are cool  #MachineLearning #Art

n_iter: 298
ct: 193
hue_offset: 284
saturation: -0.26

num_attempts: 16
dur: 5
std: 25.13
size: 1178140 (1.12 MiB)

xmin: 0.45479039926910314
xmax: 0.6593358538145577
ymin: -1.339961080055013
ymax: -1.224904261873195

contrast: 1.71
brightness: -0.02
saturation: 0.99
gamma: 1.03
gamma_r: 0.95
gamma_g: 1.09
gamma_b: 1.08
vignette: -43
temp: 5786