tweet_id: 1760521601500484095
masto_id: 111973239244951863
subre_id: Not uploaded, but here's the text: Keep smiling!  #GenerativeArt #Nature

n_iter: 400
ct: 120
hue_offset: 113
saturation: 0.41

num_attempts: 47
dur: 15
std: 20.47
size: 807236 (788.32 KiB)

xmin: -1.0561788031678414
xmax: -1.0551231156513463
ymin: 0.26656414867838407
ymax: 0.2671579729064126

contrast: 0.96
brightness: -0.05
saturation: 1.06
gamma: 1.04
gamma_r: 1.03
gamma_g: 0.91
gamma_b: 0.91
vignette: -7
temp: 3558