tweet_id: 1759404884791590991
masto_id: 111955790493318179
subre_id: Not uploaded, but here's the text: Smile on this lovely day!  #AI #VisualArt

n_iter: 670
ct: 2
hue_offset: 62
saturation: -0.79

num_attempts: 16
dur: 4
std: 95.84
size: 1954962 (1.86 MiB)

xmin: 0.30194655825348926
xmax: 0.302764386918384
ymin: -0.5734868719049516
ymax: -0.5730268432809483

contrast: 1.02
brightness: 0.2
saturation: 1.14
gamma: 0.95
gamma_r: 0.95
gamma_g: 1.09
gamma_b: 1.05
vignette: -23
temp: 3695