tweet_id: 1762088188825526485
masto_id: 111997717094614935
subre_id: Not uploaded, but here's the text: Smile!  #Fractals #Art

n_iter: 170
ct: 74
hue_offset: 66
saturation: 0.01

num_attempts: 67
dur: 14
std: 23.18
size: 1163363 (1.11 MiB)

xmin: -0.9854332066799569
xmax: -0.9020998733466236
ymin: -0.7587322882884289
ymax: -0.7118572882884289

contrast: 1.58
brightness: 0.04
saturation: 0.65
gamma: 1.03
gamma_r: 0.93
gamma_g: 1.08
gamma_b: 1.08
vignette: 12
temp: 3846