tweet_id: 1757898061605478505
masto_id: 111932246331272142
subre_id: Not uploaded, but here's the text: Hey there, it's Wednesday!  #AI #DeepLearning

n_iter: 315
ct: 1
hue_offset: 246
saturation: -0.99

num_attempts: 723
dur: 604
std: 55.37
size: 1506477 (1.44 MiB)

xmin: 0.5430988215024026
xmax: 0.5511959874943054
ymin: 0.33805421826744064
ymax: 0.342608874137886

contrast: 1.25
brightness: -0.04
saturation: 0.89
gamma: 1.07
gamma_r: 1.02
gamma_g: 0.85
gamma_b: 1.01
vignette: 21
temp: 6887