tweet_id: FAIL
masto_id: 111648054012019370
subre_id: Not uploaded, but here's the text: Wishing you a fantastic day!  #AGI #Fractals #Mathematics

n_iter: 365
ct: 246
hue_offset: 250
saturation: -0.15

num_attempts: 4
dur: 0
std: 22.05
size: 1263434 (1.2 MiB)

xmin: 0.7155315686941051
xmax: 0.9200770232395596
ymin: -1.305470691757138
ymax: -1.1904138735753198

contrast: 0.87
brightness: 0.16
saturation: 1.64
gamma: 0.92
gamma_r: 1.05
gamma_g: 0.97
gamma_b: 0.9
vignette: 20
temp: 2072