tweet_id: 1729542663526027723
masto_id: 111489193309452892
subre_id: Not uploaded, but here's the text: Wishing you a rad Tuesday!  #AI #Science

n_iter: 423
ct: 255
hue_offset: 338
saturation: 0.93

num_attempts: 581
dur: 606
std: 68.22
size: 1309120 (1.25 MiB)

xmin: -0.5089342342215664
xmax: -0.5038256773888716
ymin: 0.4602294866447425
ymax: 0.46310304986313333

contrast: 1.58
brightness: 0.16
saturation: 0.53
gamma: 0.92
gamma_r: 0.97
gamma_g: 0.99
gamma_b: 1.0
vignette: 30
temp: 5342