tweet_id: 1729693865538453716
masto_id: 111491555789954361
subre_id: Not uploaded, but here's the text: How was your day?  #AI #Art

n_iter: 571
ct: 255
hue_offset: 263
saturation: 0.46

num_attempts: 446
dur: 602
std: 78.84
size: 1175647 (1.12 MiB)

xmin: 0.5290881021208769
xmax: 0.5357770653315792
ymin: 0.41546920105711127
ymax: 0.41923174286313136

contrast: 1.61
brightness: 0.15
saturation: 0.73
gamma: 1.07
gamma_r: 0.95
gamma_g: 1.07
gamma_b: 1.0
vignette: 15
temp: 3970