tweet_id: 1730198575110357024
masto_id: 111499441961855460
subre_id: Not uploaded, but here's the text: Thursday vibes!  #MachineLearning #AI

n_iter: 176
ct: 78
hue_offset: 135
saturation: -0.89

num_attempts: 22
dur: 5
std: 21.16
size: 1148515 (1.1 MiB)

xmin: -0.3387682794708895
xmax: -0.03876827947088951
ymin: -0.9895191245746109
ymax: -0.8207691245746109

contrast: 0.84
brightness: 0.15
saturation: 0.83
gamma: 1.08
gamma_r: 1.01
gamma_g: 0.9
gamma_b: 1.02
vignette: -37
temp: 3266