tweet_id: 1729783173582667977
masto_id: 111492951196495959
subre_id: Not uploaded, but here's the text: Feeling good today!  #Math #Nature

n_iter: 344
ct: 1
hue_offset: 297
saturation: -0.56

num_attempts: 636
dur: 602
std: 60.4
size: 640371 (625.36 KiB)

xmin: 0.20998265849527886
xmax: 0.21675084800458513
ymin: 0.9593238679182998
ymax: 0.9631309745172846

contrast: 1.24
brightness: 0.06
saturation: 0.4
gamma: 0.98
gamma_r: 1.04
gamma_g: 0.94
gamma_b: 1.09
vignette: 0
temp: 2818