tweet_id: FAIL
masto_id: 111649562826864782
subre_id: Not uploaded, but here's the text: Chin up, buttercup!  #DigitalArt #MachineLearning #MultiModal

n_iter: 327
ct: 119
hue_offset: 151
saturation: -0.72

num_attempts: 6
dur: 1
std: 22.11
size: 669663 (653.97 KiB)

xmin: 0.14793157596640905
xmax: 1.272931575966409
ymin: -1.2188577161396206
ymax: -0.5860452161396206

contrast: 1.63
brightness: 0.03
saturation: 0.82
gamma: 1.05
gamma_r: 1.02
gamma_g: 1.03
gamma_b: 0.97
vignette: 22
temp: 6551