tweet_id: 1731128197474071027
masto_id: 111513967212432728
subre_id: Not uploaded, but here's the text: Smile, it's Sunday!  #Art #Soccer

n_iter: 634
ct: 255
hue_offset: 235
saturation: -0.52

num_attempts: 325
dur: 602
std: 94.3
size: 890113 (869.25 KiB)

xmin: -0.5512698921565158
xmax: -0.5429711369697938
ymin: -0.32992412493318435
ymax: -0.32525607514065324

contrast: 1.77
brightness: 0.2
saturation: 1.02
gamma: 1.07
gamma_r: 0.98
gamma_g: 1.09
gamma_b: 1.07
vignette: 9
temp: 4291