tweet_id: 1730080952586539436
masto_id: 111497604092900088
subre_id: Not uploaded, but here's the text: Keep shining on Thursday!  #AI #Science

n_iter: 601
ct: 36
hue_offset: 132
saturation: -0.37

num_attempts: 91
dur: 49
std: 98.6
size: 891152 (870.27 KiB)

xmin: -0.1089681859035676
xmax: -0.10407821035344536
ymin: -0.8828804492332143
ymax: -0.8801298379862705

contrast: 1.26
brightness: -0.05
saturation: 1.18
gamma: 0.94
gamma_r: 0.93
gamma_g: 0.91
gamma_b: 0.9
vignette: -42
temp: 5106