tweet_id: 1736085728340177131
masto_id: 111591428661001140
subre_id: Not uploaded, but here's the text: you are awesome.  #AI #Art #Mathematics

n_iter: 244
ct: 3
hue_offset: 298
saturation: 0.45

num_attempts: 1
dur: 0
std: 41.89
size: 1145199 (1.09 MiB)

xmin: 0.36791550350647606
xmax: 0.5724609580519306
ymin: -1.2043594827136315
ymax: -1.0893026645318133

contrast: 0.91
brightness: 0.1
saturation: 0.99
gamma: 1.09
gamma_r: 0.93
gamma_g: 1.08
gamma_b: 1.09
vignette: 1
temp: 4616