tweet_id: 1730052471685607698
masto_id: 111497159034675409
subre_id: Not uploaded, but here's the text: Keep smiling!  #VisualArt #DeepLearning

n_iter: 200
ct: 78
hue_offset: 26
saturation: 0.09

num_attempts: 130
dur: 28
std: 53.68
size: 1141737 (1.09 MiB)

xmin: -0.03003850992369239
xmax: -0.028341437373840886
ymin: 0.7523785969650587
ymax: 0.7533332002743501

contrast: 0.73
brightness: 0.01
saturation: 1.1
gamma: 0.92
gamma_r: 1.08
gamma_g: 1.09
gamma_b: 1.02
vignette: 32
temp: 3623