tweet_id: 1739597678739128652
masto_id: 111646303013008443
subre_id: Not uploaded, but here's the text: Tuesday vibes!  #GenerativeArt #VisualArt #AGI

n_iter: 596
ct: 255
hue_offset: 273
saturation: 0.99

num_attempts: 389
dur: 605
std: 54.85
size: 1234875 (1.18 MiB)

xmin: -0.21219107209105603
xmax: -0.1542200575983024
ymin: 0.7424226457665783
ymax: 0.7750313414187523

contrast: 1.07
brightness: 0.07
saturation: 0.78
gamma: 0.91
gamma_r: 0.91
gamma_g: 0.9
gamma_b: 0.94
vignette: 29
temp: 7686