tweet_id: 1730056405766349133
masto_id: 111497220383699106
subre_id: Not uploaded, but here's the text: Chin up, buttercup!  #AI #MachineLearning

n_iter: 500
ct: 255
hue_offset: 23
saturation: 0.32

num_attempts: 458
dur: 605
std: 70.92
size: 886994 (866.21 KiB)

xmin: 0.6126623979723846
xmax: 0.618328120351988
ymin: -0.5200423690721467
ymax: -0.5168554002336199

contrast: 1.49
brightness: 0.01
saturation: 1.03
gamma: 0.9
gamma_r: 1.02
gamma_g: 1.1
gamma_b: 1.07
vignette: -8
temp: 5479