tweet_id: 1735430204976156737
masto_id: 111581186063258011
subre_id: Not uploaded, but here's the text: Have a great day!  #Art #Nature #Fractals

n_iter: 347
ct: 255
hue_offset: 220
saturation: -0.3

num_attempts: 701
dur: 604
std: 63.72
size: 413283 (403.6 KiB)

xmin: -0.5555655128528649
xmax: -0.5511505018153373
ymin: -0.24845559857490573
ymax: -0.24597215486629645

contrast: 1.58
brightness: 0.18
saturation: 1.69
gamma: 0.95
gamma_r: 1.07
gamma_g: 0.95
gamma_b: 1.07
vignette: 0
temp: 4839