tweet_id: 1732577060999266652
masto_id: 111536605627422713
subre_id: Not uploaded, but here's the text: Enjoy your Thursday!  #AI #Football

n_iter: 493
ct: 1
hue_offset: 124
saturation: -0.74

num_attempts: 428
dur: 601
std: 77.77
size: 713281 (696.56 KiB)

xmin: -0.4486628870372391
xmax: -0.44220085149604366
ymin: 0.5536399477017548
ymax: 0.5572748426936773

contrast: 1.7
brightness: -0.07
saturation: 0.99
gamma: 1.01
gamma_r: 0.92
gamma_g: 0.91
gamma_b: 0.91
vignette: -40
temp: 5662