tweet_id: 1739108914904359343
masto_id: 111638665908074475
subre_id: Not uploaded, but here's the text: Keep smiling!  #MachineLearning #Mathematics #Art

n_iter: 215
ct: 64
hue_offset: 98
saturation: -0.96

num_attempts: 4
dur: 0
std: 23.54
size: 1825543 (1.74 MiB)

xmin: -0.7639275972951094
xmax: -0.5139275972951094
ymin: -1.0752721778745937
ymax: -0.9346471778745937

contrast: 0.9
brightness: 0.2
saturation: 1.59
gamma: 1.06
gamma_r: 1.07
gamma_g: 1.08
gamma_b: 1.08
vignette: -13
temp: 4540