tweet_id: 1739326717590667622
masto_id: 111642069304451663
subre_id: Not uploaded, but here's the text: Monday vibes!  #Mathematics #AI #Nature

n_iter: 348
ct: 255
hue_offset: 0
saturation: 0.67

num_attempts: 658
dur: 601
std: 57.49
size: 1148384 (1.1 MiB)

xmin: 0.3182098437038978
xmax: 0.32238957202155716
ymin: 0.7020081308809818
ymax: 0.7043592280596652

contrast: 0.85
brightness: 0.17
saturation: 0.34
gamma: 1.09
gamma_r: 1.06
gamma_g: 0.99
gamma_b: 1.03
vignette: -39
temp: 2497