tweet_id: 1730231746040361158
masto_id: 111499960186510548
subre_id: Not uploaded, but here's the text: Feeling good today!  #VisualArt #Mathematics

n_iter: 999
ct: 1
hue_offset: 172
saturation: -0.49

num_attempts: 59
dur: 36
std: 174.92
size: 1450716 (1.38 MiB)

xmin: 0.36308098479256357
xmax: 0.3649183756974786
ymin: 0.307006287338512
ymax: 0.3080398197225267

contrast: 1.27
brightness: 0.19
saturation: 1.28
gamma: 1.05
gamma_r: 1.05
gamma_g: 0.95
gamma_b: 1.09
vignette: 18
temp: 2419