tweet_id: 1740986593832296944
masto_id: 111668004569040338
subre_id: Not uploaded, but here's the text: Have an awesome day!  #Art #AGI #DigitalArt

n_iter: 387
ct: 1
hue_offset: 90
saturation: 0.93

num_attempts: 596
dur: 604
std: 68.95
size: 508528 (496.61 KiB)

xmin: -0.37961022502437314
xmax: -0.375503448843675
ymin: 0.6935624704303254
ymax: 0.6958725320319681

contrast: 1.3
brightness: 0.18
saturation: 0.94
gamma: 1.07
gamma_r: 1.05
gamma_g: 0.92
gamma_b: 0.93
vignette: 0
temp: 6457