tweet_id: 1740923795777667481
masto_id: 111667023466258520
subre_id: Not uploaded, but here's the text: Have a great day!  #AGI #Nature #VisualArt

n_iter: 137
ct: 33
hue_offset: 233
saturation: 0.68

num_attempts: 1
dur: 0
std: 41.24
size: 288896 (282.12 KiB)

xmin: -1.0733765053776916
xmax: -1.0727718190587197
ymin: 0.24109957270062154
ymax: 0.2414397087550433

contrast: 0.91
brightness: 0.11
saturation: 1.36
gamma: 1.06
gamma_r: 0.91
gamma_g: 1.0
gamma_b: 1.0
vignette: -1
temp: 3326