tweet_id: 1737328309858361693
masto_id: 111610843942360769
subre_id: Not uploaded, but here's the text: you are awesome.  #Fractals #Nature #VisualArt

n_iter: 255
ct: 242
hue_offset: 289
saturation: 0.54

num_attempts: 129
dur: 26
std: 61.78
size: 1206821 (1.15 MiB)

xmin: -0.8376736422928113
xmax: -0.8367655832689748
ymin: 0.20492033531132003
ymax: 0.2054311185122281

contrast: 0.8
brightness: 0.21
saturation: 0.25
gamma: 0.97
gamma_r: 0.93
gamma_g: 1.02
gamma_b: 1.05
vignette: -12
temp: 7693