tweet_id: 1740826854506770592
masto_id: 111665508684910408
subre_id: Not uploaded, but here's the text: Wishing you the best!  #DigitalArt #Art #AGI

n_iter: 260
ct: 209
hue_offset: 184
saturation: 0.92

num_attempts: 7
dur: 1
std: 24.02
size: 1808447 (1.72 MiB)

xmin: -0.9328857622523772
xmax: -0.8805601808570284
ymin: -0.8159807740120131
ymax: -0.7865476344771294

contrast: 1.18
brightness: 0.15
saturation: 1.46
gamma: 1.09
gamma_r: 0.97
gamma_g: 1.04
gamma_b: 0.94
vignette: -33
temp: 5301