tweet_id: 1736810847278682250
masto_id: 111602758605193621
subre_id: Not uploaded, but here's the text: Today is awesome!  #VisualArt #AI #DigitalArt

n_iter: 465
ct: 79
hue_offset: 114
saturation: 0.59

num_attempts: 39
dur: 13
std: 44.33
size: 691256 (675.05 KiB)

xmin: -1.6100482476787619
xmax: -1.2886196762501905
ymin: -0.2251455075969362
ymax: -0.04434193616836474

contrast: 1.34
brightness: 0.06
saturation: 0.77
gamma: 1.01
gamma_r: 0.93
gamma_g: 1.01
gamma_b: 0.94
vignette: 20
temp: 7349