tweet_id: 1730764018749493507
masto_id: 111508277034933224
subre_id: Not uploaded, but here's the text: Let's rock this Saturday!  #Nature #VisualArt

n_iter: 426
ct: 1
hue_offset: 66
saturation: -0.69

num_attempts: 631
dur: 604
std: 64.68
size: 942771 (920.67 KiB)

xmin: 0.37954312036925586
xmax: 0.3836330999193581
ymin: 0.6709046603372015
ymax: 0.6732052738341341

contrast: 1.29
brightness: 0.01
saturation: 1.74
gamma: 0.9
gamma_r: 0.92
gamma_g: 0.95
gamma_b: 1.08
vignette: -7
temp: 2312