tweet_id: 1737659184705864028
masto_id: 111616014040692549
subre_id: Not uploaded, but here's the text: you are cool  #VisualArt #DigitalArt #DeepLearning

n_iter: 364
ct: 161
hue_offset: 4
saturation: 0.53

num_attempts: 15
dur: 4
std: 31.85
size: 1364125 (1.3 MiB)

xmin: 0.40082587675497683
xmax: 0.5105819743159524
ymin: -1.2596491919735018
ymax: -1.197911387095453

contrast: 0.79
brightness: 0.11
saturation: 0.78
gamma: 1.0
gamma_r: 1.05
gamma_g: 1.1
gamma_b: 1.01
vignette: -19
temp: 4566