tweet_id: 1730166853257863332
masto_id: 111498946149057019
subre_id: Not uploaded, but here's the text: How was your day?  #DigitalArt #VisualArt

n_iter: 331
ct: 8
hue_offset: 265
saturation: -0.55

num_attempts: 16
dur: 3
std: 53.17
size: 1376879 (1.31 MiB)

xmin: -0.4093244350707739
xmax: -0.0002335259798647571
ymin: -1.0391912533714203
ymax: -0.8090776170077839

contrast: 1.24
brightness: 0.12
saturation: 0.99
gamma: 1.03
gamma_r: 1.07
gamma_g: 1.07
gamma_b: 0.97
vignette: -43
temp: 5487