tweet_id: 1735758085132615902
masto_id: 111586309136644356
subre_id: Not uploaded, but here's the text: Smile!  #Mathematics #AGI #VisualArt

n_iter: 352
ct: 164
hue_offset: 354
saturation: 0.05

num_attempts: 20
dur: 4
std: 68.04
size: 97158 (94.88 KiB)

xmin: 0.32482448142057097
xmax: 0.3252529763321939
ymin: -0.4186780618708599
ymax: -0.418437033483072

contrast: 1.45
brightness: 0.01
saturation: 1.19
gamma: 1.1
gamma_r: 0.99
gamma_g: 0.94
gamma_b: 0.93
vignette: 3
temp: 2093