tweet_id: 1739023667076505706
masto_id: 111637334014040219
subre_id: Not uploaded, but here's the text: Today is awesome!  #DigitalArt #Fractals #Art

n_iter: 503
ct: 1
hue_offset: 226
saturation: 0.34

num_attempts: 445
dur: 605
std: 66.32
size: 1157696 (1.1 MiB)

xmin: -0.2348202273375446
xmax: -0.23077982329714056
ymin: -0.9617675885704505
ymax: -0.9594948612977232

contrast: 1.09
brightness: -0.0
saturation: 1.1
gamma: 1.09
gamma_r: 1.03
gamma_g: 1.0
gamma_b: 0.91
vignette: -13
temp: 2589