tweet_id: 1740352463117651991
masto_id: 111658096325384470
subre_id: Not uploaded, but here's the text: Keep smiling!  #DeepLearning #Mathematics #Art

n_iter: 524
ct: 62
hue_offset: 325
saturation: 0.09

num_attempts: 24
dur: 10
std: 73.67
size: 1695574 (1.62 MiB)

xmin: -1.1701264106625275
xmax: -1.1661777433377496
ymin: 0.1964354228852232
ymax: 0.19865654825541076

contrast: 1.26
brightness: 0.08
saturation: 0.72
gamma: 1.05
gamma_r: 0.99
gamma_g: 0.97
gamma_b: 1.05
vignette: 9
temp: 5833