tweet_id: 1729774951060668743
masto_id: 111492822913783194
subre_id: Not uploaded, but here's the text: You are lovely!  #Science #Programming

n_iter: 500
ct: 68
hue_offset: 350
saturation: -0.54

num_attempts: 47
dur: 17
std: 28.5
size: 744061 (726.62 KiB)

xmin: -1.158622242862293
xmax: 1.091377757137707
ymin: -0.9548969763359112
ymax: 0.3107280236640888

contrast: 1.19
brightness: 0.15
saturation: 0.58
gamma: 0.94
gamma_r: 0.94
gamma_g: 1.1
gamma_b: 1.08
vignette: -14
temp: 5668