tweet_id: 1740706804802490621
masto_id: 111663632935430434
subre_id: Not uploaded, but here's the text: Today is awesome!  #Fractals #AI #AGI

n_iter: 437
ct: 114
hue_offset: 77
saturation: -0.7

num_attempts: 9
dur: 5
std: 23.93
size: 426962 (416.96 KiB)

xmin: 0.3021761869701005
xmax: 0.3959261869701005
ymin: 0.03752985255751273
ymax: 0.09026422755751273

contrast: 1.76
brightness: 0.0
saturation: 1.1
gamma: 1.03
gamma_r: 0.93
gamma_g: 1.08
gamma_b: 1.09
vignette: -15
temp: 3246