tweet_id: 1737031004563361916
masto_id: 111606198536119910
subre_id: Not uploaded, but here's the text: Keep smiling!  #MultiModal #MachineLearning #AI

n_iter: 318
ct: 1
hue_offset: 231
saturation: 0.49

num_attempts: 678
dur: 603
std: 58.76
size: 1145051 (1.09 MiB)

xmin: -0.19214145889844292
xmax: -0.1867214046979009
ymin: 1.1265777595406496
ymax: 1.1296265400284544

contrast: 1.15
brightness: 0.09
saturation: 0.31
gamma: 0.97
gamma_r: 1.09
gamma_g: 1.05
gamma_b: 0.9
vignette: -43
temp: 6354