tweet_id: 1740736077550190718
masto_id: 111664090355435682
subre_id: Not uploaded, but here's the text: You are lovely!  #AI #MachineLearning #Art

n_iter: 392
ct: 232
hue_offset: 200
saturation: -0.27

num_attempts: 5
dur: 1
std: 53.41
size: 2047613 (1.95 MiB)

xmin: -0.3613612603676519
xmax: -0.30648321158716413
ymin: -0.9901974729066425
ymax: -0.9593285704676181

contrast: 1.3
brightness: 0.13
saturation: 1.54
gamma: 0.91
gamma_r: 0.97
gamma_g: 1.08
gamma_b: 1.08
vignette: -31
temp: 4381