tweet_id: 1731849321203548314
masto_id: 111525234744137780
subre_id: Not uploaded, but here's the text: Smile, it's Tuesday!  #Fractals #Football

n_iter: 233
ct: 20
hue_offset: 142
saturation: 0.84

num_attempts: 64
dur: 15
std: 49.88
size: 1876691 (1.79 MiB)

xmin: -0.22978519698102406
xmax: -0.22874298749691777
ymin: -0.744008645604012
ymax: -0.7434224027692022

contrast: 0.97
brightness: 0.12
saturation: 1.42
gamma: 0.99
gamma_r: 1.01
gamma_g: 0.99
gamma_b: 1.06
vignette: -25
temp: 7799