tweet_id: 1735279585573704120
masto_id: 111578832671266518
subre_id: Not uploaded, but here's the text: You are lovely!  #Fractals #AGI #Mathematics

n_iter: 689
ct: 10
hue_offset: 193
saturation: -0.59

num_attempts: 6
dur: 1
std: 19.35
size: 740026 (722.68 KiB)

xmin: -2.219162144500514
xmax: -0.21916214450051408
ymin: -0.4682533253169493
ymax: 0.6567466746830507

contrast: 1.26
brightness: 0.05
saturation: 0.4
gamma: 1.09
gamma_r: 1.1
gamma_g: 1.03
gamma_b: 1.01
vignette: -33
temp: 7590