tweet_id: 1735551440909971705
masto_id: 111583080526897163
subre_id: Not uploaded, but here's the text: Have a great day!  #AI #VisualArt #Fractals

n_iter: 421
ct: 255
hue_offset: 266
saturation: -0.77

num_attempts: 577
dur: 606
std: 75.2
size: 921449 (899.85 KiB)

xmin: -0.5640475660221378
xmax: -0.5591754588357797
ymin: 0.4595844298224989
ymax: 0.46232499011482536

contrast: 0.92
brightness: 0.17
saturation: 0.76
gamma: 1.01
gamma_r: 1.02
gamma_g: 1.06
gamma_b: 0.98
vignette: 15
temp: 2017