tweet_id: 1729601494154924332
masto_id: 111490112387361678
subre_id: Not uploaded, but here's the text: you're awesome!  #Nature #VisualArt

n_iter: 272
ct: 255
hue_offset: 251
saturation: 0.41

num_attempts: 746
dur: 602
std: 45.48
size: 275363 (268.91 KiB)

xmin: -0.2616978611158911
xmax: -0.2549066896388113
ymin: 0.7107161071162906
ymax: 0.714536141072148

contrast: 1.74
brightness: 0.18
saturation: 1.68
gamma: 1.04
gamma_r: 0.98
gamma_g: 0.94
gamma_b: 1.09
vignette: 0
temp: 4021