tweet_id: 1736790341104058465
masto_id: 111602438221420620
subre_id: Not uploaded, but here's the text: Smile!  #AGI #DigitalArt #MachineLearning

n_iter: 328
ct: 1
hue_offset: 143
saturation: -0.06

num_attempts: 709
dur: 602
std: 54.58
size: 984348 (961.28 KiB)

xmin: -0.5986557624295341
xmax: -0.5941051367184988
ymin: 0.3017055234731316
ymax: 0.30426525043558894

contrast: 0.96
brightness: 0.12
saturation: 0.86
gamma: 1.03
gamma_r: 1.04
gamma_g: 0.98
gamma_b: 1.07
vignette: 9
temp: 6468