tweet_id: 1733659311597830586
masto_id: 111553516018451596
subre_id: Not uploaded, but here's the text: Let's rock this Sunday!  #Nature #Football

n_iter: 244
ct: 219
hue_offset: 22
saturation: -0.21

num_attempts: 3
dur: 1
std: 25.82
size: 699636 (683.24 KiB)

xmin: -1.67091299100684
xmax: -0.1709129910068401
ymin: -1.2430376524231548
ymax: -0.3992876524231548

contrast: 1.2
brightness: -0.08
saturation: 1.02
gamma: 0.93
gamma_r: 0.95
gamma_g: 0.9
gamma_b: 1.06
vignette: -23
temp: 3625