tweet_id: 1690394723679440896
masto_id: 110877506657409709

n_iter: 150
ct: 150
hue_offset: 306
saturation: -0.35

num_attempts: 41
dur: 17
std: 22.76
size: 2061871 (1.97 MiB)

xmin: -0.6598318128581209
xmax: -0.6143772674035755
ymin: -0.9060746478195962
ymax: -0.8805064660014145

contrast: 1.57
brightness: 0.03
saturation: 0.39
gamma: 1.06
gamma_r: 1.06
gamma_g: 1.09
gamma_b: 1.04
vignette: -33
temp: 5487