tweet_id: 1684240953849294849

n_iter: 382
ct: 221
hue_offset: 156
saturation: -0.41

num_attempts: 4
dur: 1
std: 16.29
size: 726327 (709.3 KiB)

xmin: 0.17439142576975852
xmax: 0.17878703016536293
ymin: 1.1328652480419659
ymax: 1.1353377755144933

contrast: 1.07
brightness: 0.09
saturation: 0.41
gamma: 0.93
gamma_r: 1.0
gamma_g: 1.03
gamma_b: 1.04
vignette: -12
temp: 3135