tweet_id: 1690860548550721536
masto_id: 110884785258897680

newton_power: 4
newton_const: 2

n_iter: 145
ct: 157
hue_offset: 216
saturation: 0.21

num_attempts: 119
dur: 602
std: 6.95
size: 1064778 (1.02 MiB)

xmin: -0.09353700621513061
xmax: -0.07573285191245999
ymin: 0.15156752212488778
ymax: 0.16158235892014

contrast: 1.69
brightness: 0.2
saturation: 0.93
gamma: 1.05
gamma_r: 0.97
gamma_g: 0.92
gamma_b: 1.09
vignette: -47
temp: 5712