tweet_id: 1687107552012795905
masto_id: 110826144706345885

n_iter: 1014
ct: 55
hue_offset: 60
saturation: -0.7

num_attempts: 73
dur: 147
std: 47.21
size: 899984 (878.89 KiB)

xmin: -0.7541498432707447
xmax: -0.5041498432707447
ymin: 0.44861678216094614
ymax: 0.5892417821609461

contrast: 1.13
brightness: -0.02
saturation: 1.18
gamma: 0.92
gamma_r: 0.97
gamma_g: 0.95
gamma_b: 0.92
vignette: 26
temp: 4996