tweet_id: 1688625817104826369
masto_id: 110849867603003021

newton_power: 7
newton_const: -3

n_iter: 149
ct: 246
hue_offset: 57
saturation: -0.66

num_attempts: 86
dur: 603
std: 26.53
size: 1299736 (1.24 MiB)

xmin: 0.38622534787187
xmax: 0.4061589026891458
ymin: 1.1010504412789222
ymax: 1.1122630658636397

contrast: 0.83
brightness: 0.03
saturation: 1.1
gamma: 0.92
gamma_r: 1.06
gamma_g: 0.98
gamma_b: 1.04
vignette: -19
temp: 4462