tweet_id: 1684966312496308232

n_iter: 464
ct: 97
hue_offset: 353
saturation: -0.67

num_attempts: 54
dur: 104
std: 26.45
size: 694625 (678.34 KiB)

xmin: -0.007964576387604172
xmax: 0.09729858150713266
ymin: 1.1026455997652622
ymax: 1.1618561260810516

contrast: 1.37
brightness: 0.08
saturation: 1.26
gamma: 1.01
gamma_r: 0.94
gamma_g: 0.92
gamma_b: 1.09
vignette: 22
temp: 7703