tweet_id: 1685144096459878401

n_iter: 436
ct: 87
hue_offset: 205
saturation: 0.87

num_attempts: 57
dur: 45
std: 61.07
size: 1677925 (1.6 MiB)

xmin: -0.6878275176155539
xmax: -0.6873308083146723
ymin: 0.33114778528959476
ymax: 0.3314271842713407

contrast: 1.17
brightness: -0.04
saturation: 0.35
gamma: 1.08
gamma_r: 0.99
gamma_g: 1.05
gamma_b: 1.1
vignette: 4
temp: 7606