tweet_id: 1688914603496136705
masto_id: 110854379812793722

n_iter: 287
ct: 131
hue_offset: 139
saturation: -0.45

num_attempts: 2
dur: 0
std: 24.09
size: 2100402 (2.0 MiB)

xmin: -0.6342682210230755
xmax: -0.5726243854066371
ymin: -1.001148338758011
ymax: -0.9664736812237643

contrast: 0.7
brightness: 0.03
saturation: 1.68
gamma: 1.06
gamma_r: 1.05
gamma_g: 1.02
gamma_b: 1.07
vignette: -42
temp: 7380