tweet_id: 1685747356032020480
masto_id: 110804891615696691

n_iter: 1020
ct: 24
hue_offset: 232
saturation: 0.78

num_attempts: 51
dur: 97
std: 156.4
size: 1943452 (1.85 MiB)

xmin: 0.3767108034599014
xmax: 0.37730835350471764
ymin: 0.1735744957387102
ymax: 0.17391061763891935

contrast: 1.71
brightness: 0.17
saturation: 1.18
gamma: 1.07
gamma_r: 0.92
gamma_g: 1.05
gamma_b: 0.91
vignette: 20
temp: 6035