tweet_id: 1687948160285732864
masto_id: 110839279142745629

n_iter: 137
ct: 37
hue_offset: 111
saturation: 0.79

num_attempts: 21
dur: 8
std: 24.95
size: 1476253 (1.41 MiB)

xmin: -1.0920567962979684
xmax: -0.9045567962979684
ymin: -0.6076857763981827
ymax: -0.5022170263981827

contrast: 1.44
brightness: 0.12
saturation: 1.21
gamma: 0.94
gamma_r: 0.99
gamma_g: 0.96
gamma_b: 0.96
vignette: 25
temp: 6940