tweet_id: 1688138240312647681
masto_id: 110842249070631901

n_iter: 635
ct: 255
hue_offset: 36
saturation: 0.27

num_attempts: 231
dur: 607
std: 60.23
size: 667203 (651.57 KiB)

xmin: -0.5539291928308652
xmax: -0.5427560084733233
ymin: -0.3368668700392714
ymax: -0.3305819538381541

contrast: 1.66
brightness: -0.09
saturation: 0.44
gamma: 0.91
gamma_r: 1.06
gamma_g: 0.93
gamma_b: 1.06
vignette: -22
temp: 3141