tweet_id: 1689039957917126656
masto_id: 110856338494733161

n_iter: 431
ct: 43
hue_offset: 355
saturation: 0.33

num_attempts: 53
dur: 37
std: 24.65
size: 530817 (518.38 KiB)

xmin: -0.8652122318202922
xmax: -0.8639942050237026
ymin: -0.23416369236004753
ymax: -0.23347855228696593

contrast: 1.07
brightness: 0.18
saturation: 0.33
gamma: 1.07
gamma_r: 0.94
gamma_g: 0.95
gamma_b: 1.0
vignette: 3
temp: 4595