tweet_id: 1688681886594330625
masto_id: 110850743624247640

n_iter: 477
ct: 1
hue_offset: 302
saturation: -0.07

num_attempts: 410
dur: 600
std: 69.73
size: 1040742 (1016.35 KiB)

xmin: 0.5317073377930512
xmax: 0.5357931396316621
ymin: -0.4583323744392156
ymax: -0.456034110904997

contrast: 1.19
brightness: 0.01
saturation: 0.65
gamma: 1.08
gamma_r: 1.1
gamma_g: 0.97
gamma_b: 0.99
vignette: -25
temp: 3503