tweet_id: 1686240044518895616
masto_id: 110812589904745574

newton_power: 7
newton_const: 8

n_iter: 255
ct: 149
hue_offset: 17
saturation: -0.92

num_attempts: 68
dur: 605
std: 17.91
size: 1343493 (1.28 MiB)

xmin: 1.0733388897045888
xmax: 1.1120485671239437
ymin: 1.7067244802948407
ymax: 1.7284986738432278

contrast: 1.44
brightness: 0.03
saturation: 1.56
gamma: 1.07
gamma_r: 0.99
gamma_g: 0.93
gamma_b: 0.99
vignette: -41
temp: 3152