tweet_id: 1690972901468413952
masto_id: 110886540738182829

n_iter: 276
ct: 173
hue_offset: 62
saturation: -0.13

num_attempts: 26
dur: 16
std: 83.67
size: 772117 (754.02 KiB)

xmin: -0.7879822440779081
xmax: -0.7869576539139737
ymin: 0.13363529260239226
ymax: 0.1342116245696054

contrast: 1.23
brightness: 0.16
saturation: 0.46
gamma: 1.09
gamma_r: 0.92
gamma_g: 0.94
gamma_b: 0.94
vignette: -43
temp: 6251