tweet_id: 1689950249199046656
masto_id: 110870561836249127

n_iter: 277
ct: 1
hue_offset: 66
saturation: -0.6

num_attempts: 494
dur: 603
std: 45.17
size: 1156807 (1.1 MiB)

xmin: -0.15540902403559187
xmax: -0.1452309069872458
ymin: -0.7580623381520375
ymax: -0.7523371473123428

contrast: 1.32
brightness: 0.1
saturation: 1.51
gamma: 1.08
gamma_r: 1.02
gamma_g: 1.05
gamma_b: 1.08
vignette: 12
temp: 3532