tweet_id: 1690584407294304256
masto_id: 110880470511621092

n_iter: 533
ct: 255
hue_offset: 237
saturation: 0.57

num_attempts: 300
dur: 601
std: 79.37
size: 1312005 (1.25 MiB)

xmin: -0.4914599188049924
xmax: -0.4861759029529448
ymin: 0.588883752918091
ymax: 0.5918560118348678

contrast: 1.3
brightness: 0.07
saturation: 1.41
gamma: 1.07
gamma_r: 1.03
gamma_g: 1.07
gamma_b: 1.08
vignette: -33
temp: 4742