tweet_id: 1690096018660925440
masto_id: 110872839498763403

n_iter: 413
ct: 12
hue_offset: 159
saturation: 0.33

num_attempts: 65
dur: 51
std: 21.7
size: 753875 (736.21 KiB)

xmin: -0.6537060282071399
xmax: -0.6505364560993744
ymin: -0.4542970673056351
ymax: -0.45251418299501706

contrast: 1.64
brightness: 0.04
saturation: 1.55
gamma: 1.05
gamma_r: 0.93
gamma_g: 1.04
gamma_b: 0.98
vignette: 21
temp: 2118