tweet_id: 1691007189974917120
masto_id: 110887076501042428

n_iter: 438
ct: 255
hue_offset: 212
saturation: 0.86

num_attempts: 305
dur: 600
std: 55.51
size: 712957 (696.25 KiB)

xmin: -0.28119794468438397
xmax: -0.2714892068203063
ymin: -0.7117192485171586
ymax: -0.706258083468615

contrast: 1.62
brightness: 0.08
saturation: 0.87
gamma: 0.97
gamma_r: 1.02
gamma_g: 1.02
gamma_b: 1.04
vignette: 8
temp: 6604