tweet_id: 1685019166489657344

n_iter: 444
ct: 108
hue_offset: 132
saturation: -0.1

num_attempts: 15
dur: 14
std: 58.2
size: 1827185 (1.74 MiB)

xmin: -0.49071428453190835
xmax: -0.31071428453190836
ymin: -1.0047183420519665
ymax: -0.9034683420519666

contrast: 1.36
brightness: 0.12
saturation: 1.64
gamma: 1.01
gamma_r: 0.96
gamma_g: 1.07
gamma_b: 0.97
vignette: -5
temp: 5242