tweet_id: 1688254374949031937
masto_id: 110844063820889311

n_iter: 235
ct: 11
hue_offset: 44
saturation: 0.64

num_attempts: 29
dur: 27
std: 26.56
size: 823278 (803.98 KiB)

xmin: 0.3469221097034305
xmax: 0.3480064143930483
ymin: -0.3623232111719873
ymax: -0.3617132897840773

contrast: 1.75
brightness: 0.0
saturation: 0.37
gamma: 0.93
gamma_r: 1.04
gamma_g: 0.97
gamma_b: 0.91
vignette: 26
temp: 3011