tweet_id: 1688293547823284224
masto_id: 110844675845856774

newton_power: 5
newton_const: 3

n_iter: 120
ct: 27
hue_offset: 47
saturation: -0.69

num_attempts: 98
dur: 601
std: 13.43
size: 1037585 (1013.27 KiB)

xmin: 0.425859674493553
xmax: 0.4448470162657049
ymin: 1.9637617642939555
ymax: 1.9744421440407909

contrast: 1.26
brightness: 0.18
saturation: 1.26
gamma: 0.93
gamma_r: 0.95
gamma_g: 1.02
gamma_b: 0.95
vignette: -8
temp: 3895