tweet_id: 1687409485638406144
masto_id: 110830862396244913

n_iter: 328
ct: 240
hue_offset: 320
saturation: -0.82

num_attempts: 28
dur: 15
std: 55.55
size: 1434098 (1.37 MiB)

xmin: -0.7100246194357336
xmax: -0.704802687320851
ymin: -0.2703943385470482
ymax: -0.2674570017324268

contrast: 0.8
brightness: 0.03
saturation: 1.48
gamma: 0.98
gamma_r: 1.02
gamma_g: 0.94
gamma_b: 1.07
vignette: -8
temp: 6237