tweet_id: 1689920039489515520
masto_id: 110870089842491039

n_iter: 562
ct: 1
hue_offset: 70
saturation: -0.44

num_attempts: 257
dur: 602
std: 70.42
size: 964804 (942.19 KiB)

xmin: 0.547279958784002
xmax: 0.5521879342441247
ymin: -0.386699641983141
ymax: -0.383938905786822

contrast: 0.82
brightness: 0.06
saturation: 1.16
gamma: 0.95
gamma_r: 1.08
gamma_g: 1.08
gamma_b: 0.93
vignette: -18
temp: 6979