tweet_id: 1685301405370724352

newton_power: 3
newton_const: 1

n_iter: 84
ct: 143
hue_offset: 213
saturation: -0.58

num_attempts: 4
dur: 10
std: 2.92
size: 764007 (746.1 KiB)

xmin: -1.2609693215575046
xmax: -1.0540727698333667
ymin: -1.734270060956264
ymax: -1.6178907506114364

contrast: 1.29
brightness: -0.1
saturation: 1.63
gamma: 1.09
gamma_r: 1.06
gamma_g: 1.01
gamma_b: 1.04
vignette: -18
temp: 7978