tweet_id: 1686109728227700737
masto_id: 110810553842568185

n_iter: 223
ct: 88
hue_offset: 315
saturation: 0.4

num_attempts: 12
dur: 6
std: 33.75
size: 608413 (594.15 KiB)

xmin: -1.1649654050471783
xmax: -1.1645578655667912
ymin: 0.18821413847003443
ymax: 0.18844337942775222

contrast: 0.98
brightness: 0.16
saturation: 0.95
gamma: 0.98
gamma_r: 0.91
gamma_g: 0.97
gamma_b: 0.99
vignette: -43
temp: 3619