tweet_id: 1688552479531880448
masto_id: 110848721663406489

n_iter: 242
ct: 217
hue_offset: 78
saturation: -0.54

num_attempts: 56
dur: 46
std: 24.96
size: 852037 (832.07 KiB)

xmin: -0.10066306881757336
xmax: 0.7993369311824267
ymin: -1.446898006424247
ymax: -0.940648006424247

contrast: 1.45
brightness: 0.05
saturation: 0.89
gamma: 0.98
gamma_r: 0.9
gamma_g: 0.91
gamma_b: 0.93
vignette: -37
temp: 5709