tweet_id: 1685207203823726592

n_iter: 418
ct: 209
hue_offset: 72
saturation: 0.32

num_attempts: 76
dur: 180
std: 11.56
size: 760586 (742.76 KiB)

xmin: -0.44812490955028617
xmax: -0.441578264705769
ymin: -0.019339681570425427
ymax: -0.01565719384538451

contrast: 1.3
brightness: 0.13
saturation: 1.21
gamma: 0.99
gamma_r: 1.01
gamma_g: 1.08
gamma_b: 0.96
vignette: 27
temp: 5315