tweet_id: 1684637143220580352

newton_power: 7
newton_const: -3

n_iter: 203
ct: 181
hue_offset: 224
saturation: -0.18

num_attempts: 7
dur: 45
std: 9.84
size: 739729 (722.39 KiB)

xmin: 0.3950297016923088
xmax: 0.40857371975099954
ymin: -0.3380190795756943
ymax: -0.33040056941768076

contrast: 1.36
brightness: 0.04
saturation: 1.1
gamma: 0.92
gamma_r: 0.96
gamma_g: 1.07
gamma_b: 1.03
vignette: -17
temp: 5025