tweet_id: 1688142641534267392
masto_id: 110842317903509532

newton_power: 5
newton_const: 1

n_iter: 92
ct: 108
hue_offset: 17
saturation: -0.09

num_attempts: 114
dur: 607
std: 9.33
size: 379422 (370.53 KiB)

xmin: -2.432710821013405
xmax: -2.4264543038079824
ymin: -1.4024319997885235
ymax: -1.3989127088604734

contrast: 1.33
brightness: 0.15
saturation: 1.17
gamma: 0.93
gamma_r: 1.04
gamma_g: 1.09
gamma_b: 0.95
vignette: -5
temp: 3034