tweet_id: 1690909376104562688
masto_id: 110885548043003031

n_iter: 465
ct: 161
hue_offset: 118
saturation: 0.66

num_attempts: 3
dur: 9
std: 43.44
size: 435943 (425.73 KiB)

xmin: -1.205172776162474
xmax: -0.08017277616247398
ymin: -0.8475101406304175
ymax: -0.21469764063041752

contrast: 1.31
brightness: 0.01
saturation: 0.28
gamma: 1.08
gamma_r: 1.06
gamma_g: 1.03
gamma_b: 1.04
vignette: -7
temp: 6095