tweet_id: 1689255919882731520
masto_id: 110859712962078295

n_iter: 172
ct: 100
hue_offset: 304
saturation: 0.36

num_attempts: 84
dur: 39
std: 16.41
size: 1248615 (1.19 MiB)

xmin: 0.3457857981819208
xmax: 0.34636660259603436
ymin: 0.5081001843312625
ymax: 0.5084268868142013

contrast: 1.18
brightness: 0.21
saturation: 1.72
gamma: 0.92
gamma_r: 0.94
gamma_g: 0.92
gamma_b: 1.07
vignette: -39
temp: 3941