tweet_id: 1689044251051433984
masto_id: 110856405611300422

n_iter: 583
ct: 1
hue_offset: 174
saturation: -0.54

num_attempts: 247
dur: 608
std: 67.44
size: 1073259 (1.02 MiB)

xmin: 0.5444860594390248
xmax: 0.5506972395632485
ymin: 0.6123857902546863
ymax: 0.6158795790745621

contrast: 0.74
brightness: -0.01
saturation: 1.56
gamma: 0.93
gamma_r: 0.99
gamma_g: 1.01
gamma_b: 1.03
vignette: -31
temp: 5739