tweet_id: 1684476105019871234

n_iter: 407
ct: 115
hue_offset: 7
saturation: -0.7

num_attempts: 1
dur: 0
std: 29.06
size: 1400609 (1.34 MiB)

xmin: -0.5018660159760082
xmax: -0.4200478341578264
ymin: -1.0556995951067805
ymax: -1.0096768678340533

contrast: 0.74
brightness: -0.04
saturation: 1.53
gamma: 1.05
gamma_r: 1.02
gamma_g: 1.04
gamma_b: 1.07
vignette: -14
temp: 4504