tweet_id: 1689471494550650880
masto_id: 110863081340002620

newton_power: 3
newton_const: 3

n_iter: 163
ct: 46
hue_offset: 119
saturation: -0.11

num_attempts: 293
dur: 600
std: 3.75
size: 780707 (762.41 KiB)

xmin: 0.25525132199949363
xmax: 0.2647751315233032
ymin: 0.16909249725253872
ymax: 0.1744496401096816

contrast: 0.78
brightness: -0.01
saturation: 1.72
gamma: 1.04
gamma_r: 1.06
gamma_g: 1.0
gamma_b: 0.91
vignette: -13
temp: 5928