tweet_id: 1686176525253574656
masto_id: 110811597394821055

n_iter: 416
ct: 22
hue_offset: 248
saturation: -0.64

num_attempts: 9
dur: 10
std: 53.21
size: 1087886 (1.04 MiB)

xmin: -0.9927178449860694
xmax: -0.9123607021289265
ymin: -0.5613562804641516
ymax: -0.5161553876070087

contrast: 0.83
brightness: 0.02
saturation: 1.22
gamma: 1.02
gamma_r: 1.03
gamma_g: 1.0
gamma_b: 1.04
vignette: 10
temp: 7631