tweet_id: 1691436088114532352
masto_id: 110893778025960943

newton_power: 6
newton_const: 7

n_iter: 186
ct: 128
hue_offset: 268
saturation: 0.7

num_attempts: 92
dur: 602
std: 15.7
size: 801160 (782.38 KiB)

xmin: 0.2085467117289137
xmax: 0.7540012571834591
ymin: 0.7771611953833348
ymax: 1.0839793772015165

contrast: 1.25
brightness: -0.01
saturation: 1.14
gamma: 0.98
gamma_r: 1.03
gamma_g: 1.07
gamma_b: 1.02
vignette: 3
temp: 2960