tweet_id: 1685059889150791681

newton_power: 5
newton_const: 10

n_iter: 189
ct: 248
hue_offset: 223
saturation: 0.93

num_attempts: 8
dur: 35
std: 6.92
size: 759295 (741.5 KiB)

xmin: 0.7379738077019997
xmax: 0.7640607642237388
ymin: -1.4683416932291373
ymax: -1.453667780185659

contrast: 0.91
brightness: 0.22
saturation: 1.18
gamma: 0.91
gamma_r: 1.06
gamma_g: 1.09
gamma_b: 0.95
vignette: -44
temp: 2592