tweet_id: 1688807027571884032
masto_id: 110852699066063593

newton_power: 7
newton_const: -3

n_iter: 70
ct: 107
hue_offset: 197
saturation: 0.94

num_attempts: 68
dur: 603
std: 15.45
size: 962409 (939.85 KiB)

xmin: 2.719565074984657
xmax: 2.730971919091121
ymin: 1.206911007643706
ymax: 1.2133273574535919

contrast: 0.86
brightness: -0.04
saturation: 1.38
gamma: 1.06
gamma_r: 0.95
gamma_g: 1.05
gamma_b: 1.09
vignette: 16
temp: 5454