tweet_id: 1690825990476615680
masto_id: 110884245291824086

n_iter: 421
ct: 255
hue_offset: 171
saturation: -0.48

num_attempts: 346
dur: 605
std: 54.45
size: 823036 (803.75 KiB)

xmin: -0.5177085903261607
xmax: -0.5002413414178637
ymin: 0.4491719949125168
ymax: 0.45899732242343383

contrast: 1.46
brightness: 0.19
saturation: 1.43
gamma: 0.93
gamma_r: 1.04
gamma_g: 0.99
gamma_b: 0.9
vignette: 23
temp: 4389