tweet_id: 1689376402208944128
masto_id: 110861595506110300

n_iter: 595
ct: 255
hue_offset: 21
saturation: -0.33

num_attempts: 196
dur: 600
std: 98.0
size: 619575 (605.05 KiB)

xmin: -0.0902221439614288
xmax: -0.08569725708360075
ymin: 0.7643931986207804
ymax: 0.7669384474895586

contrast: 1.2
brightness: 0.19
saturation: 1.14
gamma: 0.93
gamma_r: 1.0
gamma_g: 1.0
gamma_b: 0.97
vignette: -2
temp: 4918