tweet_id: 1689704652575551489
masto_id: 110866724346645110

n_iter: 480
ct: 212
hue_offset: 226
saturation: 0.61

num_attempts: 59
dur: 60
std: 93.94
size: 1819509 (1.74 MiB)

xmin: -0.7223530200033914
xmax: -0.7219409037866182
ymin: 0.20116442962611414
ymax: 0.20139624499804903

contrast: 0.89
brightness: -0.05
saturation: 1.66
gamma: 1.0
gamma_r: 0.93
gamma_g: 1.07
gamma_b: 1.07
vignette: -30
temp: 6273