tweet_id: 1686119248773480448
masto_id: 110810702520636769

newton_power: 5
newton_const: -8

n_iter: 91
ct: 151
hue_offset: 197
saturation: 0.21

num_attempts: 93
dur: 603
std: 13.13
size: 864846 (844.58 KiB)

xmin: 1.9537588360201585
xmax: 1.9613060058314793
ymin: -1.494161585843915
ymax: -1.489916302825047

contrast: 1.01
brightness: 0.04
saturation: 0.52
gamma: 1.04
gamma_r: 0.92
gamma_g: 0.96
gamma_b: 0.99
vignette: -17
temp: 6037