tweet_id: 1688432263422414849
masto_id: 110846843276745024

n_iter: 473
ct: 94
hue_offset: 70
saturation: -0.44

num_attempts: 8
dur: 6
std: 35.03
size: 1800746 (1.72 MiB)

xmin: -0.8576793656699575
xmax: -0.7576793656699575
ymin: -0.8494898063434857
ymax: -0.7932398063434857

contrast: 1.36
brightness: 0.08
saturation: 1.25
gamma: 1.02
gamma_r: 0.98
gamma_g: 1.05
gamma_b: 0.94
vignette: -5
temp: 5149