tweet_id: 1688108050463289345
masto_id: 110841777435901180

n_iter: 342
ct: 1
hue_offset: 170
saturation: 0.15

num_attempts: 371
dur: 603
std: 51.4
size: 754655 (736.97 KiB)

xmin: 0.4334105480043333
xmax: 0.4486777235768524
ymin: 0.5562628011707074
ymax: 0.5648505874302494

contrast: 0.94
brightness: -0.02
saturation: 1.49
gamma: 0.99
gamma_r: 1.05
gamma_g: 1.1
gamma_b: 1.04
vignette: 11
temp: 7732