tweet_id: 1684324382296903680

n_iter: 507
ct: 1
hue_offset: 71
saturation: 0.1

num_attempts: 18
dur: 19
std: 41.91
size: 1119581 (1.07 MiB)

xmin: -0.6773435096695497
xmax: -0.6318889642150043
ymin: -0.8836935933972054
ymax: -0.8581254115790237

contrast: 0.82
brightness: -0.0
saturation: 1.35
gamma: 0.98
gamma_r: 1.06
gamma_g: 1.07
gamma_b: 1.1
vignette: 0
temp: 2245