tweet_id: 1688583076052705280
masto_id: 110849199695886095

n_iter: 345
ct: 178
hue_offset: 114
saturation: 0.35

num_attempts: 17
dur: 16
std: 52.58
size: 1848967 (1.76 MiB)

xmin: -0.6572236299055811
xmax: -0.4615714559925377
ymin: -0.8951677840802801
ymax: -0.7851134362541932

contrast: 1.22
brightness: 0.15
saturation: 1.09
gamma: 0.98
gamma_r: 1.05
gamma_g: 1.09
gamma_b: 0.94
vignette: 25
temp: 4601