tweet_id: 1690191811682172928
masto_id: 110874336142500872

n_iter: 432
ct: 255
hue_offset: 132
saturation: 0.58

num_attempts: 415
dur: 600
std: 68.18
size: 566106 (552.84 KiB)

xmin: -0.11420001833750848
xmax: -0.10059457616063773
ymin: -0.766081264099288
ymax: -0.7584282028747982

contrast: 1.58
brightness: 0.14
saturation: 0.88
gamma: 1.02
gamma_r: 1.09
gamma_g: 0.94
gamma_b: 1.09
vignette: 0
temp: 4682