tweet_id: 1685241270741131264

newton_power: 4
newton_const: 8

n_iter: 187
ct: 162
hue_offset: 33
saturation: -0.77

num_attempts: 13
dur: 64
std: 3.09
size: 618836 (604.33 KiB)

xmin: -0.104332626167559
xmax: -0.02325154508647792
ymin: 1.7404790348921608
ymax: 1.786087143000269

contrast: 0.94
brightness: -0.07
saturation: 1.57
gamma: 1.04
gamma_r: 0.99
gamma_g: 1.02
gamma_b: 1.07
vignette: 13
temp: 7731