tweet_id: 1689886377628798976
masto_id: 110869563787845377

n_iter: 463
ct: 148
hue_offset: 226
saturation: -0.69

num_attempts: 241
dur: 183
std: 70.49
size: 1531845 (1.46 MiB)

xmin: 0.012605744788957374
xmax: 0.013584936955420042
ymin: -0.6490815813718356
ymax: -0.6485307857782003

contrast: 1.39
brightness: 0.11
saturation: 0.82
gamma: 0.93
gamma_r: 0.96
gamma_g: 1.0
gamma_b: 1.04
vignette: 10
temp: 7668