tweet_id: 1684788274727194625

newton_power: 4
newton_const: -3

n_iter: 159
ct: 43
hue_offset: 230
saturation: 0.08

num_attempts: 13
dur: 69
std: 5.74
size: 1163010 (1.11 MiB)

xmin: -0.47133770046833856
xmax: -0.42656158106535347
ymin: -0.8794027915526159
ymax: -0.8542162243884368

contrast: 1.33
brightness: 0.2
saturation: 1.56
gamma: 0.92
gamma_r: 0.94
gamma_g: 0.93
gamma_b: 1.07
vignette: -39
temp: 6811