tweet_id: 1685476070382813185

n_iter: 276
ct: 112
hue_offset: 332
saturation: 0.64

num_attempts: 3
dur: 1
std: 26.63
size: 1275995 (1.22 MiB)

xmin: -1.7028904502414852
xmax: -0.5778904502414852
ymin: -1.217547543077582
ymax: -0.584735043077582

contrast: 1.19
brightness: 0.21
saturation: 1.14
gamma: 1.01
gamma_r: 0.99
gamma_g: 1.0
gamma_b: 0.91
vignette: -45
temp: 4351