tweet_id: 1684294464276135939

n_iter: 508
ct: 68
hue_offset: 70
saturation: 0.54

num_attempts: 10
dur: 17
std: 33.78
size: 814615 (795.52 KiB)

xmin: -2.075821030407648
xmax: -0.9508210304076479
ymin: -0.814166909161862
ymax: -0.18135440916186196

contrast: 1.31
brightness: -0.07
saturation: 1.36
gamma: 1.03
gamma_r: 0.99
gamma_g: 1.03
gamma_b: 1.0
vignette: 19
temp: 7403