tweet_id: 1684932490878668800

n_iter: 387
ct: 68
hue_offset: 242
saturation: -0.61

num_attempts: 72
dur: 49
std: 43.98
size: 1277146 (1.22 MiB)

xmin: -0.7997996677816872
xmax: -0.7946648795917001
ymin: -0.16480739549301293
ymax: -0.16191907713614515

contrast: 0.91
brightness: -0.1
saturation: 0.56
gamma: 0.94
gamma_r: 0.97
gamma_g: 0.98
gamma_b: 1.05
vignette: 30
temp: 3559