tweet_id: 1689973096219082752
masto_id: 110870918822165347

n_iter: 208
ct: 232
hue_offset: 219
saturation: -0.26

num_attempts: 1
dur: 1
std: 34.92
size: 1552266 (1.48 MiB)

xmin: -0.6290919197696596
xmax: -0.524440756978962
ymin: -0.8602235853227054
ymax: -0.8013573062529379

contrast: 1.07
brightness: 0.1
saturation: 0.85
gamma: 0.93
gamma_r: 1.03
gamma_g: 1.09
gamma_b: 1.08
vignette: -7
temp: 2503