tweet_id: 1689738801466220544
masto_id: 110867257838634301

n_iter: 590
ct: 255
hue_offset: 217
saturation: 0.32

num_attempts: 302
dur: 606
std: 81.42
size: 842890 (823.13 KiB)

xmin: 0.4384305946274605
xmax: 0.4475215037183696
ymin: 0.5644700370616635
ymax: 0.5695836734252999

contrast: 1.36
brightness: -0.07
saturation: 0.84
gamma: 0.9
gamma_r: 0.98
gamma_g: 1.07
gamma_b: 1.07
vignette: -38
temp: 2867