tweet_id: 1690640827205230592
masto_id: 110881352024968172

n_iter: 582
ct: 53
hue_offset: 176
saturation: 0.06

num_attempts: 171
dur: 252
std: 37.77
size: 585741 (572.01 KiB)

xmin: 0.21040949644721607
xmax: 0.2176690245778876
ymin: -0.5524684600968323
ymax: -0.5483849755233295

contrast: 1.06
brightness: 0.15
saturation: 0.8
gamma: 1.06
gamma_r: 1.02
gamma_g: 0.99
gamma_b: 1.06
vignette: -3
temp: 5882