tweet_id: 1689700326536781824
masto_id: 110866656814507368

n_iter: 388
ct: 103
hue_offset: 153
saturation: 0.75

num_attempts: 9
dur: 3
std: 26.61
size: 847849 (827.98 KiB)

xmin: -0.276118944898462
xmax: 1.223881055101538
ymin: -1.5565262836873057
ymax: -0.7127762836873057

contrast: 1.48
brightness: 0.18
saturation: 0.85
gamma: 1.04
gamma_r: 0.99
gamma_g: 0.97
gamma_b: 1.06
vignette: 22
temp: 3626