tweet_id: 1684697554976489472

newton_power: 7
newton_const: -1

n_iter: 193
ct: 34
hue_offset: 163
saturation: 0.39

num_attempts: 6
dur: 44
std: 17.64
size: 990432 (967.22 KiB)

xmin: -0.8159398491126035
xmax: -0.8075247018475264
ymin: -1.0907034534392106
ymax: -1.0859699331026047

contrast: 1.74
brightness: 0.02
saturation: 1.51
gamma: 1.06
gamma_r: 1.1
gamma_g: 1.0
gamma_b: 1.02
vignette: -12
temp: 7821