tweet_id: 1690946824830390272
masto_id: 110886133316272996

n_iter: 577
ct: 1
hue_offset: 176
saturation: -0.22

num_attempts: 285
dur: 605
std: 73.69
size: 769031 (751.01 KiB)

xmin: 0.07491619189112209
xmax: 0.08044869534893674
ymin: 1.1281159059376034
ymax: 1.131227939132624

contrast: 1.02
brightness: 0.21
saturation: 1.48
gamma: 0.93
gamma_r: 1.02
gamma_g: 1.05
gamma_b: 0.98
vignette: 8
temp: 7688