tweet_id: 1684425823967940609

newton_power: 5
newton_const: 7

n_iter: 223
ct: 153
hue_offset: 279
saturation: 0.74

num_attempts: 8
dur: 52
std: 8.61
size: 332729 (324.93 KiB)

xmin: 0.36921245598060004
xmax: 0.37955728356680696
ymin: -1.355260653574001
ymax: -1.3494416880567597

contrast: 1.47
brightness: -0.04
saturation: 1.58
gamma: 1.03
gamma_r: 0.99
gamma_g: 1.05
gamma_b: 1.0
vignette: 1
temp: 5913