tweet_id: 1691060371899965440
masto_id: 110887907415932718

n_iter: 360
ct: 253
hue_offset: 330
saturation: 0.58

num_attempts: 9
dur: 5
std: 27.94
size: 1517275 (1.45 MiB)

xmin: -1.3093067523773114
xmax: -1.2530567523773115
ymin: -0.4343601893990925
ymax: -0.4027195643990925

contrast: 1.62
brightness: 0.03
saturation: 1.24
gamma: 0.95
gamma_r: 0.99
gamma_g: 0.95
gamma_b: 0.97
vignette: -7
temp: 6618