tweet_id: 1685210905011720192

newton_power: 3
newton_const: -5

n_iter: 174
ct: 25
hue_offset: 116
saturation: -0.78

num_attempts: 18
dur: 40
std: 3.5
size: 829666 (810.22 KiB)

xmin: 1.1589863272235936
xmax: 1.1721731404104068
ymin: -1.5232849166153426
ymax: -1.5158673341977602

contrast: 1.76
brightness: 0.04
saturation: 1.2
gamma: 1.06
gamma_r: 1.03
gamma_g: 1.07
gamma_b: 0.96
vignette: 33
temp: 7932