tweet_id: 1684663004548456450

n_iter: 399
ct: 97
hue_offset: 33
saturation: -0.72

num_attempts: 16
dur: 27
std: 29.19
size: 970731 (947.98 KiB)

xmin: -0.5695357567263959
xmax: -0.5480303803823099
ymin: 0.13547147051444441
ymax: 0.1475682447079928

contrast: 1.31
brightness: 0.13
saturation: 0.32
gamma: 0.94
gamma_r: 1.07
gamma_g: 1.03
gamma_b: 0.96
vignette: -43
temp: 5349