tweet_id: 1684480714706673666

n_iter: 672
ct: 190
hue_offset: 247
saturation: 0.03

num_attempts: 178
dur: 192
std: 77.5
size: 586876 (573.12 KiB)

xmin: -0.03638460840093227
xmax: -0.03415619614466486
ymin: -0.7081347810000842
ymax: -0.7068812991059338

contrast: 1.52
brightness: 0.22
saturation: 1.17
gamma: 0.91
gamma_r: 1.07
gamma_g: 0.91
gamma_b: 1.0
vignette: 21
temp: 7378