tweet_id: 1685053487019593728

n_iter: 720
ct: 78
hue_offset: 27
saturation: -0.68

num_attempts: 37
dur: 75
std: 29.28
size: 369997 (361.33 KiB)

xmin: -1.214308039578818
xmax: -1.2130505733732222
ymin: -0.13970446295106465
ymax: -0.13899713821041704

contrast: 1.46
brightness: 0.14
saturation: 1.12
gamma: 1.09
gamma_r: 1.09
gamma_g: 0.95
gamma_b: 0.91
vignette: -2
temp: 2661