tweet_id: 1685723457454276608
masto_id: 110804518268548614

n_iter: 180
ct: 61
hue_offset: 70
saturation: 0.05

num_attempts: 24
dur: 11
std: 29.98
size: 1521437 (1.45 MiB)

xmin: -0.493682720501218
xmax: -0.268682720501218
ymin: -0.9430113734341818
ymax: -0.8164488734341818

contrast: 1.09
brightness: 0.2
saturation: 0.8
gamma: 1.03
gamma_r: 0.95
gamma_g: 1.09
gamma_b: 0.99
vignette: -14
temp: 3326