tweet_id: 1686875351488565248
masto_id: 110822516529924797

newton_power: 6
newton_const: 0

n_iter: 145
ct: 103
hue_offset: 317
saturation: 0.27

num_attempts: 90
dur: 857
std: 0.5
size: 65791 (64.25 KiB)

xmin: -2.1210635738907206
xmax: -2.0956398450771614
ymin: -0.6955637056078072
ymax: -0.6812628581501801

contrast: 0.77
brightness: 0.14
saturation: 0.37
gamma: 1.09
gamma_r: 1.03
gamma_g: 1.03
gamma_b: 1.08
vignette: -1
temp: 5195