tweet_id: 1689199554795556864
masto_id: 110858832229919728

newton_power: 5
newton_const: -3

n_iter: 198
ct: 214
hue_offset: 352
saturation: 0.66

num_attempts: 103
dur: 603
std: 12.09
size: 524939 (512.64 KiB)

xmin: -2.276441560289766
xmax: -2.2280544635155723
ymin: -0.29061404611599695
ymax: -0.2633963041805131

contrast: 1.6
brightness: -0.03
saturation: 1.45
gamma: 0.92
gamma_r: 0.97
gamma_g: 0.92
gamma_b: 1.02
vignette: 4
temp: 3284