tweet_id: 1686451434722574352
masto_id: 110815892887850253

newton_power: 5
newton_const: -5

n_iter: 112
ct: 182
hue_offset: 339
saturation: 0.83

num_attempts: 106
dur: 601
std: 12.21
size: 660062 (644.59 KiB)

xmin: 1.3505222106474006
xmax: 1.3598101363439952
ymin: 0.6515408741853959
ymax: 0.6567653323897302

contrast: 1.25
brightness: -0.09
saturation: 1.68
gamma: 0.99
gamma_r: 1.05
gamma_g: 0.93
gamma_b: 1.1
vignette: -16
temp: 4295