tweet_id: 1684989531328524303

n_iter: 423
ct: 160
hue_offset: 194
saturation: -0.63

num_attempts: 50
dur: 60
std: 55.48
size: 1395150 (1.33 MiB)

xmin: 0.22657705418559493
xmax: 0.5727309003394411
ymin: -1.2316707909935194
ymax: -1.0369592525319808

contrast: 0.77
brightness: 0.07
saturation: 1.28
gamma: 1.03
gamma_r: 0.99
gamma_g: 1.06
gamma_b: 0.98
vignette: -31
temp: 5316