tweet_id: 1688794529791447040
masto_id: 110852503669342763

n_iter: 403
ct: 133
hue_offset: 292
saturation: 0.76

num_attempts: 4
dur: 3
std: 62.98
size: 1753018 (1.67 MiB)

xmin: 0.4544460745010266
xmax: 0.5093241232815144
ymin: -1.1470231630376007
ymax: -1.1161542605985764

contrast: 1.07
brightness: -0.01
saturation: 1.59
gamma: 0.91
gamma_r: 0.98
gamma_g: 0.92
gamma_b: 1.05
vignette: -4
temp: 2134