tweet_id: 1687055461718134784
masto_id: 110825331008453777

newton_power: 5
newton_const: -2

n_iter: 201
ct: 220
hue_offset: 68
saturation: 0.76

num_attempts: 91
dur: 602
std: 11.26
size: 985425 (962.33 KiB)

xmin: 0.8895295252253619
xmax: 1.189529525225362
ymin: -0.8843817681048534
ymax: -0.7156317681048534

contrast: 1.57
brightness: 0.16
saturation: 0.82
gamma: 1.01
gamma_r: 0.92
gamma_g: 0.96
gamma_b: 1.03
vignette: 15
temp: 4265