tweet_id: 1685907870091464705
masto_id: 110807399741969643

newton_power: 5
newton_const: 8

n_iter: 229
ct: 146
hue_offset: 349
saturation: -0.69

num_attempts: 92
dur: 601
std: 9.77
size: 769070 (751.04 KiB)

xmin: -2.1843549510690448
xmax: -2.170466062180156
ymin: 1.753821505754742
ymax: 1.761634005754742

contrast: 1.24
brightness: 0.17
saturation: 0.64
gamma: 1.08
gamma_r: 0.99
gamma_g: 1.08
gamma_b: 1.01
vignette: -12
temp: 3022