tweet_id: 1686114955823648768
masto_id: 110810635302985828

n_iter: 280
ct: 253
hue_offset: 285
saturation: -0.6

num_attempts: 482
dur: 601
std: 51.53
size: 790075 (771.56 KiB)

xmin: 0.14090289712920656
xmax: 0.14885518341151271
ymin: 0.7508950496344213
ymax: 0.7553682106682186

contrast: 1.76
brightness: 0.15
saturation: 1.56
gamma: 0.95
gamma_r: 1.07
gamma_g: 0.97
gamma_b: 1.01
vignette: -8
temp: 5382