tweet_id: 1686931987037310976
masto_id: 110823401360640838

n_iter: 386
ct: 1
hue_offset: 200
saturation: 0.19

num_attempts: 315
dur: 601
std: 49.61
size: 290922 (284.1 KiB)

xmin: -0.21159096401359911
xmax: -0.2069071232641846
ymin: 0.7470301854245398
ymax: 0.7496648458460855

contrast: 1.4
brightness: 0.01
saturation: 0.51
gamma: 1.04
gamma_r: 0.92
gamma_g: 1.0
gamma_b: 1.0
vignette: 23
temp: 5978