tweet_id: 1689195603652382720
masto_id: 110858770572459556

n_iter: 403
ct: 255
hue_offset: 17
saturation: 0.69

num_attempts: 402
dur: 604
std: 57.08
size: 922106 (900.49 KiB)

xmin: 0.20522845023442216
xmax: 0.2121250019585601
ymin: -0.9283521666984483
ymax: -0.9244728563536208

contrast: 1.74
brightness: 0.19
saturation: 0.82
gamma: 1.09
gamma_r: 0.99
gamma_g: 1.0
gamma_b: 1.0
vignette: 5
temp: 7337