tweet_id: 1690377425946112000
masto_id: 110877236367099504

newton_power: 4
newton_const: 4

n_iter: 82
ct: 128
hue_offset: 104
saturation: -0.32

num_attempts: 116
dur: 611
std: 6.47
size: 271276 (264.92 KiB)

xmin: -1.2372514703481563
xmax: -0.3801086132052992
ymin: -0.07478428454129382
ymax: 0.4073585726015633

contrast: 1.54
brightness: 0.16
saturation: 0.34
gamma: 0.96
gamma_r: 1.06
gamma_g: 1.06
gamma_b: 1.08
vignette: 0
temp: 7927