tweet_id: 1687719797167943680
masto_id: 110835711035924419

newton_power: 6
newton_const: -4

n_iter: 191
ct: 119
hue_offset: 260
saturation: 0.32

num_attempts: 89
dur: 600
std: 14.16
size: 1319199 (1.26 MiB)

xmin: -1.2484222595819683
xmax: -1.2423308890235927
ymin: -0.6666571302437823
ymax: -0.6632307343046959

contrast: 1.74
brightness: 0.04
saturation: 0.55
gamma: 1.08
gamma_r: 1.02
gamma_g: 1.03
gamma_b: 0.99
vignette: -41
temp: 4835