tweet_id: 1686749119828672514
masto_id: 110820544207667496

n_iter: 546
ct: 255
hue_offset: 115
saturation: 0.02

num_attempts: 219
dur: 611
std: 49.49
size: 620320 (605.78 KiB)

xmin: -0.5746860824486917
xmax: -0.5492083754423223
ymin: -0.24949821986124676
ymax: -0.23516700967016396

contrast: 1.13
brightness: 0.21
saturation: 0.32
gamma: 0.97
gamma_r: 1.05
gamma_g: 1.05
gamma_b: 0.95
vignette: -14
temp: 5563