tweet_id: 1688103609861378048
masto_id: 110841707948960960

n_iter: 673
ct: 22
hue_offset: 195
saturation: 0.73

num_attempts: 90
dur: 121
std: 16.49
size: 332192 (324.41 KiB)

xmin: 0.11716956348789864
xmax: 0.11775324946484304
ymin: 0.6574099377562115
ymax: 0.6577382611182427

contrast: 0.94
brightness: 0.03
saturation: 1.22
gamma: 0.98
gamma_r: 1.09
gamma_g: 1.06
gamma_b: 0.98
vignette: 0
temp: 7602