tweet_id: 1686051254412230663
masto_id: 110809640099614316

n_iter: 488
ct: 83
hue_offset: 310
saturation: 0.59

num_attempts: 42
dur: 37
std: 56.17
size: 922966 (901.33 KiB)

xmin: 0.19583611263205913
xmax: 0.19916944596539246
ymin: 0.5440864583890141
ymax: 0.5459614583890141

contrast: 1.02
brightness: 0.2
saturation: 1.28
gamma: 1.02
gamma_r: 1.03
gamma_g: 0.93
gamma_b: 1.06
vignette: -46
temp: 3735