tweet_id: 1688259063908364289
masto_id: 110844137123919636

n_iter: 617
ct: 255
hue_offset: 244
saturation: 0.63

num_attempts: 279
dur: 600
std: 67.33
size: 740391 (723.04 KiB)

xmin: 0.015807535360422786
xmax: 0.02137856600109131
ymin: 1.1107872536015977
ymax: 1.1139209583369738

contrast: 0.84
brightness: -0.08
saturation: 0.69
gamma: 1.08
gamma_r: 1.02
gamma_g: 1.09
gamma_b: 1.06
vignette: 23
temp: 3379