tweet_id: 1687986162600759296
masto_id: 110839872918053906

n_iter: 392
ct: 63
hue_offset: 334
saturation: -0.01

num_attempts: 26
dur: 22
std: 52.19
size: 860864 (840.69 KiB)

xmin: 0.21166875080757697
xmax: 0.5330973222361484
ymin: -1.2038078491797868
ymax: -1.0230042777512154

contrast: 1.64
brightness: 0.12
saturation: 1.69
gamma: 1.07
gamma_r: 0.92
gamma_g: 1.09
gamma_b: 0.92
vignette: -24
temp: 6657