tweet_id: 1684274667224195076

newton_power: 5
newton_const: -6

n_iter: 119
ct: 94
hue_offset: 114
saturation: 0.27

num_attempts: 3
dur: 21
std: 6.68
size: 948990 (926.75 KiB)

xmin: 1.1091178202045455
xmax: 1.1179283928917703
ymin: -1.038018010835629
ymax: -1.033062063699065

contrast: 1.68
brightness: 0.21
saturation: 0.32
gamma: 0.98
gamma_r: 0.93
gamma_g: 1.02
gamma_b: 1.01
vignette: -35
temp: 6532