tweet_id: 1685321277756620800

n_iter: 215
ct: 148
hue_offset: 318
saturation: -0.18

num_attempts: 2
dur: 0
std: 24.96
size: 1137904 (1.09 MiB)

xmin: -0.7585499471871817
xmax: -0.7043330797173022
ymin: -0.9473523183887156
ymax: -0.9168553304369084

contrast: 1.26
brightness: 0.01
saturation: 0.63
gamma: 0.94
gamma_r: 0.91
gamma_g: 0.97
gamma_b: 0.98
vignette: -1
temp: 2418