tweet_id: 1687538658465996800
masto_id: 110832880773383627

newton_power: 7
newton_const: -9

n_iter: 199
ct: 122
hue_offset: 119
saturation: 0.71

num_attempts: 60
dur: 603
std: 14.59
size: 1054957 (1.01 MiB)

xmin: -0.9360162860265926
xmax: -0.9268419740999871
ymin: 0.7413100684507219
ymax: 0.7464706189094374

contrast: 1.71
brightness: 0.14
saturation: 1.12
gamma: 1.07
gamma_r: 1.05
gamma_g: 0.94
gamma_b: 1.02
vignette: 21
temp: 4705