tweet_id: 1685543093872005120

newton_power: 7
newton_const: -4

n_iter: 256
ct: 162
hue_offset: 178
saturation: -0.59

num_attempts: 3
dur: 34
std: 10.81
size: 944387 (922.25 KiB)

xmin: 0.2939161226043927
xmax: 0.30283142721063344
ymin: 1.5471072786071902
ymax: 1.5521221374482006

contrast: 1.6
brightness: 0.15
saturation: 1.61
gamma: 1.03
gamma_r: 1.02
gamma_g: 0.93
gamma_b: 1.1
vignette: -43
temp: 4720