tweet_id: 1684911214608957440

newton_power: 3
newton_const: -5

n_iter: 69
ct: 240
hue_offset: 26
saturation: 0.44

num_attempts: 6
dur: 11
std: 3.9
size: 440825 (430.49 KiB)

xmin: -2.7890175129405366
xmax: -1.5890175129405366
ymin: -0.287812610283408
ymax: 0.38718738971659195

contrast: 1.46
brightness: -0.05
saturation: 1.66
gamma: 1.02
gamma_r: 1.06
gamma_g: 1.01
gamma_b: 1.05
vignette: -29
temp: 6733