tweet_id: 1689102667308478465
masto_id: 110857318441262374

n_iter: 309
ct: 239
hue_offset: 33
saturation: -0.71

num_attempts: 18
dur: 7
std: 19.93
size: 799724 (780.98 KiB)

xmin: -0.19461822174740773
xmax: -0.19420194533987312
ymin: -0.8182101315901498
ymax: -0.8179759761109116

contrast: 0.88
brightness: -0.05
saturation: 1.43
gamma: 1.04
gamma_r: 1.07
gamma_g: 1.05
gamma_b: 0.96
vignette: 14
temp: 6276