tweet_id: 1685865109720268801
masto_id: 110806731489665902

n_iter: 226
ct: 164
hue_offset: 151
saturation: -0.78

num_attempts: 2
dur: 0
std: 25.77
size: 1788509 (1.71 MiB)

xmin: 0.7199133650140963
xmax: 0.766305117591416
ymin: -1.1910925609441834
ymax: -1.164997200119441

contrast: 1.66
brightness: 0.07
saturation: 1.56
gamma: 0.97
gamma_r: 0.96
gamma_g: 1.0
gamma_b: 0.94
vignette: -20
temp: 7985