tweet_id: 1688764107745316866
masto_id: 110852028454376069

n_iter: 246
ct: 140
hue_offset: 216
saturation: -0.75

num_attempts: 4
dur: 3
std: 27.61
size: 1234760 (1.18 MiB)

xmin: -0.6641813686225737
xmax: -0.6157942718483802
ymin: -0.7307073375834516
ymax: -0.7034895956479678

contrast: 1.04
brightness: 0.09
saturation: 1.46
gamma: 0.9
gamma_r: 0.98
gamma_g: 1.02
gamma_b: 0.98
vignette: -15
temp: 2727