tweet_id: 1685841812424912896
masto_id: 110806367412876055

n_iter: 188
ct: 110
hue_offset: 353
saturation: -0.93

num_attempts: 35
dur: 16
std: 29.46
size: 435272 (425.07 KiB)

xmin: -0.7833091369592962
xmax: -0.7525399061900654
ymin: 0.0796512247064931
ymax: 0.09695891701418541

contrast: 1.09
brightness: 0.01
saturation: 1.13
gamma: 0.97
gamma_r: 0.99
gamma_g: 1.02
gamma_b: 1.03
vignette: -13
temp: 7128