tweet_id: 1690372977001402368
masto_id: 110877166921102250

n_iter: 398
ct: 255
hue_offset: 17
saturation: 0.1

num_attempts: 398
dur: 600
std: 75.5
size: 1086501 (1.04 MiB)

xmin: -0.2879868838440598
xmax: -0.28349754602138866
ymin: -0.7069021355663805
ymax: -0.704376883041128

contrast: 0.77
brightness: 0.18
saturation: 1.05
gamma: 0.9
gamma_r: 0.94
gamma_g: 0.96
gamma_b: 1.0
vignette: 26
temp: 5054