tweet_id: 1684328648269262848

n_iter: 229
ct: 48
hue_offset: 49
saturation: -0.66

num_attempts: 75
dur: 48
std: 38.86
size: 1663453 (1.59 MiB)

xmin: -0.14147424277396903
xmax: -0.14092891216728873
ymin: -0.86337754320856
ymax: -0.8630707947423023

contrast: 1.76
brightness: 0.11
saturation: 0.55
gamma: 1.07
gamma_r: 0.94
gamma_g: 1.0
gamma_b: 0.98
vignette: 21
temp: 5427