tweet_id: 1690218185994162176
masto_id: 110874748334102864

n_iter: 451
ct: 114
hue_offset: 58
saturation: 0.4

num_attempts: 223
dur: 222
std: 80.26
size: 1462477 (1.39 MiB)

xmin: 0.3723051355277325
xmax: 0.3727500743486446
ymin: -0.27747690118960777
ymax: -0.2772266231028447

contrast: 1.5
brightness: 0.21
saturation: 1.47
gamma: 1.06
gamma_r: 0.92
gamma_g: 1.09
gamma_b: 0.99
vignette: 26
temp: 6929