tweet_id: 1688112526456721408
masto_id: 110841847471768949

newton_power: 7
newton_const: -4

n_iter: 194
ct: 255
hue_offset: 23
saturation: -0.79

num_attempts: 52
dur: 628
std: 27.52
size: 1059958 (1.01 MiB)

xmin: -0.6278524799332441
xmax: -0.3778524799332441
ymin: 0.64887625843062
ymax: 0.78950125843062

contrast: 1.16
brightness: 0.06
saturation: 0.32
gamma: 0.94
gamma_r: 1.02
gamma_g: 1.0
gamma_b: 0.94
vignette: -44
temp: 2377