tweet_id: 1688859649552871424
masto_id: 110853521474253585

n_iter: 666
ct: 117
hue_offset: 15
saturation: 0.6

num_attempts: 104
dur: 148
std: 54.04
size: 519313 (507.14 KiB)

xmin: -0.3758596263469687
xmax: -0.3679073400646625
ymin: -0.6208178672798365
ymax: -0.6163447062460392

contrast: 1.36
brightness: 0.22
saturation: 0.51
gamma: 1.05
gamma_r: 1.02
gamma_g: 1.09
gamma_b: 0.92
vignette: -21
temp: 2253