tweet_id: 1687715543736856576
masto_id: 110835644453694353

n_iter: 498
ct: 255
hue_offset: 39
saturation: 0.63

num_attempts: 267
dur: 608
std: 75.44
size: 1107847 (1.06 MiB)

xmin: -0.15021979731724433
xmax: -0.14125118745177348
ymin: 1.0975467704925963
ymax: 1.1025916135419236

contrast: 1.74
brightness: 0.06
saturation: 0.84
gamma: 0.92
gamma_r: 0.98
gamma_g: 1.05
gamma_b: 1.01
vignette: -24
temp: 3680