tweet_id: 1688988197219430400
masto_id: 110855529811363934

newton_power: 7
newton_const: 10

n_iter: 243
ct: 216
hue_offset: 61
saturation: 0.48

num_attempts: 58
dur: 604
std: 20.11
size: 1173582 (1.12 MiB)

xmin: -0.061318823746974616
xmax: -0.0420262192453669
ymin: -1.2308102829231327
ymax: -1.2199581928909784

contrast: 0.72
brightness: -0.05
saturation: 1.31
gamma: 1.01
gamma_r: 1.06
gamma_g: 0.98
gamma_b: 1.01
vignette: -39
temp: 5924