tweet_id: 1689229804124680192
masto_id: 110859304894787845

newton_power: 7
newton_const: 3

n_iter: 103
ct: 110
hue_offset: 270
saturation: -0.27

num_attempts: 56
dur: 602
std: 29.92
size: 208152 (203.27 KiB)

xmin: 0.057836222713377516
xmax: 0.09979426467141947
ymin: 0.03786502682380055
ymax: 0.06146642542519916

contrast: 1.26
brightness: 0.2
saturation: 1.68
gamma: 0.94
gamma_r: 1.08
gamma_g: 1.01
gamma_b: 0.98
vignette: 1
temp: 2657