tweet_id: 1687652573111533568
masto_id: 110834660742680683

n_iter: 807
ct: 56
hue_offset: 0
saturation: -0.52

num_attempts: 50
dur: 74
std: 104.59
size: 1662016 (1.59 MiB)

xmin: 0.1995719430139955
xmax: 0.20001237463698604
ymin: -0.5547850459801832
ymax: -0.554537303192251

contrast: 1.51
brightness: 0.1
saturation: 0.64
gamma: 1.09
gamma_r: 0.97
gamma_g: 0.95
gamma_b: 1.07
vignette: -12
temp: 5068