tweet_id: 1689773351613747200
masto_id: 110867797822318205

newton_power: 4
newton_const: -7

n_iter: 171
ct: 156
hue_offset: 34
saturation: 0.21

num_attempts: 122
dur: 603
std: 8.46
size: 482766 (471.45 KiB)

xmin: -2.6028603951264437
xmax: -2.5844554871509837
ymin: 1.966796851009319
ymax: 1.9771496117455154

contrast: 0.72
brightness: -0.09
saturation: 1.04
gamma: 1.03
gamma_r: 0.91
gamma_g: 0.99
gamma_b: 0.93
vignette: 4
temp: 2159