tweet_id: 1685688125320757249

n_iter: 989
ct: 108
hue_offset: 98
saturation: -0.21

num_attempts: 28
dur: 26
std: 20.72
size: 314511 (307.14 KiB)

xmin: -0.9096715008891836
xmax: 1.0903284991108164
ymin: -1.0810662369222896
ymax: 0.04393376307771035

contrast: 1.34
brightness: 0.23
saturation: 1.45
gamma: 0.93
gamma_r: 0.96
gamma_g: 1.07
gamma_b: 1.04
vignette: 3
temp: 2570