tweet_id: 1690820395073716224
masto_id: 110884157877051922

n_iter: 538
ct: 62
hue_offset: 286
saturation: -0.35

num_attempts: 17
dur: 13
std: 25.46
size: 1427795 (1.36 MiB)

xmin: 0.4086383609390407
xmax: 0.409224012476376
ymin: 0.22996667066884013
ymax: 0.23029609965859124

contrast: 0.8
brightness: -0.03
saturation: 0.49
gamma: 0.99
gamma_r: 1.08
gamma_g: 1.06
gamma_b: 0.93
vignette: 27
temp: 2760