tweet_id: 1684544218876841984

n_iter: 788
ct: 189
hue_offset: 69
saturation: 0.35

num_attempts: 6
dur: 25
std: 15.36
size: 218324 (213.21 KiB)

xmin: 0.3888445856930196
xmax: 0.3902949120164424
ymin: -0.18500788947019797
ymax: -0.18419208091327266

contrast: 0.82
brightness: -0.03
saturation: 0.73
gamma: 1.05
gamma_r: 0.98
gamma_g: 0.98
gamma_b: 0.91
vignette: -1
temp: 2683