tweet_id: 1691451351971385344
masto_id: 110894016588332479

n_iter: 355
ct: 67
hue_offset: 281
saturation: 0.98

num_attempts: 3
dur: 2
std: 25.94
size: 599989 (585.93 KiB)

xmin: -2.3915397969550964
xmax: -0.14153979695509644
ymin: -1.3701196130842048
ymax: -0.10449461308420482

contrast: 1.28
brightness: -0.03
saturation: 1.68
gamma: 1.01
gamma_r: 1.03
gamma_g: 0.98
gamma_b: 0.94
vignette: 12
temp: 7783