tweet_id: 1684596679020822533

n_iter: 392
ct: 207
hue_offset: 50
saturation: 0.83

num_attempts: 23
dur: 14
std: 37.97
size: 996878 (973.51 KiB)

xmin: 0.6823904042483337
xmax: 0.9073904042483337
ymin: -1.214361857750538
ymax: -1.087799357750538

contrast: 1.47
brightness: 0.05
saturation: 0.89
gamma: 1.08
gamma_r: 0.95
gamma_g: 0.99
gamma_b: 0.94
vignette: -8
temp: 5047