tweet_id: 1690131378187194368
masto_id: 110873391886406915

n_iter: 442
ct: 255
hue_offset: 67
saturation: -0.65

num_attempts: 394
dur: 600
std: 71.34
size: 844393 (824.6 KiB)

xmin: 0.09320271710000139
xmax: 0.09794767558161467
ymin: -1.1287995315480102
ymax: -1.1261304924021027

contrast: 1.04
brightness: -0.03
saturation: 0.93
gamma: 1.08
gamma_r: 0.95
gamma_g: 1.07
gamma_b: 0.99
vignette: -25
temp: 2999