tweet_id: 1691626651208085744
masto_id: 110896755639437607

newton_power: 6
newton_const: 2

n_iter: 79
ct: 59
hue_offset: 98
saturation: -0.78

num_attempts: 74
dur: 603
std: 12.33
size: 1296064 (1.24 MiB)

xmin: 0.07436997701580461
xmax: 0.08142880054521638
ymin: -0.5798167186609438
ymax: -0.5758461304256496

contrast: 1.26
brightness: 0.13
saturation: 1.24
gamma: 0.97
gamma_r: 1.08
gamma_g: 1.01
gamma_b: 1.06
vignette: 29
temp: 4671