tweet_id: 1684993165252497408

n_iter: 358
ct: 8
hue_offset: 63
saturation: -0.61

num_attempts: 51
dur: 36
std: 51.64
size: 1149138 (1.1 MiB)

xmin: -0.5484024353873811
xmax: -0.5476788463859339
ymin: -0.4937163686481636
ymax: -0.49330934983484953

contrast: 1.8
brightness: 0.17
saturation: 1.08
gamma: 1.08
gamma_r: 0.98
gamma_g: 1.06
gamma_b: 0.96
vignette: 15
temp: 3872