tweet_id: 1684376709657948162

n_iter: 568
ct: 92
hue_offset: 127
saturation: -0.07

num_attempts: 102
dur: 106
std: 55.13
size: 1079886 (1.03 MiB)

xmin: -1.1117598734588912
xmax: -1.1112523880490968
ymin: 0.24870647833896542
ymax: 0.2489919388819748

contrast: 0.92
brightness: 0.1
saturation: 1.0
gamma: 1.07
gamma_r: 1.01
gamma_g: 1.08
gamma_b: 1.08
vignette: -23
temp: 3751