tweet_id: 1687827245371392001
masto_id: 110837389801520737

n_iter: 472
ct: 252
hue_offset: 191
saturation: -0.92

num_attempts: 2
dur: 9
std: 32.03
size: 432564 (422.43 KiB)

xmin: -1.3509367627102409
xmax: -1.2932444550179332
ymin: -0.2522854168879727
ymax: -0.2198334938110496

contrast: 1.73
brightness: 0.18
saturation: 1.26
gamma: 0.93
gamma_r: 1.1
gamma_g: 1.02
gamma_b: 0.95
vignette: -42
temp: 3423