tweet_id: 1690636527540334593
masto_id: 110881284917117412

n_iter: 389
ct: 253
hue_offset: 266
saturation: -0.36

num_attempts: 26
dur: 34
std: 51.32
size: 1256191 (1.2 MiB)

xmin: -0.013410997908267497
xmax: 0.10501005472331144
ymin: -1.0780879036060824
ymax: -1.0114760615008194

contrast: 1.14
brightness: 0.18
saturation: 0.51
gamma: 1.08
gamma_r: 0.98
gamma_g: 1.08
gamma_b: 1.07
vignette: -40
temp: 3516