tweet_id: 1688621500277071872
masto_id: 110849800034169741

n_iter: 281
ct: 1
hue_offset: 174
saturation: 0.15

num_attempts: 443
dur: 605
std: 42.56
size: 514792 (502.73 KiB)

xmin: -0.2764275926398283
xmax: -0.2582457744580101
ymin: -0.7261610985553651
ymax: -0.7159338258280924

contrast: 1.38
brightness: 0.12
saturation: 1.28
gamma: 0.93
gamma_r: 1.05
gamma_g: 0.99
gamma_b: 1.09
vignette: 25
temp: 4186