tweet_id: 1687276864597823488
masto_id: 110828790455779798

n_iter: 395
ct: 19
hue_offset: 111
saturation: 0.79

num_attempts: 37
dur: 36
std: 16.44
size: 870238 (849.84 KiB)

xmin: -0.48377697079171833
xmax: -0.483285992517507
ymin: 0.6117842775158995
ymax: 0.6120604527951433

contrast: 0.72
brightness: 0.07
saturation: 1.64
gamma: 1.05
gamma_r: 0.94
gamma_g: 1.0
gamma_b: 0.95
vignette: -33
temp: 5216