tweet_id: 1689466230821048321
masto_id: 110862998910469728

n_iter: 279
ct: 101
hue_offset: 24
saturation: -0.47

num_attempts: 35
dur: 19
std: 34.09
size: 433756 (423.59 KiB)

xmin: -0.7090155562703804
xmax: -0.6887109877424616
ymin: -0.3110017101509831
ymax: -0.2995803903540288

contrast: 0.9
brightness: 0.23
saturation: 1.72
gamma: 0.99
gamma_r: 0.96
gamma_g: 1.0
gamma_b: 0.99
vignette: 9
temp: 5903