tweet_id: 1684264526642806805

n_iter: 363
ct: 89
hue_offset: 115
saturation: -0.14

num_attempts: 9
dur: 6
std: 37.94
size: 1236691 (1.18 MiB)

xmin: 0.45220183461723185
xmax: 1.0147018346172318
ymin: -1.3471844249762641
ymax: -1.0307781749762641

contrast: 1.28
brightness: -0.06
saturation: 1.28
gamma: 0.96
gamma_r: 0.93
gamma_g: 0.99
gamma_b: 0.96
vignette: 18
temp: 3720