tweet_id: 1688772471414300672
masto_id: 110852159060530846

n_iter: 453
ct: 255
hue_offset: 86
saturation: 0.56

num_attempts: 296
dur: 601
std: 72.72
size: 1436472 (1.37 MiB)

xmin: 0.37517252428975256
xmax: 0.3843258423675558
ymin: 0.6351440339549925
ymax: 0.6402927753737568

contrast: 0.94
brightness: 0.05
saturation: 1.4
gamma: 1.01
gamma_r: 1.0
gamma_g: 1.03
gamma_b: 1.07
vignette: -15
temp: 5698