tweet_id: 1684781731423903745

n_iter: 687
ct: 170
hue_offset: 319
saturation: 0.48

num_attempts: 6
dur: 4
std: 111.13
size: 1984285 (1.89 MiB)

xmin: -1.1722530577895127
xmax: -1.1712767336498984
ymin: 0.18685111627589346
ymax: 0.18740029860442653

contrast: 1.02
brightness: -0.07
saturation: 0.37
gamma: 0.9
gamma_r: 1.02
gamma_g: 1.0
gamma_b: 1.02
vignette: -34
temp: 3544