tweet_id: 1689169449855635457
masto_id: 110858361867029287

newton_power: 6
newton_const: 1

n_iter: 187
ct: 140
hue_offset: 155
saturation: -0.96

num_attempts: 97
dur: 604
std: 17.61
size: 1233143 (1.18 MiB)

xmin: -0.7684749131228088
xmax: -0.7591291187302854
ymin: 1.6741188884557086
ymax: 1.679375897801503

contrast: 1.56
brightness: 0.0
saturation: 1.21
gamma: 1.02
gamma_r: 1.03
gamma_g: 1.05
gamma_b: 1.05
vignette: -20
temp: 7609