tweet_id: 1690938602274881536
masto_id: 110886004863524038

n_iter: 148
ct: 52
hue_offset: 8
saturation: 0.16

num_attempts: 51
dur: 27
std: 23.55
size: 2210049 (2.11 MiB)

xmin: -0.695011053788549
xmax: -0.5796264384039336
ymin: -0.8091480497658501
ymax: -0.7442442036120039

contrast: 1.29
brightness: 0.1
saturation: 0.81
gamma: 1.02
gamma_r: 1.07
gamma_g: 1.04
gamma_b: 0.98
vignette: -20
temp: 6468