tweet_id: 1690902255552327680
masto_id: 110885436958871205

newton_power: 7
newton_const: -8

n_iter: 162
ct: 159
hue_offset: 135
saturation: 0.21

num_attempts: 71
dur: 606
std: 22.75
size: 1205255 (1.15 MiB)

xmin: 1.1308840987190045
xmax: 1.1441584350021903
ymin: 0.27998990240757093
ymax: 0.28745671656686295

contrast: 1.64
brightness: 0.01
saturation: 0.72
gamma: 0.99
gamma_r: 0.96
gamma_g: 0.93
gamma_b: 1.05
vignette: 26
temp: 7042