tweet_id: 1684419263967244288

n_iter: 741
ct: 214
hue_offset: 26
saturation: 0.82

num_attempts: 7
dur: 2
std: 87.26
size: 1786410 (1.7 MiB)

xmin: 0.3803462171445253
xmax: 0.38512518966543335
ymin: 0.1758092674282219
ymax: 0.17849743947123264

contrast: 1.23
brightness: 0.21
saturation: 0.62
gamma: 0.92
gamma_r: 0.99
gamma_g: 1.01
gamma_b: 0.9
vignette: 16
temp: 6250