tweet_id: 1689924393927942144
masto_id: 110870157787361254

newton_power: 6
newton_const: 2

n_iter: 162
ct: 231
hue_offset: 129
saturation: -0.87

num_attempts: 79
dur: 604
std: 14.31
size: 521692 (509.46 KiB)

xmin: -1.32598599088735
xmax: 1.67401400911265
ymin: -0.9215037628352512
ymax: 0.7659962371647488

contrast: 1.3
brightness: 0.18
saturation: 0.57
gamma: 1.06
gamma_r: 1.07
gamma_g: 0.99
gamma_b: 1.07
vignette: 1
temp: 4764