tweet_id: 1688410144676208640
masto_id: 110846497855220305

n_iter: 624
ct: 255
hue_offset: 332
saturation: 0.51

num_attempts: 284
dur: 606
std: 70.32
size: 877380 (856.82 KiB)

xmin: -0.47376830531981495
xmax: -0.4635642236871619
ymin: 0.5544593145459693
ymax: 0.5601991104643367

contrast: 1.03
brightness: 0.07
saturation: 0.92
gamma: 1.09
gamma_r: 0.95
gamma_g: 0.99
gamma_b: 1.05
vignette: -7
temp: 7174