tweet_id: 1685361974748565504

newton_power: 6
newton_const: 9

n_iter: 180
ct: 147
hue_offset: 70
saturation: -0.93

num_attempts: 5
dur: 44
std: 15.1
size: 1099195 (1.05 MiB)

xmin: 0.7012063948763463
xmax: 0.7143932080631594
ymin: 1.683896727276705
ymax: 1.6913143096942873

contrast: 0.85
brightness: 0.12
saturation: 0.3
gamma: 1.06
gamma_r: 1.0
gamma_g: 1.07
gamma_b: 0.94
vignette: -12
temp: 6249