tweet_id: 1687525981135786001
masto_id: 110832682642488553

n_iter: 360
ct: 21
hue_offset: 359
saturation: -0.53

num_attempts: 21
dur: 17
std: 45.77
size: 2186123 (2.08 MiB)

xmin: -1.434961685071305
xmax: -1.3741508742604942
ymin: -0.30414490043484865
ymax: -0.26993881935376757

contrast: 1.45
brightness: 0.14
saturation: 1.73
gamma: 0.92
gamma_r: 0.94
gamma_g: 1.1
gamma_b: 1.1
vignette: -21
temp: 5440