tweet_id: 1691512290502201344
masto_id: 110894968619206309

n_iter: 235
ct: 173
hue_offset: 142
saturation: 0.29

num_attempts: 35
dur: 17
std: 23.13
size: 425068 (415.11 KiB)

xmin: -0.07586054846470391
xmax: 0.09080611820196274
ymin: -1.0365066794388236
ymax: -0.9427566794388236

contrast: 1.54
brightness: 0.02
saturation: 1.45
gamma: 1.1
gamma_r: 1.0
gamma_g: 0.91
gamma_b: 0.98
vignette: 25
temp: 5011