tweet_id: 1685335198773207040

newton_power: 6
newton_const: 0

n_iter: 243
ct: 105
hue_offset: 252
saturation: -0.73

num_attempts: 90
dur: 856
std: 0.0
size: 543925 (531.18 KiB)

xmin: 0.5735726460196444
xmax: 0.5908637123020651
ymin: 1.7981501329745435
ymax: 1.8078763577584052

contrast: 1.47
brightness: 0.06
saturation: 0.68
gamma: 1.09
gamma_r: 1.05
gamma_g: 0.92
gamma_b: 0.97
vignette: 13
temp: 6170