tweet_id: 1685049119419826176

n_iter: 390
ct: 8
hue_offset: 182
saturation: -0.88

num_attempts: 3
dur: 1
std: 53.86
size: 1497519 (1.43 MiB)

xmin: -0.9595628263852389
xmax: -0.8869821812239486
ymin: -0.675537690232922
ymax: -0.6347110773296962

contrast: 1.65
brightness: 0.11
saturation: 1.21
gamma: 1.09
gamma_r: 0.93
gamma_g: 1.08
gamma_b: 1.02
vignette: 17
temp: 3858