tweet_id: 1691369554629525504
masto_id: 110892738525792755

n_iter: 500
ct: 1
hue_offset: 157
saturation: -0.01

num_attempts: 306
dur: 600
std: 71.32
size: 977088 (954.19 KiB)

xmin: 0.5393619690394367
xmax: 0.5484943891307609
ymin: -0.21113467867843827
ymax: -0.20599769237706841

contrast: 1.18
brightness: 0.23
saturation: 1.27
gamma: 0.96
gamma_r: 1.04
gamma_g: 0.95
gamma_b: 0.98
vignette: -36
temp: 7906