tweet_id: 1690045181880619008
masto_id: 110872045140610925

newton_power: 5
newton_const: -9

n_iter: 237
ct: 19
hue_offset: 303
saturation: 0.54

num_attempts: 87
dur: 606
std: 14.23
size: 1248160 (1.19 MiB)

xmin: -0.41948153510465325
xmax: -0.08614820177131993
ymin: -1.158229346099313
ymax: -0.9707293460993129

contrast: 1.38
brightness: -0.03
saturation: 0.7
gamma: 0.98
gamma_r: 0.93
gamma_g: 0.99
gamma_b: 0.94
vignette: 25
temp: 6515