tweet_id: 1691088982849757184
masto_id: 110888354592527170

n_iter: 453
ct: 226
hue_offset: 50
saturation: 0.25

num_attempts: 1
dur: 3
std: 42.48
size: 980089 (957.12 KiB)

xmin: -0.7773702799082689
xmax: 0.7226297200917311
ymin: -1.336462475721318
ymax: -0.49271247572131793

contrast: 0.87
brightness: 0.16
saturation: 0.71
gamma: 0.92
gamma_r: 0.92
gamma_g: 1.09
gamma_b: 1.1
vignette: 26
temp: 7702