tweet_id: 1686554477694738433
masto_id: 110817502874056408

n_iter: 305
ct: 1
hue_offset: 299
saturation: -0.49

num_attempts: 499
dur: 600
std: 49.32
size: 1733331 (1.65 MiB)

xmin: -0.5397612043547184
xmax: -0.5314278710213851
ymin: 0.41554538073533
ymax: 0.42023288073533

contrast: 1.54
brightness: 0.19
saturation: 1.03
gamma: 1.05
gamma_r: 0.94
gamma_g: 0.99
gamma_b: 1.03
vignette: -32
temp: 7299