tweet_id: 1685120422147141634

newton_power: 6
newton_const: -8

n_iter: 242
ct: 33
hue_offset: 101
saturation: -0.46

num_attempts: 8
dur: 52
std: 15.02
size: 718797 (701.95 KiB)

xmin: -1.8507241126364
xmax: -1.8320905722637293
ymin: -1.2448433360577142
ymax: -1.234361969598087

contrast: 1.51
brightness: 0.12
saturation: 0.97
gamma: 1.09
gamma_r: 0.91
gamma_g: 1.03
gamma_b: 0.95
vignette: 3
temp: 5184