tweet_id: 1687115803098046464
masto_id: FAIL

newton_power: 4
newton_const: 3

n_iter: 109
ct: 235
hue_offset: 129
saturation: -0.21

num_attempts: 120
dur: 600
std: 8.13
size: 696773 (680.44 KiB)

xmin: -0.1878444816202518
xmax: -0.1765023266108
ymin: 1.8048986734583798
ymax: 1.8112786356511965

contrast: 0.75
brightness: 0.07
saturation: 1.15
gamma: 0.96
gamma_r: 0.95
gamma_g: 0.96
gamma_b: 0.99
vignette: -14
temp: 6067