tweet_id: 1687649823174828032
masto_id: 110834617629423843

n_iter: 335
ct: 184
hue_offset: 64
saturation: -0.08

num_attempts: 3
dur: 1
std: 46.66
size: 1618341 (1.54 MiB)

xmin: -1.1264632252711149
xmax: -1.0167071277101392
ymin: -0.5533133443631508
ymax: -0.491575539485102

contrast: 1.39
brightness: -0.02
saturation: 1.13
gamma: 0.93
gamma_r: 1.1
gamma_g: 0.99
gamma_b: 1.07
vignette: 29
temp: 7939