tweet_id: 1686015728564969475
masto_id: 110809084969004267

n_iter: 156
ct: 129
hue_offset: 283
saturation: 0.02

num_attempts: 5
dur: 1
std: 23.92
size: 979491 (956.53 KiB)

xmin: -1.4119298599734358
xmax: -1.2869298599734358
ymin: -0.3824988367379021
ymax: -0.3121863367379021

contrast: 1.36
brightness: 0.22
saturation: 1.2
gamma: 0.98
gamma_r: 0.92
gamma_g: 1.09
gamma_b: 1.01
vignette: -8
temp: 7098