tweet_id: 1686270261883019264
masto_id: 110813061929760333

newton_power: 6
newton_const: 1

n_iter: 208
ct: 187
hue_offset: 70
saturation: 0.28

num_attempts: 99
dur: 607
std: 12.98
size: 359449 (351.02 KiB)

xmin: -1.1979909257221146
xmax: -1.1667409257221146
ymin: -1.6262390444615864
ymax: -1.6086609194615864

contrast: 1.41
brightness: 0.07
saturation: 1.7
gamma: 1.01
gamma_r: 0.95
gamma_g: 0.99
gamma_b: 0.91
vignette: -1
temp: 7823