tweet_id: 1685507101542481920

n_iter: 649
ct: 239
hue_offset: 251
saturation: 0.28

num_attempts: 166
dur: 203
std: 106.65
size: 919158 (897.62 KiB)

xmin: -0.7445851976341067
xmax: -0.740396715958714
ymin: 0.10303457336426813
ymax: 0.10539059430667651

contrast: 1.31
brightness: 0.05
saturation: 1.22
gamma: 0.9
gamma_r: 0.98
gamma_g: 1.02
gamma_b: 1.03
vignette: -38
temp: 6993