tweet_id: 1688537568084652033
masto_id: 110848488782929992

newton_power: 3
newton_const: -8

n_iter: 177
ct: 179
hue_offset: 317
saturation: 0.32

num_attempts: 262
dur: 601
std: 4.19
size: 778447 (760.2 KiB)

xmin: -2.49184989028862
xmax: -2.449891848330578
ymin: 0.47739313892258517
ymax: 0.5009945375239838

contrast: 1.49
brightness: 0.17
saturation: 0.9
gamma: 1.05
gamma_r: 1.02
gamma_g: 1.05
gamma_b: 0.95
vignette: -35
temp: 4932