tweet_id: 1688617280987607041
masto_id: 110849734276448679

n_iter: 274
ct: 61
hue_offset: 78
saturation: 0.03

num_attempts: 43
dur: 39
std: 20.05
size: 1074286 (1.02 MiB)

xmin: 0.27398438046680784
xmax: 0.2783464306303847
ymin: -0.5986658897089178
ymax: -0.5962122364919058

contrast: 1.46
brightness: 0.01
saturation: 1.27
gamma: 1.06
gamma_r: 0.99
gamma_g: 1.09
gamma_b: 0.99
vignette: -32
temp: 2813