tweet_id: 1689313214855811072
masto_id: 110860608427251256

n_iter: 154
ct: 232
hue_offset: 209
saturation: 0.74

num_attempts: 39
dur: 20
std: 37.09
size: 1070571 (1.02 MiB)

xmin: -1.1643154286214288
xmax: -1.1631722448546382
ymin: -0.22010500437828662
ymax: -0.21946196350946695

contrast: 1.25
brightness: -0.03
saturation: 0.34
gamma: 0.92
gamma_r: 1.06
gamma_g: 1.02
gamma_b: 0.98
vignette: -29
temp: 5805