tweet_id: 1689523629695131648
masto_id: 110863895847063391

n_iter: 486
ct: 9
hue_offset: 6
saturation: -0.89

num_attempts: 16
dur: 13
std: 16.93
size: 712170 (695.48 KiB)

xmin: -0.013645709515265114
xmax: -0.013023722266003724
ymin: -0.7172786783316287
ymax: -0.7169288105039192

contrast: 0.98
brightness: 0.09
saturation: 1.04
gamma: 1.05
gamma_r: 1.09
gamma_g: 1.02
gamma_b: 0.9
vignette: 3
temp: 6462