tweet_id: 1690735353693401088
masto_id: 110882828976512357

n_iter: 511
ct: 255
hue_offset: 252
saturation: -0.53

num_attempts: 261
dur: 602
std: 62.38
size: 671789 (656.04 KiB)

xmin: 0.23651845186636677
xmax: 0.24188757938314528
ymin: -1.0873002088561035
ymax: -1.0842800746279155

contrast: 1.42
brightness: -0.02
saturation: 1.08
gamma: 1.09
gamma_r: 0.95
gamma_g: 1.01
gamma_b: 0.99
vignette: -22
temp: 6536