tweet_id: 1689262768883417088
masto_id: 110859820238102912

newton_power: 4
newton_const: -5

n_iter: 256
ct: 56
hue_offset: 233
saturation: -0.3

num_attempts: 129
dur: 603
std: 8.59
size: 1037678 (1013.36 KiB)

xmin: 1.2440793913039663
xmax: 1.2981334453580202
ymin: -0.9075719762729413
ymax: -0.8771665708675359

contrast: 1.1
brightness: 0.06
saturation: 1.0
gamma: 1.03
gamma_r: 1.05
gamma_g: 1.06
gamma_b: 1.0
vignette: 25
temp: 4246