tweet_id: 1690286777943076864
masto_id: 110875820061722896

newton_power: 6
newton_const: -6

n_iter: 92
ct: 240
hue_offset: 66
saturation: 0.17

num_attempts: 74
dur: 617
std: 15.92
size: 1034241 (1010.0 KiB)

xmin: -1.0195403504883296
xmax: -0.9018932916648001
ymin: -0.35060079495356744
ymax: -0.28442432436533216

contrast: 1.16
brightness: 0.17
saturation: 1.3
gamma: 1.05
gamma_r: 0.92
gamma_g: 1.02
gamma_b: 1.08
vignette: -37
temp: 6830