tweet_id: 1690196117890166784
masto_id: 110874403553284107

newton_power: 6
newton_const: 1

n_iter: 215
ct: 59
hue_offset: 103
saturation: -0.47

num_attempts: 80
dur: 601
std: 13.31
size: 1067806 (1.02 MiB)

xmin: 1.3254380972121158
xmax: 1.3318346856982566
ymin: -1.8292114829192876
ymax: -1.8256134018958334

contrast: 1.33
brightness: -0.07
saturation: 1.55
gamma: 1.0
gamma_r: 0.93
gamma_g: 1.07
gamma_b: 1.06
vignette: -30
temp: 3825