tweet_id: 1688504984068071424
masto_id: 110847979802165715

newton_power: 4
newton_const: 4

n_iter: 178
ct: 253
hue_offset: 238
saturation: 0.53

num_attempts: 105
dur: 601
std: 7.74
size: 816689 (797.55 KiB)

xmin: 1.4217709552148783
xmax: 1.443123268382138
ymin: 0.2360497251554392
ymax: 0.24806040131202284

contrast: 1.05
brightness: 0.17
saturation: 1.12
gamma: 0.94
gamma_r: 0.97
gamma_g: 1.02
gamma_b: 1.01
vignette: 14
temp: 6568