tweet_id: 1685392109388369920

newton_power: 6
newton_const: -2

n_iter: 239
ct: 134
hue_offset: 300
saturation: -0.39

num_attempts: 5
dur: 29
std: 7.14
size: 763379 (745.49 KiB)

xmin: 0.08895209496589107
xmax: 0.154886160899957
ymin: -1.0066948841829337
ymax: -0.9696069720950217

contrast: 1.38
brightness: 0.16
saturation: 1.65
gamma: 1.08
gamma_r: 0.95
gamma_g: 1.05
gamma_b: 1.01
vignette: 26
temp: 7645