tweet_id: 1687387664352198656
masto_id: 110830521452815733

newton_power: 7
newton_const: 1

n_iter: 189
ct: 184
hue_offset: 129
saturation: 0.41

num_attempts: 66
dur: 602
std: 20.28
size: 1144385 (1.09 MiB)

xmin: -2.0562146542023747
xmax: -2.026658003956069
ymin: -1.2319012051479095
ymax: -1.2152755893843628

contrast: 0.94
brightness: 0.15
saturation: 1.34
gamma: 1.02
gamma_r: 1.05
gamma_g: 1.01
gamma_b: 1.04
vignette: -22
temp: 5193