tweet_id: 1685938059039379456
masto_id: 110807871427520477

newton_power: 4
newton_const: -8

n_iter: 224
ct: 130
hue_offset: 336
saturation: -0.53

num_attempts: 106
dur: 600
std: 7.36
size: 1111196 (1.06 MiB)

xmin: -1.594698845288341
xmax: -1.5077423235492107
ymin: -1.9758837979277009
ymax: -1.92697075444944

contrast: 1.6
brightness: 0.09
saturation: 1.17
gamma: 1.07
gamma_r: 0.91
gamma_g: 1.03
gamma_b: 0.97
vignette: -32
temp: 4554