tweet_id: 1690666144766509056
masto_id: 110881747586019295

n_iter: 307
ct: 163
hue_offset: 159
saturation: 0.86

num_attempts: 20
dur: 10
std: 38.96
size: 978008 (955.09 KiB)

xmin: -0.9208242787873324
xmax: -0.2779671359301895
ymin: -1.1847011264758507
ymax: -0.8230939836187078

contrast: 1.51
brightness: -0.04
saturation: 0.45
gamma: 0.94
gamma_r: 1.1
gamma_g: 1.07
gamma_b: 1.01
vignette: 17
temp: 2269