tweet_id: 1688957965376663552
masto_id: 110855057431785197

newton_power: 3
newton_const: -4

n_iter: 227
ct: 155
hue_offset: 147
saturation: -0.07

num_attempts: 269
dur: 600
std: 3.92
size: 546367 (533.56 KiB)

xmin: -2.3157356574829
xmax: 0.6842643425171002
ymin: -1.3961918281411712
ymax: 0.29130817185882885

contrast: 1.53
brightness: 0.19
saturation: 0.62
gamma: 1.09
gamma_r: 0.96
gamma_g: 1.0
gamma_b: 1.08
vignette: -17
temp: 2231