tweet_id: 1688189566518472704
masto_id: 110843051138902571

n_iter: 156
ct: 23
hue_offset: 184
saturation: 0.86

num_attempts: 2
dur: 1
std: 23.96
size: 1773713 (1.69 MiB)

xmin: -0.5364620805941989
xmax: -0.4900703280168793
ymin: -0.8581563420542053
ymax: -0.832060981229463

contrast: 1.74
brightness: 0.18
saturation: 0.8
gamma: 0.98
gamma_r: 1.05
gamma_g: 0.99
gamma_b: 1.06
vignette: 7
temp: 6403