tweet_id: 1685117292466548736

n_iter: 268
ct: 82
hue_offset: 30
saturation: -0.82

num_attempts: 68
dur: 52
std: 44.48
size: 795777 (777.13 KiB)

xmin: -0.4718858682946585
xmax: -0.4670665911862248
ymin: -0.5236069043316113
ymax: -0.5208960609581172

contrast: 1.77
brightness: -0.04
saturation: 1.73
gamma: 0.96
gamma_r: 1.02
gamma_g: 0.96
gamma_b: 0.96
vignette: -14
temp: 7593