tweet_id: 1688589019624488967
masto_id: 110849292630461623

n_iter: 957
ct: 40
hue_offset: 348
saturation: 0.45

num_attempts: 199
dur: 346
std: 73.03
size: 1383836 (1.32 MiB)

xmin: -0.026818854839319783
xmax: -0.026202901651762037
ymin: -0.6511375061682154
ymax: -0.6507910325002142

contrast: 0.92
brightness: 0.03
saturation: 1.34
gamma: 1.03
gamma_r: 0.95
gamma_g: 0.92
gamma_b: 0.97
vignette: -16
temp: 4250