tweet_id: 1688129544220471296
masto_id: 110842113320928487

n_iter: 151
ct: 97
hue_offset: 35
saturation: -0.53

num_attempts: 20
dur: 10
std: 24.04
size: 1197598 (1.14 MiB)

xmin: 0.649624799171924
xmax: 0.7013489371029584
ymin: -1.128602599123945
ymax: -1.0995077715377382

contrast: 1.14
brightness: -0.1
saturation: 0.62
gamma: 0.91
gamma_r: 0.97
gamma_g: 1.06
gamma_b: 1.02
vignette: -29
temp: 5486