tweet_id: 1684740158438912000

n_iter: 462
ct: 238
hue_offset: 92
saturation: -0.1

num_attempts: 174
dur: 156
std: 47.88
size: 1119409 (1.07 MiB)

xmin: -0.34875467877271005
xmax: -0.34555211672307035
ymin: 0.6368803025178691
ymax: 0.6386817436707914

contrast: 1.39
brightness: 0.02
saturation: 1.05
gamma: 1.06
gamma_r: 1.08
gamma_g: 1.0
gamma_b: 0.91
vignette: -16
temp: 4354