tweet_id: 1687146069296128003
masto_id: 110826746559339394

newton_power: 7
newton_const: -10

n_iter: 111
ct: 55
hue_offset: 87
saturation: 0.74

num_attempts: 73
dur: 603
std: 16.14
size: 453713 (443.08 KiB)

xmin: 1.3027248047696398
xmax: 1.3167763270178834
ymin: -0.7889419624259071
ymax: -0.7810379811612701

contrast: 0.91
brightness: 0.19
saturation: 0.55
gamma: 1.0
gamma_r: 1.02
gamma_g: 1.06
gamma_b: 1.05
vignette: -1
temp: 4232