tweet_id: 1690463664447295489
masto_id: 110878583819469710

n_iter: 474
ct: 1
hue_offset: 341
saturation: -0.48

num_attempts: 275
dur: 608
std: 64.38
size: 726712 (709.68 KiB)

xmin: 0.5529535650938988
xmax: 0.5604442017980187
ymin: -0.3605550468852783
ymax: -0.3563415637392109

contrast: 1.78
brightness: 0.0
saturation: 0.49
gamma: 0.92
gamma_r: 0.91
gamma_g: 1.0
gamma_b: 1.05
vignette: 2
temp: 3944