tweet_id: 1689139217459302400
masto_id: 110857889397768755

newton_power: 3
newton_const: -3

n_iter: 190
ct: 198
hue_offset: 80
saturation: -0.17

num_attempts: 264
dur: 601
std: 3.79
size: 354591 (346.28 KiB)

xmin: -0.9313597123343338
xmax: -0.925274519636565
ymin: 0.2882877672675219
ymax: 0.29171068816001683

contrast: 1.66
brightness: 0.04
saturation: 0.48
gamma: 1.0
gamma_r: 1.03
gamma_g: 1.08
gamma_b: 1.02
vignette: 4
temp: 6186