tweet_id: 1687436653210554368
masto_id: 110831287096151090

n_iter: 246
ct: 88
hue_offset: 110
saturation: -0.07

num_attempts: 9
dur: 6
std: 20.86
size: 1115972 (1.06 MiB)

xmin: -1.2644455036311284
xmax: 0.9855544963688716
ymin: -1.765016165306134
ymax: -0.49939116530613403

contrast: 0.76
brightness: 0.18
saturation: 1.5
gamma: 0.91
gamma_r: 0.98
gamma_g: 1.05
gamma_b: 0.91
vignette: -46
temp: 7235