tweet_id: 1690730241843724289
masto_id: 110882749233033595

n_iter: 158
ct: 14
hue_offset: 263
saturation: 0.33

num_attempts: 101
dur: 43
std: 29.15
size: 957515 (935.07 KiB)

xmin: -0.02071592410440548
xmax: -0.018779815682333844
ymin: 0.7910035727844931
ymax: 0.7920926337719084

contrast: 1.17
brightness: 0.12
saturation: 1.19
gamma: 0.99
gamma_r: 0.9
gamma_g: 1.01
gamma_b: 1.02
vignette: -3
temp: 6373