tweet_id: 1687088043088543744
masto_id: 110825839829865097

newton_power: 5
newton_const: 3

n_iter: 183
ct: 188
hue_offset: 155
saturation: 0.14

num_attempts: 95
dur: 602
std: 12.87
size: 495883 (484.26 KiB)

xmin: -0.015182891762227868
xmax: 0.03399743610662459
ymin: -0.02272981203959401
ymax: 0.004934122386635497

contrast: 1.63
brightness: 0.04
saturation: 1.69
gamma: 1.08
gamma_r: 0.95
gamma_g: 0.96
gamma_b: 0.92
vignette: 32
temp: 5387