tweet_id: 1690274062311075840
masto_id: 110875621281205551

n_iter: 299
ct: 198
hue_offset: 60
saturation: 0.8

num_attempts: 21
dur: 22
std: 20.02
size: 208304 (203.42 KiB)

xmin: 0.22669072740700358
xmax: 0.5266907274070036
ymin: -1.1371246088712288
ymax: -0.9683746088712288

contrast: 1.55
brightness: -0.05
saturation: 1.09
gamma: 1.02
gamma_r: 0.94
gamma_g: 1.08
gamma_b: 0.94
vignette: -27
temp: 7571