tweet_id: 1688731401116405760
masto_id: 110851517385444675

newton_power: 5
newton_const: 6

n_iter: 67
ct: 162
hue_offset: 319
saturation: 0.2

num_attempts: 100
dur: 607
std: 9.74
size: 745484 (728.01 KiB)

xmin: 0.1426070762691154
xmax: 0.1540574579485047
ymin: 0.9977181970540139
ymax: 1.0041590367486704

contrast: 0.79
brightness: -0.05
saturation: 1.17
gamma: 1.1
gamma_r: 1.03
gamma_g: 1.02
gamma_b: 1.06
vignette: 8
temp: 2998