tweet_id: 1690710755081916417
masto_id: 110882444782648024

newton_power: 6
newton_const: 7

n_iter: 125
ct: 225
hue_offset: 272
saturation: -0.91

num_attempts: 82
dur: 604
std: 15.5
size: 1190437 (1.14 MiB)

xmin: -0.9393633947405089
xmax: -0.9318351638747624
ymin: 1.150513584807456
ymax: 1.1547482146694383

contrast: 1.56
brightness: -0.08
saturation: 0.86
gamma: 1.0
gamma_r: 1.07
gamma_g: 0.99
gamma_b: 1.07
vignette: 32
temp: 6406