tweet_id: 1688250617758978048
masto_id: 110844005330737164

n_iter: 210
ct: 110
hue_offset: 34
saturation: -0.56

num_attempts: 45
dur: 15
std: 23.51
size: 1351750 (1.29 MiB)

xmin: 0.43319850476651345
xmax: 0.6131985047665134
ymin: -1.3207424842249822
ymax: -1.2194924842249821

contrast: 0.73
brightness: 0.12
saturation: 1.34
gamma: 1.05
gamma_r: 0.97
gamma_g: 1.01
gamma_b: 1.05
vignette: -20
temp: 3318