tweet_id: 1691585286155739226
masto_id: 110896109340179725

newton_power: 3
newton_const: 4

n_iter: 213
ct: 161
hue_offset: 63
saturation: -0.96

num_attempts: 255
dur: 600
std: 4.07
size: 455530 (444.85 KiB)

xmin: -0.8440812628677863
xmax: 0.35591873713221367
ymin: -0.40889245937880925
ymax: 0.2661075406211907

contrast: 1.35
brightness: 0.13
saturation: 0.76
gamma: 0.92
gamma_r: 1.08
gamma_g: 0.93
gamma_b: 1.04
vignette: 4
temp: 2117