tweet_id: 1684878701626802176

newton_power: 7
newton_const: 10

n_iter: 220
ct: 90
hue_offset: 327
saturation: 0.14

num_attempts: 3
dur: 22
std: 16.16
size: 1040257 (1015.88 KiB)

xmin: -1.2228497132310152
xmax: -0.8228497132310152
ymin: -0.4330184031529982
ymax: -0.20801840315299822

contrast: 1.09
brightness: 0.13
saturation: 0.25
gamma: 1.07
gamma_r: 0.95
gamma_g: 0.91
gamma_b: 0.96
vignette: 13
temp: 5445