tweet_id: 1691213891156508673
masto_id: 110890306254646055

n_iter: 345
ct: 162
hue_offset: 214
saturation: 0.82

num_attempts: 40
dur: 23
std: 52.69
size: 1456858 (1.39 MiB)

xmin: -0.6809362535378933
xmax: -0.6804514638154354
ymin: -0.3512761723731309
ymax: -0.35100347815424837

contrast: 1.37
brightness: -0.02
saturation: 0.29
gamma: 0.93
gamma_r: 0.91
gamma_g: 0.92
gamma_b: 0.95
vignette: -15
temp: 6781