tweet_id: 1691625041098670524
masto_id: 110896730445384019

n_iter: 507
ct: 1
hue_offset: 83
saturation: -0.9

num_attempts: 304
dur: 601
std: 84.43
size: 1194482 (1.14 MiB)

xmin: -0.2378778852336223
xmax: -0.23076044751120237
ymin: -0.723548299056496
ymax: -0.7195447403376348

contrast: 1.09
brightness: 0.04
saturation: 0.77
gamma: 1.05
gamma_r: 1.08
gamma_g: 0.95
gamma_b: 1.06
vignette: 7
temp: 3671