tweet_id: 1688198708846903296
masto_id: 110843193974003168

n_iter: 443
ct: 1
hue_offset: 132
saturation: 0.63

num_attempts: 356
dur: 603
std: 61.42
size: 1214152 (1.16 MiB)

xmin: -0.2167420239305975
xmax: -0.21185204838047525
ymin: -1.0068079923362752
ymax: -1.0040573810893314

contrast: 1.45
brightness: -0.06
saturation: 1.71
gamma: 1.08
gamma_r: 1.0
gamma_g: 1.07
gamma_b: 1.03
vignette: -46
temp: 7577