tweet_id: 1689825869106454528
masto_id: 110868618376096545

n_iter: 961
ct: 93
hue_offset: 284
saturation: -0.13

num_attempts: 154
dur: 253
std: 29.02
size: 1353882 (1.29 MiB)

xmin: 0.14084045884215124
xmax: 0.1468374603414016
ymin: 0.6323731604327387
ymax: 0.6357464737760671

contrast: 1.24
brightness: -0.04
saturation: 1.25
gamma: 1.06
gamma_r: 1.06
gamma_g: 0.98
gamma_b: 1.04
vignette: -23
temp: 6120