tweet_id: 1685998982923706369
masto_id: 110808823225520779

n_iter: 479
ct: 26
hue_offset: 227
saturation: -0.12

num_attempts: 314
dur: 600
std: 72.41
size: 999870 (976.44 KiB)

xmin: -0.5944367073362156
xmax: -0.5881867073362156
ymin: 0.303843204956886
ymax: 0.307358829956886

contrast: 1.15
brightness: -0.08
saturation: 0.89
gamma: 0.95
gamma_r: 1.0
gamma_g: 0.94
gamma_b: 1.08
vignette: 14
temp: 2592