tweet_id: 1685719951330738176

n_iter: 315
ct: 2
hue_offset: 79
saturation: 0.2

num_attempts: 25
dur: 12
std: 18.59
size: 692324 (676.1 KiB)

xmin: 0.48392200644421646
xmax: 0.48838629215850216
ymin: 0.04352312162040972
ymax: 0.046034282334695434

contrast: 1.17
brightness: -0.05
saturation: 1.59
gamma: 0.98
gamma_r: 1.1
gamma_g: 0.95
gamma_b: 1.03
vignette: 3
temp: 7453