tweet_id: 1686468734871912448
masto_id: 110816163149252410

n_iter: 147
ct: 55
hue_offset: 342
saturation: -0.14

num_attempts: 18
dur: 9
std: 25.23
size: 1878319 (1.79 MiB)

xmin: -0.5088033070242164
xmax: -0.3357263839472933
ymin: -1.0696164125117023
ymax: -0.972260643280933

contrast: 0.99
brightness: 0.07
saturation: 1.62
gamma: 0.92
gamma_r: 1.04
gamma_g: 1.07
gamma_b: 1.04
vignette: -19
temp: 5674