tweet_id: 1690183853669834752
masto_id: 110874211892440463

n_iter: 314
ct: 44
hue_offset: 115
saturation: 0.14

num_attempts: 8
dur: 2
std: 20.78
size: 1178751 (1.12 MiB)

xmin: 0.18957749061334006
xmax: 1.31457749061334
ymin: -1.7596783833866292
ymax: -1.1268658833866292

contrast: 1.12
brightness: -0.02
saturation: 1.13
gamma: 1.05
gamma_r: 0.91
gamma_g: 0.99
gamma_b: 0.97
vignette: -42
temp: 6998