tweet_id: 1686801259934945281
masto_id: 110821358867130151

n_iter: 445
ct: 240
hue_offset: 107
saturation: 0.32

num_attempts: 21
dur: 10
std: 53.97
size: 555251 (542.24 KiB)

xmin: 0.5561586475984308
xmax: 0.7607041021438854
ymin: -1.139235627731113
ymax: -1.024178809549295

contrast: 1.73
brightness: -0.04
saturation: 1.22
gamma: 1.02
gamma_r: 1.0
gamma_g: 0.99
gamma_b: 0.95
vignette: -32
temp: 3761