tweet_id: 1686001311559630848
masto_id: 110808860347124736

newton_power: 7
newton_const: 3

n_iter: 140
ct: 33
hue_offset: 19
saturation: -0.98

num_attempts: 60
dur: 607
std: 25.97
size: 1405698 (1.34 MiB)

xmin: 0.4245145334098468
xmax: 0.43925654815186155
ymin: 0.8356696293264227
ymax: 0.843962012618806

contrast: 1.27
brightness: -0.01
saturation: 0.98
gamma: 0.93
gamma_r: 1.1
gamma_g: 1.09
gamma_b: 0.91
vignette: 27
temp: 5446