tweet_id: 1687918085397688320
masto_id: 110838809338649007

n_iter: 218
ct: 200
hue_offset: 146
saturation: 0.86

num_attempts: 41
dur: 14
std: 21.23
size: 934108 (912.21 KiB)

xmin: 0.6971186547497457
xmax: 0.9339607600129035
ymin: -1.192256420298199
ymax: -1.0590327360876726

contrast: 1.24
brightness: 0.15
saturation: 1.52
gamma: 0.92
gamma_r: 0.93
gamma_g: 1.06
gamma_b: 0.99
vignette: -15
temp: 3247