tweet_id: 1688378117344104448
masto_id: 110845997431798870

n_iter: 629
ct: 35
hue_offset: 132
saturation: -0.02

num_attempts: 3
dur: 1
std: 17.31
size: 978334 (955.4 KiB)

xmin: 0.39473385167708264
xmax: 0.39685249574487924
ymin: -0.28118110582984424
ymax: -0.27998936854170864

contrast: 0.72
brightness: -0.01
saturation: 1.0
gamma: 1.01
gamma_r: 1.07
gamma_g: 1.02
gamma_b: 1.03
vignette: 17
temp: 7090