tweet_id: 1691119635754590208
masto_id: 110888833351351083

n_iter: 177
ct: 228
hue_offset: 329
saturation: -0.7

num_attempts: 24
dur: 12
std: 21.34
size: 209790 (204.87 KiB)

xmin: 0.06883094399382239
xmax: 0.14777831241487502
ymin: 0.3365890562168059
ymax: 0.380996950953648

contrast: 1.54
brightness: 0.1
saturation: 0.44
gamma: 0.98
gamma_r: 1.06
gamma_g: 0.94
gamma_b: 1.1
vignette: 8
temp: 3815