tweet_id: 1685787094634160128
masto_id: 110805512565435019

newton_power: 5
newton_const: -9

n_iter: 88
ct: 205
hue_offset: 300
saturation: -0.67

num_attempts: 95
dur: 607
std: 11.56
size: 969638 (946.91 KiB)

xmin: -0.3660670627165201
xmax: -0.35679349239194513
ymin: 0.7738246402500586
ymax: 0.779041023557632

contrast: 1.48
brightness: -0.07
saturation: 0.3
gamma: 0.99
gamma_r: 1.07
gamma_g: 1.07
gamma_b: 0.94
vignette: 30
temp: 4385