tweet_id: 1691071105526558721
masto_id: 110888075213024212

n_iter: 574
ct: 1
hue_offset: 321
saturation: -0.83

num_attempts: 285
dur: 613
std: 31.81
size: 899715 (878.63 KiB)

xmin: 0.3993578737169714
xmax: 0.446976921336019
ymin: -0.6491349303677795
ymax: -0.6223492160820652

contrast: 1.64
brightness: -0.07
saturation: 1.26
gamma: 1.01
gamma_r: 0.97
gamma_g: 0.93
gamma_b: 1.07
vignette: 9
temp: 3159