tweet_id: 1690884308171370496
masto_id: 110885156430592255

n_iter: 430
ct: 214
hue_offset: 28
saturation: -0.93

num_attempts: 26
dur: 7
std: 25.67
size: 265025 (258.81 KiB)

xmin: 0.3645362352948074
xmax: 0.4174774117653956
ymin: 0.09883270800350896
ymax: 0.12861211976821485

contrast: 0.89
brightness: 0.19
saturation: 1.3
gamma: 1.02
gamma_r: 1.04
gamma_g: 0.97
gamma_b: 0.9
vignette: 2
temp: 3755