tweet_id: 1691550782456291381
masto_id: 110895570182305380

n_iter: 362
ct: 1
hue_offset: 72
saturation: -0.95

num_attempts: 424
dur: 602
std: 69.94
size: 1198271 (1.14 MiB)

xmin: -0.5443129054051157
xmax: -0.5385740244868947
ymin: 0.3441883534317667
ymax: 0.34741647394826597

contrast: 1.12
brightness: 0.22
saturation: 0.95
gamma: 1.06
gamma_r: 1.04
gamma_g: 1.09
gamma_b: 0.96
vignette: 32
temp: 2501