tweet_id: 1687314534048976896
masto_id: 110829378819217453

n_iter: 237
ct: 91
hue_offset: 33
saturation: -0.6

num_attempts: 34
dur: 14
std: 20.33
size: 876941 (856.39 KiB)

xmin: -0.5374026324869854
xmax: -0.38223021869388196
ymin: 0.024995493587770756
ymax: 0.11227997634639145

contrast: 0.82
brightness: 0.22
saturation: 1.47
gamma: 0.98
gamma_r: 0.91
gamma_g: 1.04
gamma_b: 0.93
vignette: -29
temp: 4331