tweet_id: 1690243855114010624
masto_id: 110875149379639273

n_iter: 429
ct: 37
hue_offset: 344
saturation: -0.34

num_attempts: 5
dur: 4
std: 29.28
size: 794857 (776.23 KiB)

xmin: -0.2946954134479194
xmax: 1.2053045865520806
ymin: -1.4634765694166372
ymax: -0.6197265694166372

contrast: 1.73
brightness: 0.06
saturation: 0.73
gamma: 1.08
gamma_r: 1.02
gamma_g: 0.99
gamma_b: 0.95
vignette: 21
temp: 5112