tweet_id: 1685234932548042752

n_iter: 657
ct: 198
hue_offset: 139
saturation: -0.09

num_attempts: 52
dur: 92
std: 95.33
size: 1106468 (1.06 MiB)

xmin: -0.7468385478489581
xmax: -0.7462294417122137
ymin: 0.12500340736248416
ymax: 0.12534602956440286

contrast: 1.12
brightness: 0.02
saturation: 1.69
gamma: 1.08
gamma_r: 1.07
gamma_g: 0.99
gamma_b: 1.07
vignette: 7
temp: 2666