tweet_id: 1687047552779091968
masto_id: 110825207239604548

n_iter: 409
ct: 73
hue_offset: 68
saturation: -0.03

num_attempts: 154
dur: 136
std: 50.08
size: 665940 (650.33 KiB)

xmin: -0.4063672397249971
xmax: -0.36091269427045164
ymin: 0.6099094035756374
ymax: 0.6354775853938192

contrast: 1.54
brightness: 0.22
saturation: 1.22
gamma: 0.91
gamma_r: 1.07
gamma_g: 1.05
gamma_b: 1.07
vignette: 23
temp: 7126