tweet_id: 1688474782788993024
masto_id: 110847507907827569

newton_power: 4
newton_const: 7

n_iter: 235
ct: 213
hue_offset: 8
saturation: -0.1

num_attempts: 126
dur: 600
std: 7.32
size: 731541 (714.4 KiB)

xmin: -1.070577025670512
xmax: -1.058180331455636
ymin: -0.20770711074094783
ymax: -0.20073397024508005

contrast: 0.95
brightness: -0.09
saturation: 0.95
gamma: 1.02
gamma_r: 0.96
gamma_g: 1.0
gamma_b: 0.93
vignette: -39
temp: 4305