tweet_id: 1691222944192634880
masto_id: 110890447682879281

newton_power: 4
newton_const: -9

n_iter: 132
ct: 131
hue_offset: 63
saturation: -0.19

num_attempts: 112
dur: 600
std: 7.24
size: 668991 (653.31 KiB)

xmin: -0.6628163142872485
xmax: -0.5968822483531826
ymin: 0.6487725014950585
ymax: 0.6858604135829706

contrast: 1.61
brightness: 0.11
saturation: 0.36
gamma: 1.09
gamma_r: 1.01
gamma_g: 1.0
gamma_b: 1.0
vignette: 17
temp: 5897