tweet_id: 1684777910128054272

n_iter: 346
ct: 54
hue_offset: 134
saturation: -0.21

num_attempts: 33
dur: 25
std: 36.38
size: 1841001 (1.76 MiB)

xmin: -0.718422704798475
xmax: -0.6491919355677058
ymin: -0.9185518378838367
ymax: -0.879609530191529

contrast: 1.37
brightness: 0.01
saturation: 0.9
gamma: 0.91
gamma_r: 1.08
gamma_g: 1.08
gamma_b: 1.08
vignette: -13
temp: 3751