tweet_id: 1685450905573789696

n_iter: 293
ct: 58
hue_offset: 326
saturation: 0.7

num_attempts: 27
dur: 15
std: 30.33
size: 451863 (441.27 KiB)

xmin: 0.21778749018159216
xmax: 0.7177874901815922
ymin: -1.1648187006066162
ymax: -0.8835687006066162

contrast: 1.32
brightness: -0.05
saturation: 0.32
gamma: 1.07
gamma_r: 1.06
gamma_g: 1.08
gamma_b: 0.96
vignette: -8
temp: 2995