tweet_id: 1691373888440262656
masto_id: 110892806161387394

newton_power: 5
newton_const: -6

n_iter: 249
ct: 20
hue_offset: 138
saturation: 0.59

num_attempts: 79
dur: 601
std: 11.56
size: 1121886 (1.07 MiB)

xmin: 0.7626222236577207
xmax: 0.7687197846333305
ymin: -0.7064161656452574
ymax: -0.702986287596477

contrast: 0.98
brightness: 0.18
saturation: 0.5
gamma: 0.94
gamma_r: 0.99
gamma_g: 0.91
gamma_b: 1.03
vignette: -13
temp: 7308