tweet_id: 1684300542057799681

n_iter: 176
ct: 160
hue_offset: 316
saturation: 0.65

num_attempts: 1
dur: 3
std: 29.75
size: 752206 (734.58 KiB)

xmin: -0.10787121360772045
xmax: -0.09734489781824676
ymin: -1.135727023192932
ymax: -1.129805970561353

contrast: 1.28
brightness: -0.1
saturation: 1.52
gamma: 0.92
gamma_r: 1.05
gamma_g: 0.92
gamma_b: 1.0
vignette: -40
temp: 5443