tweet_id: 1687417807682535424
masto_id: 110830992499582952

newton_power: 3
newton_const: -5

n_iter: 142
ct: 136
hue_offset: 142
saturation: -0.9

num_attempts: 238
dur: 601
std: 4.59
size: 724639 (707.66 KiB)

xmin: 1.1385001452119976
xmax: 1.1764748287563014
ymin: -1.4439420364325262
ymax: -1.4225812769388553

contrast: 0.7
brightness: 0.21
saturation: 0.98
gamma: 0.95
gamma_r: 1.06
gamma_g: 0.95
gamma_b: 0.95
vignette: -36
temp: 2126