tweet_id: 1686326598029434880
masto_id: 110813942392940822

n_iter: 282
ct: 255
hue_offset: 123
saturation: 0.93

num_attempts: 493
dur: 604
std: 45.39
size: 819958 (800.74 KiB)

xmin: -0.1622008816163416
xmax: -0.15616769911257086
ymin: 1.0834579559454518
ymax: 1.0868516211038228

contrast: 0.95
brightness: -0.03
saturation: 0.27
gamma: 1.04
gamma_r: 0.98
gamma_g: 0.99
gamma_b: 1.05
vignette: 32
temp: 4130