tweet_id: 1685925911999238144
masto_id: 110807681467365528

n_iter: 152
ct: 209
hue_offset: 76
saturation: -0.33

num_attempts: 16
dur: 9
std: 23.84
size: 2006546 (1.91 MiB)

xmin: -0.379574788150852
xmax: -0.30580429634757333
ymin: -0.9821453502142825
ymax: -0.9406494485749383

contrast: 1.12
brightness: 0.14
saturation: 1.36
gamma: 1.08
gamma_r: 1.0
gamma_g: 1.04
gamma_b: 1.08
vignette: -16
temp: 5810