tweet_id: 1687280479286751233
masto_id: 110828846738896676

n_iter: 380
ct: 1
hue_offset: 78
saturation: 0.71

num_attempts: 340
dur: 609
std: 61.44
size: 1313947 (1.25 MiB)

xmin: 0.026698509146179106
xmax: 0.03171732972334347
ymin: 1.1191497381886966
ymax: 1.1219728247633516

contrast: 0.72
brightness: 0.08
saturation: 0.56
gamma: 1.06
gamma_r: 0.94
gamma_g: 1.02
gamma_b: 1.0
vignette: 20
temp: 4666