tweet_id: 1691580988852150600
masto_id: 110896042034385045

n_iter: 409
ct: 255
hue_offset: 347
saturation: 0.05

num_attempts: 342
dur: 606
std: 65.45
size: 767706 (749.71 KiB)

xmin: 0.16876235022826913
xmax: 0.1746017662866633
ymin: -1.1157577597621056
ymax: -1.1124730882292588

contrast: 1.07
brightness: -0.0
saturation: 1.32
gamma: 0.98
gamma_r: 1.06
gamma_g: 1.06
gamma_b: 0.95
vignette: 11
temp: 5142