tweet_id: 1685029631961825281

newton_power: 4
newton_const: 6

n_iter: 209
ct: 16
hue_offset: 219
saturation: -0.2

num_attempts: 3
dur: 17
std: 4.94
size: 887851 (867.04 KiB)

xmin: -0.3177734638672618
xmax: -0.3071914532852512
ymin: 0.553114281763079
ymax: 0.5590666627154599

contrast: 1.24
brightness: 0.06
saturation: 0.54
gamma: 0.94
gamma_r: 0.9
gamma_g: 0.92
gamma_b: 1.07
vignette: 27
temp: 5246