tweet_id: 1690403209053966336
masto_id: 110877639406862385

n_iter: 608
ct: 1
hue_offset: 257
saturation: 0.23

num_attempts: 187
dur: 604
std: 81.2
size: 875498 (854.98 KiB)

xmin: -0.384600556178492
xmax: -0.37152866075365537
ymin: -0.6341563668318512
ymax: -0.6268034256553806

contrast: 1.08
brightness: 0.16
saturation: 1.13
gamma: 1.04
gamma_r: 1.01
gamma_g: 0.96
gamma_b: 1.06
vignette: 25
temp: 2334