tweet_id: 1688737799485165568
masto_id: 110851617243440098

n_iter: 137
ct: 239
hue_offset: 116
saturation: -0.56

num_attempts: 43
dur: 12
std: 21.22
size: 1601145 (1.53 MiB)

xmin: -1.0309119839519496
xmax: -0.9647355133637143
ymin: -0.6665988489673427
ymax: -0.6293745842614603

contrast: 1.45
brightness: 0.22
saturation: 1.7
gamma: 1.03
gamma_r: 0.99
gamma_g: 0.93
gamma_b: 1.08
vignette: 14
temp: 7666