tweet_id: 1691555189638197732
masto_id: 110895639025880989

newton_power: 5
newton_const: -3

n_iter: 208
ct: 25
hue_offset: 181
saturation: -0.78

num_attempts: 96
dur: 600
std: 10.33
size: 994917 (971.6 KiB)

xmin: 0.7983289205644448
xmax: 0.8056370813439819
ymin: 0.26322120800116844
ymax: 0.2673320484396581

contrast: 0.97
brightness: 0.2
saturation: 0.45
gamma: 1.01
gamma_r: 0.92
gamma_g: 0.98
gamma_b: 1.07
vignette: 26
temp: 2249