tweet_id: 1687082207918133248
masto_id: 110825748596387178

n_iter: 757
ct: 183
hue_offset: 258
saturation: -0.62

num_attempts: 250
dur: 328
std: 29.92
size: 17846 (17.43 KiB)

xmin: 0.10930565653676627
xmax: 0.1099241813550746
ymin: 0.6226068020553415
ymax: 0.6229547222656399

contrast: 1.14
brightness: -0.07
saturation: 0.55
gamma: 1.09
gamma_r: 1.01
gamma_g: 0.93
gamma_b: 0.96
vignette: 9
temp: 2976