tweet_id: 1691028888514662400
masto_id: 110887415477125212

n_iter: 129
ct: 244
hue_offset: 67
saturation: -0.41

num_attempts: 64
dur: 24
std: 21.28
size: 1199287 (1.14 MiB)

xmin: -0.9991486804771339
xmax: -0.9474245425460994
ymin: -0.6680471589199966
ymax: -0.6389523313337897

contrast: 1.12
brightness: 0.17
saturation: 0.72
gamma: 0.98
gamma_r: 0.99
gamma_g: 1.02
gamma_b: 1.02
vignette: 3
temp: 3641