tweet_id: 1691188403998474241
masto_id: 110889907939090936

n_iter: 415
ct: 255
hue_offset: 306
saturation: -0.91

num_attempts: 354
dur: 605
std: 38.18
size: 515595 (503.51 KiB)

xmin: -0.13471061731245904
xmax: -0.11701150226821125
ymin: 0.747721569892577
ymax: 0.7576773221049664

contrast: 1.21
brightness: 0.1
saturation: 1.33
gamma: 1.07
gamma_r: 1.06
gamma_g: 1.03
gamma_b: 0.92
vignette: -43
temp: 7544