tweet_id: 1690187318387249152
masto_id: 110874266039046015

n_iter: 250
ct: 188
hue_offset: 309
saturation: 0.54

num_attempts: 200
dur: 121
std: 31.56
size: 1100763 (1.05 MiB)

xmin: 0.3946936518016475
xmax: 0.39704520970876095
ymin: -0.31190581703896814
ymax: -0.3105830657162168

contrast: 1.24
brightness: 0.17
saturation: 1.52
gamma: 0.91
gamma_r: 1.03
gamma_g: 1.02
gamma_b: 0.95
vignette: 8
temp: 2781