tweet_id: 1685632701049544704

n_iter: 169
ct: 190
hue_offset: 291
saturation: -0.61

num_attempts: 87
dur: 78
std: 21.36
size: 652189 (636.9 KiB)

xmin: 0.38559272448879556
xmax: 0.4908558823835324
ymin: -0.6241915703434029
ymax: -0.5649810440276134

contrast: 0.97
brightness: -0.08
saturation: 1.45
gamma: 0.93
gamma_r: 0.93
gamma_g: 1.02
gamma_b: 1.06
vignette: -23
temp: 2078