tweet_id: 1689187328600764416
masto_id: 110858641236548923

n_iter: 339
ct: 136
hue_offset: 172
saturation: -0.61

num_attempts: 10
dur: 11
std: 26.64
size: 895564 (874.57 KiB)

xmin: -1.8722653668188123
xmax: 0.3777346331811877
ymin: -1.357644019144598
ymax: -0.09201901914459798

contrast: 1.37
brightness: 0.22
saturation: 1.27
gamma: 1.04
gamma_r: 0.97
gamma_g: 1.05
gamma_b: 0.92
vignette: -20
temp: 3779