tweet_id: 1689290351087853569
masto_id: 110860251034847090

newton_power: 7
newton_const: 2

n_iter: 180
ct: 239
hue_offset: 185
saturation: 0.78

num_attempts: 78
dur: 632
std: 17.06
size: 1222306 (1.17 MiB)

xmin: 1.3082873648214202
xmax: 1.3264691830032382
ymin: -1.6195691026216852
ymax: -1.6093418298944124

contrast: 1.54
brightness: 0.15
saturation: 1.47
gamma: 1.06
gamma_r: 1.06
gamma_g: 0.99
gamma_b: 1.01
vignette: -41
temp: 6679