tweet_id: 1687288160139849729
masto_id: 110828966631888984

n_iter: 360
ct: 86
hue_offset: 200
saturation: 0.76

num_attempts: 13
dur: 7
std: 47.59
size: 2030943 (1.94 MiB)

xmin: -0.8267818245131628
xmax: -0.7385465303955158
ymin: -0.8025998492615829
ymax: -0.7529674963204064

contrast: 1.48
brightness: -0.05
saturation: 0.55
gamma: 0.99
gamma_r: 0.99
gamma_g: 0.95
gamma_b: 0.99
vignette: -11
temp: 7586