tweet_id: 1688160935720968192
masto_id: 110842603797170393

n_iter: 505
ct: 206
hue_offset: 45
saturation: 0.07

num_attempts: 11
dur: 7
std: 40.36
size: 568673 (555.34 KiB)

xmin: 0.011359170433922205
xmax: 0.9113591704339222
ymin: -1.5960057089160382
ymax: -1.0897557089160381

contrast: 1.29
brightness: 0.07
saturation: 0.65
gamma: 0.93
gamma_r: 0.96
gamma_g: 0.93
gamma_b: 1.01
vignette: 5
temp: 3771