tweet_id: 1687892111222267905
masto_id: 110838403439593058

n_iter: 555
ct: 195
hue_offset: 216
saturation: -0.69

num_attempts: 57
dur: 61
std: 111.06
size: 1213820 (1.16 MiB)

xmin: 0.3292293135767679
xmax: 0.3329330172804716
ymin: -0.4208679074010251
ymax: -0.41878457406769176

contrast: 1.58
brightness: 0.18
saturation: 1.13
gamma: 0.93
gamma_r: 1.05
gamma_g: 1.09
gamma_b: 1.05
vignette: -44
temp: 6105