tweet_id: 1686628471651364864
masto_id: 110818659021090118

n_iter: 333
ct: 255
hue_offset: 244
saturation: 0.08

num_attempts: 388
dur: 604
std: 55.15
size: 808735 (789.78 KiB)

xmin: 0.5627214467307553
xmax: 0.5675582061019766
ymin: 0.15567541980068267
ymax: 0.15839609694699464

contrast: 1.04
brightness: -0.03
saturation: 1.58
gamma: 0.99
gamma_r: 0.92
gamma_g: 1.04
gamma_b: 1.06
vignette: -20
temp: 7898