tweet_id: 1686917581544804352
masto_id: 110823176434618883

n_iter: 418
ct: 1
hue_offset: 160
saturation: -0.48

num_attempts: 374
dur: 608
std: 60.56
size: 777594 (759.37 KiB)

xmin: -0.16862135863598615
xmax: -0.1622519318843938
ymin: 1.0923431967459059
ymax: 1.0959259992936765

contrast: 1.45
brightness: -0.07
saturation: 1.72
gamma: 1.01
gamma_r: 0.93
gamma_g: 0.92
gamma_b: 0.9
vignette: -29
temp: 5726