tweet_id: 1691066712920059906
masto_id: 110888006603943642

n_iter: 1014
ct: 191
hue_offset: 307
saturation: -0.42

num_attempts: 26
dur: 81
std: 31.91
size: 448745 (438.23 KiB)

xmin: 0.034872587914848374
xmax: 0.3682059212481817
ymin: -0.46804779045498823
ymax: -0.28054779045498823

contrast: 0.85
brightness: 0.02
saturation: 1.07
gamma: 1.06
gamma_r: 1.09
gamma_g: 0.94
gamma_b: 1.06
vignette: 7
temp: 7352