tweet_id: 1686438793509818372
masto_id: 110815695366791017

n_iter: 288
ct: 4
hue_offset: 27
saturation: 0.29

num_attempts: 2
dur: 1
std: 23.05
size: 1178465 (1.12 MiB)

xmin: -1.2286279691140616
xmax: 1.0213720308859384
ymin: -1.830278578295314
ymax: -0.5646535782953139

contrast: 0.87
brightness: 0.17
saturation: 0.36
gamma: 1.1
gamma_r: 0.97
gamma_g: 1.03
gamma_b: 0.94
vignette: -41
temp: 4238