tweet_id: 1689652532304633856
masto_id: 110865909981960368

newton_power: 3
newton_const: 9

n_iter: 175
ct: 141
hue_offset: 6
saturation: -0.07

num_attempts: 289
dur: 601
std: 4.0
size: 382218 (373.26 KiB)

xmin: -0.8958564650883987
xmax: -0.8021064650883987
ymin: -1.0098383337715622
ymax: -0.9571039587715622

contrast: 1.55
brightness: 0.03
saturation: 0.88
gamma: 0.92
gamma_r: 0.98
gamma_g: 1.03
gamma_b: 0.97
vignette: -6
temp: 7442