tweet_id: 1688799344026099712
masto_id: 110852578914362243

n_iter: 468
ct: 84
hue_offset: 251
saturation: -0.26

num_attempts: 223
dur: 199
std: 21.47
size: 943549 (921.43 KiB)

xmin: -0.39369446485247517
xmax: -0.39185538439270506
ymin: 0.6400038796038414
ymax: 0.6410383623624621

contrast: 1.3
brightness: 0.08
saturation: 1.04
gamma: 0.91
gamma_r: 0.94
gamma_g: 0.95
gamma_b: 0.99
vignette: 25
temp: 2114