tweet_id: 1686624325753868288
masto_id: 110818594552681295

n_iter: 460
ct: 184
hue_offset: 55
saturation: -0.04

num_attempts: 17
dur: 14
std: 18.33
size: 857609 (837.51 KiB)

xmin: 0.15725830749803116
xmax: 0.15884435032118738
ymin: 0.618846238788197
ymax: 0.6197383878762224

contrast: 1.09
brightness: 0.22
saturation: 0.41
gamma: 0.98
gamma_r: 1.08
gamma_g: 1.05
gamma_b: 1.03
vignette: -28
temp: 3327