tweet_id: 1685694263789498368

newton_power: 5
newton_const: 4

n_iter: 207
ct: 210
hue_offset: 349
saturation: -0.44

num_attempts: 11
dur: 71
std: 4.74
size: 745767 (728.29 KiB)

xmin: 0.7766111591401281
xmax: 0.785715863237245
ymin: -1.8065413375776045
ymax: -1.8014199415229764

contrast: 1.28
brightness: 0.07
saturation: 1.74
gamma: 0.93
gamma_r: 1.02
gamma_g: 1.01
gamma_b: 1.02
vignette: -44
temp: 2913