tweet_id: 1688069664356659201
masto_id: 110841177654418829

n_iter: 417
ct: 55
hue_offset: 327
saturation: -0.22

num_attempts: 22
dur: 19
std: 43.28
size: 1264827 (1.21 MiB)

xmin: -1.3045658324789775
xmax: -0.9584119863251314
ymin: -0.7014986523772582
ymax: -0.5067871139157197

contrast: 1.29
brightness: 0.15
saturation: 0.89
gamma: 0.95
gamma_r: 0.95
gamma_g: 0.93
gamma_b: 0.97
vignette: 22
temp: 5449