tweet_id: 1686046481013235712
masto_id: 110809565373675686

n_iter: 198
ct: 89
hue_offset: 236
saturation: -0.77

num_attempts: 38
dur: 16
std: 28.67
size: 1064906 (1.02 MiB)

xmin: 0.2128505398522722
xmax: 0.6628505398522722
ymin: -1.270109395261782
ymax: -1.0169843952617819

contrast: 1.62
brightness: 0.08
saturation: 0.77
gamma: 1.01
gamma_r: 0.99
gamma_g: 0.92
gamma_b: 1.08
vignette: -32
temp: 6639