tweet_id: 1685724550741278721
masto_id: 110804535227948900

n_iter: 761
ct: 235
hue_offset: 348
saturation: 0.71

num_attempts: 5
dur: 1
std: 47.74
size: 360022 (351.58 KiB)

xmin: 0.36772501777733346
xmax: 0.46528599338708954
ymin: 0.2604440925000453
ymax: 0.3153221412805331

contrast: 1.74
brightness: 0.08
saturation: 0.48
gamma: 0.91
gamma_r: 1.1
gamma_g: 0.97
gamma_b: 1.05
vignette: -2
temp: 7717