tweet_id: 1684667380730060800

newton_power: 7
newton_const: -7

n_iter: 104
ct: 95
hue_offset: 86
saturation: -0.36

num_attempts: 4
dur: 45
std: 8.1
size: 584601 (570.9 KiB)

xmin: -0.243136368612908
xmax: -0.22107754508349622
ymin: 0.3547754675933805
ymax: 0.3671835558286746

contrast: 1.73
brightness: 0.12
saturation: 0.65
gamma: 0.94
gamma_r: 1.09
gamma_g: 0.94
gamma_b: 1.1
vignette: 7
temp: 2541