tweet_id: 1684221810349600768

n_iter: 330
ct: 48
hue_offset: 189
saturation: 0.44

num_attempts: 27
dur: 7
std: 39.58
size: 1937923 (1.85 MiB)

xmin: -0.36727275770508294
xmax: -0.31554861977404847
ymin: -1.0267153974880736
ymax: -0.9976205699018668

contrast: 0.93
brightness: 0.21
saturation: 1.19
gamma: 1.09
gamma_r: 1.09
gamma_g: 1.02
gamma_b: 0.98
vignette: -10
temp: 2524