tweet_id: 1687530063502180354
masto_id: 110832746455777672

n_iter: 222
ct: 196
hue_offset: 83
saturation: -0.64

num_attempts: 8
dur: 4
std: 39.64
size: 774981 (756.82 KiB)

xmin: -0.37684505238394284
xmax: -0.37610183424942034
ymin: 0.6715287024743419
ymax: 0.6719467626750109

contrast: 1.79
brightness: -0.06
saturation: 0.49
gamma: 0.9
gamma_r: 1.02
gamma_g: 0.91
gamma_b: 0.93
vignette: -3
temp: 3815