tweet_id: 1685624456851451904

n_iter: 481
ct: 201
hue_offset: 346
saturation: 0.91

num_attempts: 14
dur: 5
std: 78.35
size: 1843023 (1.76 MiB)

xmin: -1.2088172060032816
xmax: -1.154600338533402
ymin: -0.4087789518789271
ymax: -0.3782819639271199

contrast: 0.84
brightness: 0.12
saturation: 0.61
gamma: 1.01
gamma_r: 0.93
gamma_g: 1.0
gamma_b: 0.9
vignette: -23
temp: 6491