tweet_id: 1690433443447099392
masto_id: 110878111756746096

n_iter: 388
ct: 255
hue_offset: 326
saturation: 0.21

num_attempts: 454
dur: 607
std: 53.59
size: 937339 (915.37 KiB)

xmin: 0.5427809010186686
xmax: 0.5554391288667698
ymin: -0.2443724039029207
ymax: -0.23725215073836373

contrast: 1.55
brightness: 0.13
saturation: 0.89
gamma: 1.07
gamma_r: 0.95
gamma_g: 1.09
gamma_b: 1.01
vignette: -15
temp: 6425