tweet_id: 1689682739962814478
masto_id: 110866381994114261

newton_power: 4
newton_const: 8

n_iter: 83
ct: 147
hue_offset: 13
saturation: -0.04

num_attempts: 115
dur: 602
std: 7.21
size: 864721 (844.45 KiB)

xmin: -1.962205211993395
xmax: -1.774705211993395
ymin: 0.19477278324177227
ymax: 0.3002415332417723

contrast: 1.27
brightness: 0.21
saturation: 1.42
gamma: 1.06
gamma_r: 1.05
gamma_g: 1.05
gamma_b: 0.94
vignette: 31
temp: 5460