tweet_id: 1690105527227789312
masto_id: 110872988056184330

newton_power: 4
newton_const: -10

n_iter: 240
ct: 216
hue_offset: 253
saturation: 0.25

num_attempts: 123
dur: 600
std: 7.55
size: 871173 (850.75 KiB)

xmin: 0.8551601544643432
xmax: 0.8619093108197988
ymin: 1.1429740202442833
ymax: 1.146770420694227

contrast: 1.35
brightness: -0.04
saturation: 1.4
gamma: 1.03
gamma_r: 0.98
gamma_g: 1.01
gamma_b: 0.9
vignette: -28
temp: 7354