tweet_id: 1689338169789943808
masto_id: 110860997965209718

n_iter: 413
ct: 106
hue_offset: 291
saturation: -0.23

num_attempts: 1
dur: 3
std: 61.57
size: 1073276 (1.02 MiB)

xmin: 0.10413233627659668
xmax: 0.29978451018964014
ymin: -1.169889700653676
ymax: -1.059835352827589

contrast: 1.64
brightness: 0.22
saturation: 1.67
gamma: 0.91
gamma_r: 1.08
gamma_g: 0.95
gamma_b: 1.07
vignette: 14
temp: 4896