tweet_id: 1686831065778868225
masto_id: 110821824607081220

n_iter: 317
ct: 187
hue_offset: 99
saturation: 0.8

num_attempts: 9
dur: 6
std: 26.0
size: 787768 (769.3 KiB)

xmin: -1.4974800264164028
xmax: -1.2162300264164028
ymin: -0.1759361774541206
ymax: -0.0177330524541206

contrast: 0.85
brightness: 0.17
saturation: 0.3
gamma: 0.97
gamma_r: 1.08
gamma_g: 0.92
gamma_b: 1.02
vignette: -31
temp: 7524