tweet_id: 1685176752015110144

n_iter: 302
ct: 241
hue_offset: 112
saturation: -0.36

num_attempts: 76
dur: 115
std: 57.94
size: 982198 (959.18 KiB)

xmin: -0.14841772035384704
xmax: -0.14242071885459667
ymin: -0.8232515675796427
ymax: -0.8198782542363143

contrast: 1.16
brightness: 0.05
saturation: 1.63
gamma: 0.97
gamma_r: 0.93
gamma_g: 0.98
gamma_b: 1.08
vignette: 29
temp: 3811