tweet_id: 1686149483065663488
masto_id: 110811174814887753

newton_power: 6
newton_const: -6

n_iter: 226
ct: 37
hue_offset: 324
saturation: -0.85

num_attempts: 86
dur: 607
std: 18.35
size: 1272225 (1.21 MiB)

xmin: 1.3565222764947968
xmax: 1.3632112397054992
ymin: -1.0258450784530289
ymax: -1.0220825366470088

contrast: 1.63
brightness: 0.03
saturation: 0.9
gamma: 0.99
gamma_r: 0.92
gamma_g: 0.95
gamma_b: 1.06
vignette: -36
temp: 2588