tweet_id: 1688039142368964608
masto_id: 110840700740052353

n_iter: 399
ct: 158
hue_offset: 135
saturation: -0.17

num_attempts: 10
dur: 3
std: 52.1
size: 1804659 (1.72 MiB)

xmin: 0.4424575945090412
xmax: 0.5976300083021446
ymin: -1.233475921165823
ymax: -1.1461914384072023

contrast: 1.11
brightness: 0.17
saturation: 0.94
gamma: 0.94
gamma_r: 1.02
gamma_g: 0.9
gamma_b: 1.01
vignette: -11
temp: 5161