tweet_id: 1685955625673535488
masto_id: 110808145759769853

n_iter: 374
ct: 216
hue_offset: 268
saturation: -0.85

num_attempts: 39
dur: 28
std: 23.16
size: 503021 (491.23 KiB)

xmin: 0.22705224808393432
xmax: 0.9770522480839343
ymin: -1.1489487882406486
ymax: -0.7270737882406486

contrast: 1.54
brightness: 0.1
saturation: 1.51
gamma: 0.91
gamma_r: 0.95
gamma_g: 0.95
gamma_b: 0.93
vignette: 12
temp: 6271