tweet_id: 1688437173820002304
masto_id: 110846920035446561

n_iter: 821
ct: 196
hue_offset: 49
saturation: -0.14

num_attempts: 136
dur: 191
std: 46.14
size: 941703 (919.63 KiB)

xmin: -1.2574752519944636
xmax: -1.2543864489056606
ymin: -0.03497556227014731
ymax: -0.03323811053269557

contrast: 1.43
brightness: -0.04
saturation: 1.45
gamma: 1.0
gamma_r: 1.09
gamma_g: 0.99
gamma_b: 1.05
vignette: -25
temp: 6300