tweet_id: 1690610054053933058
masto_id: 110880871199997956

n_iter: 556
ct: 158
hue_offset: 133
saturation: -0.36

num_attempts: 47
dur: 33
std: 88.23
size: 1724414 (1.64 MiB)

xmin: 0.3689688591442932
xmax: 0.3694028398321526
ymin: -0.30231750685448033
ymax: -0.30207339271755945

contrast: 1.21
brightness: -0.01
saturation: 0.62
gamma: 1.01
gamma_r: 0.91
gamma_g: 0.96
gamma_b: 1.06
vignette: -10
temp: 5289