tweet_id: 1690101235486195713
masto_id: 110872920969008015

n_iter: 507
ct: 255
hue_offset: 140
saturation: 0.13

num_attempts: 246
dur: 602
std: 46.96
size: 706715 (690.15 KiB)

xmin: -0.11896354040196022
xmax: -0.107469287528397
ymin: 0.7892089472922605
ymax: 0.7956744645336399

contrast: 1.05
brightness: -0.08
saturation: 1.62
gamma: 1.1
gamma_r: 1.09
gamma_g: 1.08
gamma_b: 0.93
vignette: 7
temp: 2381