tweet_id: 1689277451522785282
masto_id: 110860049378601701

n_iter: 434
ct: 148
hue_offset: 67
saturation: 0.14

num_attempts: 73
dur: 65
std: 38.66
size: 782133 (763.8 KiB)

xmin: -1.3183669048123536
xmax: 0.18163309518764637
ymin: -1.4972230473515147
ymax: -0.6534730473515147

contrast: 1.74
brightness: 0.07
saturation: 1.15
gamma: 0.95
gamma_r: 1.01
gamma_g: 0.94
gamma_b: 0.94
vignette: -30
temp: 4126