tweet_id: 1689855126624768001
masto_id: 110869075518648651

n_iter: 340
ct: 57
hue_offset: 78
saturation: 0.2

num_attempts: 23
dur: 6
std: 16.18
size: 828724 (809.3 KiB)

xmin: 0.3787809551519943
xmax: 0.3874389638100029
ymin: -0.10459564320962667
ymax: -0.0997255133394968

contrast: 1.52
brightness: -0.05
saturation: 0.25
gamma: 1.07
gamma_r: 0.99
gamma_g: 0.93
gamma_b: 0.92
vignette: 9
temp: 7748