tweet_id: 1687042524068630529
masto_id: 110825128574210747

n_iter: 225
ct: 163
hue_offset: 245
saturation: 0.84

num_attempts: 3
dur: 2
std: 35.12
size: 1693248 (1.61 MiB)

xmin: -0.420664928118482
xmax: -0.28831198694201143
ymin: -0.9249417297158435
ymax: -0.8504932003040788

contrast: 0.74
brightness: 0.15
saturation: 0.75
gamma: 0.96
gamma_r: 0.99
gamma_g: 1.05
gamma_b: 1.05
vignette: 25
temp: 7988