tweet_id: 1685573551225466880

newton_power: 7
newton_const: 10

n_iter: 97
ct: 142
hue_offset: 107
saturation: 0.69

num_attempts: 14
dur: 88
std: 17.6
size: 691510 (675.3 KiB)

xmin: -2.3781683600511845
xmax: -2.3691049159424233
ymin: -1.1759919566521417
ymax: -1.1708937693409636

contrast: 1.59
brightness: -0.09
saturation: 0.32
gamma: 0.99
gamma_r: 0.97
gamma_g: 0.92
gamma_b: 1.01
vignette: 3
temp: 6919