tweet_id: 1687750011092615168
masto_id: 110836183145888457

newton_power: 3
newton_const: 1

n_iter: 73
ct: 35
hue_offset: 264
saturation: 0.91

num_attempts: 271
dur: 601
std: 3.91
size: 846768 (826.92 KiB)

xmin: -0.5015568918462825
xmax: -0.49392330406002294
ymin: 1.1220171094962974
ymax: 1.1263110026260683

contrast: 1.42
brightness: 0.03
saturation: 0.84
gamma: 0.92
gamma_r: 0.91
gamma_g: 0.91
gamma_b: 1.0
vignette: 23
temp: 5392