tweet_id: 1684939028469075968

newton_power: 3
newton_const: 4

n_iter: 65
ct: 240
hue_offset: 225
saturation: -0.11

num_attempts: 6
dur: 14
std: 3.97
size: 690817 (674.63 KiB)

xmin: 2.107997747322928
xmax: 2.9651406044657853
ymin: -0.1187586044430935
ymax: 0.3633842526997636

contrast: 1.42
brightness: 0.21
saturation: 1.14
gamma: 1.02
gamma_r: 0.94
gamma_g: 0.95
gamma_b: 1.08
vignette: 28
temp: 2139