tweet_id: 1686447109375934471
masto_id: 110815825537845416

n_iter: 285
ct: 255
hue_offset: 30
saturation: -0.99

num_attempts: 543
dur: 600
std: 47.75
size: 1130469 (1.08 MiB)

xmin: 0.24664180035184513
xmax: 0.25136435052894074
ymin: 1.0774760841358555
ymax: 1.0801325186104718

contrast: 0.75
brightness: 0.15
saturation: 1.29
gamma: 1.02
gamma_r: 1.06
gamma_g: 1.08
gamma_b: 0.97
vignette: -27
temp: 2218