tweet_id: 1684421523971375106

n_iter: 401
ct: 206
hue_offset: 68
saturation: 0.84

num_attempts: 28
dur: 53
std: 12.93
size: 583862 (570.18 KiB)

xmin: 0.03621969087588761
xmax: 0.8362196908758877
ymin: -0.6747365781664315
ymax: -0.2247365781664315

contrast: 0.89
brightness: 0.07
saturation: 0.4
gamma: 0.97
gamma_r: 0.96
gamma_g: 1.06
gamma_b: 0.97
vignette: 12
temp: 7759