tweet_id: 1684607098254917632

newton_power: 5
newton_const: -3

n_iter: 70
ct: 54
hue_offset: 289
saturation: 0.95

num_attempts: 13
dur: 59
std: 5.16
size: 767648 (749.66 KiB)

xmin: 1.5577606412632887
xmax: 1.5647050857077331
ymin: 1.3669379877297776
ymax: 1.3708442377297776

contrast: 1.04
brightness: -0.02
saturation: 0.28
gamma: 0.99
gamma_r: 1.01
gamma_g: 1.08
gamma_b: 1.07
vignette: -43
temp: 6249