tweet_id: 1690159120974753792
masto_id: 110873825356561717

n_iter: 179
ct: 147
hue_offset: 140
saturation: 1.0

num_attempts: 44
dur: 23
std: 30.46
size: 1689922 (1.61 MiB)

xmin: -1.4832333229242907
xmax: -1.3678487075396752
ymin: -0.25763353921290677
ymax: -0.19272969305906062

contrast: 0.73
brightness: 0.07
saturation: 0.38
gamma: 1.07
gamma_r: 0.94
gamma_g: 1.05
gamma_b: 0.99
vignette: 21
temp: 7191