tweet_id: 1686995089435115521
masto_id: 110824387524985170

newton_power: 6
newton_const: -2

n_iter: 238
ct: 174
hue_offset: 107
saturation: -0.95

num_attempts: 85
dur: 604
std: 13.15
size: 1007520 (983.91 KiB)

xmin: -1.95025779094698
xmax: -1.9438883641953877
ymin: 1.2280689242618439
ymax: 1.2316517268096145

contrast: 1.71
brightness: -0.09
saturation: 0.3
gamma: 1.09
gamma_r: 0.99
gamma_g: 0.99
gamma_b: 0.95
vignette: -32
temp: 2098