tweet_id: 1690644812209295360
masto_id: 110881414338565502

n_iter: 438
ct: 255
hue_offset: 268
saturation: 0.63

num_attempts: 402
dur: 603
std: 57.04
size: 1395797 (1.33 MiB)

xmin: -0.38773514997936864
xmax: -0.3784758907201094
ymin: -0.6962126576890922
ymax: -0.6910043243557589

contrast: 1.15
brightness: 0.1
saturation: 0.9
gamma: 0.95
gamma_r: 0.93
gamma_g: 0.94
gamma_b: 0.95
vignette: -35
temp: 3771