tweet_id: 1689519444429537281
masto_id: 110863830539023854

n_iter: 435
ct: 193
hue_offset: 340
saturation: 0.92

num_attempts: 6
dur: 1
std: 54.54
size: 1568859 (1.5 MiB)

xmin: -1.4375963847692401
xmax: -1.3052434435927696
ymin: -0.37691281038719593
ymax: -0.3024642809754312

contrast: 0.81
brightness: 0.08
saturation: 1.06
gamma: 0.94
gamma_r: 1.03
gamma_g: 0.95
gamma_b: 1.05
vignette: 3
temp: 7824