tweet_id: 1686565451646599168
masto_id: 110817674388728439

n_iter: 841
ct: 2
hue_offset: 112
saturation: 0.14

num_attempts: 72
dur: 83
std: 22.47
size: 934190 (912.29 KiB)

xmin: 0.33833116906775906
xmax: 0.33959980211564994
ymin: 0.04685636730843812
ymax: 0.04756997339787675

contrast: 1.39
brightness: 0.03
saturation: 0.31
gamma: 0.98
gamma_r: 1.06
gamma_g: 0.92
gamma_b: 0.96
vignette: 9
temp: 6964