tweet_id: 1689813072288911360
masto_id: 110868418430141403

n_iter: 608
ct: 1
hue_offset: 246
saturation: 0.6

num_attempts: 246
dur: 605
std: 95.23
size: 1596998 (1.52 MiB)

xmin: -0.4120387893194031
xmax: -0.4054706448202241
ymin: 0.5987548309425512
ymax: 0.6024494122233394

contrast: 0.93
brightness: 0.07
saturation: 1.32
gamma: 1.03
gamma_r: 0.98
gamma_g: 0.93
gamma_b: 0.99
vignette: -42
temp: 5652