tweet_id: 1686288099955863552
masto_id: 110813340793887075

n_iter: 443
ct: 126
hue_offset: 321
saturation: -0.23

num_attempts: 5
dur: 6
std: 26.59
size: 864732 (844.46 KiB)

xmin: -0.1656529293730058
xmax: 1.3343470706269942
ymin: -1.3035275551458874
ymax: -0.45977755514588736

contrast: 1.15
brightness: 0.12
saturation: 0.84
gamma: 1.04
gamma_r: 0.92
gamma_g: 1.09
gamma_b: 0.96
vignette: 23
temp: 3837