tweet_id: 1691124022363271168
masto_id: 110888902041580035

n_iter: 727
ct: 84
hue_offset: 300
saturation: 0.29

num_attempts: 43
dur: 67
std: 15.7
size: 499171 (487.47 KiB)

xmin: -0.6923169694279614
xmax: -0.6895847289908029
ymin: 0.3855370929934576
ymax: 0.38707397823935924

contrast: 1.71
brightness: 0.09
saturation: 0.65
gamma: 1.08
gamma_r: 1.06
gamma_g: 0.97
gamma_b: 0.95
vignette: -2
temp: 3422