tweet_id: 1690407544467095552
masto_id: 110877706972217421

newton_power: 3
newton_const: 6

n_iter: 71
ct: 198
hue_offset: 106
saturation: 0.05

num_attempts: 276
dur: 600
std: 3.89
size: 253541 (247.6 KiB)

xmin: 0.4910141532701968
xmax: 1.6910141532701968
ymin: -0.37437285602201853
ymax: 0.3006271439779814

contrast: 1.71
brightness: 0.12
saturation: 1.41
gamma: 0.91
gamma_r: 1.06
gamma_g: 0.94
gamma_b: 1.05
vignette: 2
temp: 2543