tweet_id: 1691132336295817216
masto_id: 110889032035261521

newton_power: 5
newton_const: -1

n_iter: 102
ct: 215
hue_offset: 317
saturation: -0.44

num_attempts: 99
dur: 602
std: 11.61
size: 978685 (955.75 KiB)

xmin: -2.5192607442389594
xmax: -2.510183588414451
ymin: -0.05160155103364339
ymax: -0.04649565088235746

contrast: 1.21
brightness: 0.02
saturation: 0.77
gamma: 1.06
gamma_r: 1.03
gamma_g: 1.09
gamma_b: 1.1
vignette: 21
temp: 7244