tweet_id: 1689216913313030144
masto_id: 110859103498146714

n_iter: 223
ct: 9
hue_offset: 273
saturation: -0.34

num_attempts: 4
dur: 1
std: 22.49
size: 1628034 (1.55 MiB)

xmin: -0.8498853645673905
xmax: -0.5284567931388191
ymin: -1.1043895320677368
ymax: -0.9235859606391654

contrast: 1.69
brightness: 0.1
saturation: 1.52
gamma: 1.06
gamma_r: 0.9
gamma_g: 0.94
gamma_b: 0.93
vignette: 12
temp: 2865