tweet_id: 1686136384392773632
masto_id: 110810970089124697

n_iter: 467
ct: 53
hue_offset: 44
saturation: 0.37

num_attempts: 4
dur: 7
std: 59.35
size: 1574622 (1.5 MiB)

xmin: -0.45455744226916295
xmax: -0.4034210786327993
ymin: -0.9737628889650083
ymax: -0.9449986844195537

contrast: 1.29
brightness: 0.01
saturation: 1.14
gamma: 0.93
gamma_r: 1.06
gamma_g: 0.99
gamma_b: 0.92
vignette: -1
temp: 7940