tweet_id: 1690912383873789952
masto_id: 110885595139455838

n_iter: 1000
ct: 167
hue_offset: 115
saturation: 0.48

num_attempts: 10
dur: 37
std: 95.17
size: 1053251 (1.0 MiB)

xmin: -0.05042687040545113
xmax: 0.016239796261215536
ymin: -0.6733268001986488
ymax: -0.6358268001986488

contrast: 1.44
brightness: -0.03
saturation: 0.81
gamma: 0.95
gamma_r: 1.0
gamma_g: 0.91
gamma_b: 1.07
vignette: -15
temp: 5090