tweet_id: 1690467974178619392
masto_id: 110878651548642254

newton_power: 7
newton_const: -2

n_iter: 246
ct: 151
hue_offset: 169
saturation: -0.7

num_attempts: 84
dur: 603
std: 16.89
size: 1168568 (1.11 MiB)

xmin: -1.825727391121538
xmax: -1.1590607244548714
ymin: -0.09692945678767817
ymax: 0.27807054321232183

contrast: 0.8
brightness: 0.03
saturation: 0.48
gamma: 0.94
gamma_r: 1.06
gamma_g: 1.03
gamma_b: 1.1
vignette: -22
temp: 5110