tweet_id: 1687025221339926528
masto_id: 110824858353700779

newton_power: 4
newton_const: -6

n_iter: 113
ct: 35
hue_offset: 229
saturation: 0.99

num_attempts: 122
dur: 600
std: 6.31
size: 900995 (879.88 KiB)

xmin: -0.6959978362003101
xmax: -0.6883447749758203
ymin: 0.211051614833496
ymax: 0.2153564617722715

contrast: 1.51
brightness: 0.14
saturation: 1.1
gamma: 0.9
gamma_r: 1.02
gamma_g: 0.92
gamma_b: 0.92
vignette: -44
temp: 3616