tweet_id: 1685659535749296128

n_iter: 142
ct: 64
hue_offset: 234
saturation: 0.12

num_attempts: 15
dur: 21
std: 15.7
size: 611320 (596.99 KiB)

xmin: 0.07425511518770067
xmax: 0.08135991092482323
ymin: -1.1668388546806168
ymax: -1.1628424070784853

contrast: 1.1
brightness: 0.05
saturation: 1.24
gamma: 1.03
gamma_r: 1.08
gamma_g: 1.08
gamma_b: 0.94
vignette: 2
temp: 5539