tweet_id: 1691331267453677569
masto_id: 110892140147685966

n_iter: 279
ct: 97
hue_offset: 253
saturation: 0.0

num_attempts: 6
dur: 4
std: 41.72
size: 1748970 (1.67 MiB)

xmin: -0.3108223506056311
xmax: -0.2382417054443408
ymin: -1.010598815233665
ymax: -0.9697722023304391

contrast: 0.75
brightness: 0.15
saturation: 0.36
gamma: 0.93
gamma_r: 1.04
gamma_g: 0.96
gamma_b: 1.0
vignette: -35
temp: 7312