tweet_id: 1685261971271065600

n_iter: 426
ct: 122
hue_offset: 206
saturation: -0.03

num_attempts: 6
dur: 2
std: 59.54
size: 1909526 (1.82 MiB)

xmin: 0.12422909796298587
xmax: 0.1934598671937551
ymin: -1.1686685505938756
ymax: -1.129726242901568

contrast: 1.68
brightness: -0.06
saturation: 1.47
gamma: 1.01
gamma_r: 0.9
gamma_g: 1.02
gamma_b: 1.05
vignette: -26
temp: 5608