tweet_id: 1688233196989906944
masto_id: 110843732970149289

newton_power: 5
newton_const: 0

n_iter: 120
ct: 69
hue_offset: 351
saturation: -0.08

num_attempts: 65
dur: 601
std: 2.68
size: 769230 (751.2 KiB)

xmin: -1.120004038243243
xmax: 1.879995961756757
ymin: -1.4608891734287601
ymax: 0.22661082657123988

contrast: 1.11
brightness: 0.15
saturation: 0.42
gamma: 0.92
gamma_r: 0.95
gamma_g: 1.08
gamma_b: 0.94
vignette: -32
temp: 5770