tweet_id: 1689557929475665920
masto_id: 110864431778801687

n_iter: 340
ct: 255
hue_offset: 234
saturation: 0.23

num_attempts: 366
dur: 601
std: 57.56
size: 527236 (514.88 KiB)

xmin: -0.5856436712020321
xmax: -0.5813379661428286
ymin: -0.3132552323449014
ymax: -0.31083327324909943

contrast: 1.51
brightness: 0.22
saturation: 0.55
gamma: 1.08
gamma_r: 0.99
gamma_g: 1.08
gamma_b: 1.09
vignette: 2
temp: 5282