tweet_id: 1690851297333739521
masto_id: 110884640699296465

n_iter: 572
ct: 32
hue_offset: 298
saturation: 0.55

num_attempts: 21
dur: 37
std: 81.16
size: 1245484 (1.19 MiB)

xmin: 0.3412750738003254
xmax: 0.34185352643951555
ymin: -0.37073198622645986
ymax: -0.3704066066169154

contrast: 0.99
brightness: 0.13
saturation: 1.07
gamma: 1.0
gamma_r: 1.09
gamma_g: 1.06
gamma_b: 1.01
vignette: 16
temp: 7906