tweet_id: 1685025342568759296

n_iter: 147
ct: 182
hue_offset: 208
saturation: -0.24

num_attempts: 26
dur: 17
std: 22.31
size: 933221 (911.35 KiB)

xmin: -0.10409713764012496
xmax: -0.09567608500854602
ymin: -1.1294423331186212
ymax: -1.124705491013358

contrast: 0.7
brightness: 0.19
saturation: 1.74
gamma: 1.02
gamma_r: 1.1
gamma_g: 0.97
gamma_b: 0.99
vignette: 28
temp: 2935