tweet_id: 1686028676188479488
masto_id: 110809287315634979

newton_power: 5
newton_const: 1

n_iter: 182
ct: 131
hue_offset: 263
saturation: -0.48

num_attempts: 93
dur: 610
std: 10.3
size: 1158396 (1.1 MiB)

xmin: -1.2946582507558015
xmax: -0.8660868221843729
ymin: 0.47495897487124283
ymax: 0.7160304034426714

contrast: 1.18
brightness: 0.18
saturation: 1.55
gamma: 0.96
gamma_r: 0.93
gamma_g: 1.06
gamma_b: 0.96
vignette: -44
temp: 2796