tweet_id: 1690795839785205760
masto_id: 110883774108032514

n_iter: 627
ct: 1
hue_offset: 157
saturation: -0.11

num_attempts: 309
dur: 611
std: 82.55
size: 611416 (597.09 KiB)

xmin: 0.5136913921248851
xmax: 0.5226000780937047
ymin: 0.12201219193596824
ymax: 0.12702332779342926

contrast: 0.86
brightness: 0.17
saturation: 1.26
gamma: 1.1
gamma_r: 1.02
gamma_g: 1.02
gamma_b: 1.06
vignette: 1
temp: 4638