tweet_id: 1685713970429050880

n_iter: 144
ct: 186
hue_offset: 307
saturation: 0.81

num_attempts: 63
dur: 26
std: 20.87
size: 633911 (619.05 KiB)

xmin: -1.2906537947958974
xmax: -0.969225223367326
ymin: -0.7318638755226252
ymax: -0.5510603040940538

contrast: 1.72
brightness: -0.02
saturation: 0.52
gamma: 0.91
gamma_r: 0.94
gamma_g: 1.08
gamma_b: 1.06
vignette: -16
temp: 7532