tweet_id: 1684576618692632582

newton_power: 7
newton_const: 1

n_iter: 86
ct: 154
hue_offset: 37
saturation: -0.79

num_attempts: 1
dur: 12
std: 8.6
size: 775656 (757.48 KiB)

xmin: -2.290020767636319
xmax: -2.253657131272683
ymin: -1.3142728469197187
ymax: -1.2938183014651732

contrast: 1.39
brightness: 0.15
saturation: 1.29
gamma: 1.02
gamma_r: 0.98
gamma_g: 0.94
gamma_b: 0.97
vignette: 16
temp: 6353