tweet_id: 1690675065481007104
masto_id: 110881887174422126

n_iter: 508
ct: 1
hue_offset: 136
saturation: -0.97

num_attempts: 275
dur: 604
std: 63.07
size: 912365 (890.98 KiB)

xmin: -0.09812991467030452
xmax: -0.09228196145393025
ymin: 1.1267669953968298
ymax: 1.1300564690810404

contrast: 0.85
brightness: -0.01
saturation: 0.74
gamma: 1.08
gamma_r: 1.05
gamma_g: 0.94
gamma_b: 1.02
vignette: -31
temp: 7459