tweet_id: 1687952474072584192
masto_id: 110839346542353514

n_iter: 871
ct: 54
hue_offset: 59
saturation: -0.1

num_attempts: 70
dur: 105
std: 83.59
size: 1655411 (1.58 MiB)

xmin: -0.7358510199748309
xmax: -0.7340881288333589
ymin: 0.20746829724319515
ymax: 0.20845992351027315

contrast: 1.68
brightness: 0.15
saturation: 0.68
gamma: 0.95
gamma_r: 1.05
gamma_g: 1.05
gamma_b: 1.07
vignette: 15
temp: 6968