tweet_id: 1687051137847902208
masto_id: 110825263060659473

n_iter: 532
ct: 255
hue_offset: 167
saturation: -0.73

num_attempts: 315
dur: 606
std: 73.91
size: 552640 (539.69 KiB)

xmin: 0.53114149419241
xmax: 0.5419816025934939
ymin: -0.19435995439768128
ymax: -0.18826239342207152

contrast: 0.98
brightness: -0.04
saturation: 0.61
gamma: 0.98
gamma_r: 0.91
gamma_g: 0.95
gamma_b: 0.91
vignette: 0
temp: 5957