tweet_id: 1687294601965555712
masto_id: 110829067325647081

n_iter: 478
ct: 255
hue_offset: 79
saturation: 0.88

num_attempts: 327
dur: 605
std: 47.84
size: 1135196 (1.08 MiB)

xmin: -0.5650309486120595
xmax: -0.5460736026404955
ymin: -0.2125677071960479
ymax: -0.20190420008704316

contrast: 1.16
brightness: 0.02
saturation: 0.77
gamma: 1.09
gamma_r: 1.09
gamma_g: 1.05
gamma_b: 1.0
vignette: -23
temp: 7925