tweet_id: 1688406193478508544
masto_id: 110846436083884929

n_iter: 1023
ct: 236
hue_offset: 79
saturation: 0.31

num_attempts: 124
dur: 156
std: 89.43
size: 1420694 (1.35 MiB)

xmin: 0.3657597840981337
xmax: 0.3663611070085366
ymin: -0.10299553412621365
ymax: -0.10265728998911203

contrast: 1.57
brightness: 0.12
saturation: 0.51
gamma: 0.99
gamma_r: 0.99
gamma_g: 1.04
gamma_b: 0.98
vignette: -24
temp: 4652