tweet_id: 1688595578911875072
masto_id: 110849395561379749

newton_power: 4
newton_const: 1

n_iter: 250
ct: 109
hue_offset: 233
saturation: 0.06

num_attempts: 117
dur: 600
std: 6.54
size: 575376 (561.89 KiB)

xmin: -0.047949419658839254
xmax: -0.03673446638781122
ymin: 1.7363672692379586
ymax: 1.7426756804529118

contrast: 0.92
brightness: -0.01
saturation: 0.93
gamma: 1.04
gamma_r: 0.91
gamma_g: 0.98
gamma_b: 1.03
vignette: -5
temp: 4188