tweet_id: 1685845625756319744
masto_id: 110806427043576750

n_iter: 322
ct: 115
hue_offset: 233
saturation: -0.28

num_attempts: 394
dur: 605
std: 36.54
size: 936343 (914.4 KiB)

xmin: 0.04656844587539899
xmax: 0.05976976600741219
ymin: 1.1308614067872496
ymax: 1.138287149361507

contrast: 1.24
brightness: 0.06
saturation: 1.3
gamma: 1.1
gamma_r: 0.98
gamma_g: 0.94
gamma_b: 0.91
vignette: 5
temp: 5837