tweet_id: 1685828145847394304
masto_id: 110806153989900674

n_iter: 721
ct: 20
hue_offset: 180
saturation: 0.81

num_attempts: 90
dur: 102
std: 24.93
size: 1288214 (1.23 MiB)

xmin: -0.023489134605846562
xmax: -0.02039315937364842
ymin: 0.7656199921056055
ymax: 0.7673614781737169

contrast: 1.15
brightness: -0.03
saturation: 0.68
gamma: 0.92
gamma_r: 0.95
gamma_g: 1.07
gamma_b: 1.02
vignette: -40
temp: 3828