tweet_id: 1688167135300775936
masto_id: 110842700746155532

n_iter: 715
ct: 95
hue_offset: 66
saturation: -0.29

num_attempts: 124
dur: 126
std: 55.52
size: 1042901 (1018.46 KiB)

xmin: -1.257431767596633
xmax: -1.2551833134088872
ymin: -0.03443386837162077
ymax: -0.03316911289101369

contrast: 1.16
brightness: 0.18
saturation: 0.91
gamma: 1.07
gamma_r: 1.03
gamma_g: 0.94
gamma_b: 0.94
vignette: 13
temp: 3060