tweet_id: 1688530345258319872
masto_id: 110848375871682995

n_iter: 545
ct: 233
hue_offset: 167
saturation: 0.82

num_attempts: 21
dur: 18
std: 17.81
size: 1253287 (1.2 MiB)

xmin: -0.40077361642404563
xmax: -0.3997335748223816
ymin: 0.6381399028093613
ymax: 0.6387249262102973

contrast: 0.84
brightness: 0.18
saturation: 1.14
gamma: 0.9
gamma_r: 0.93
gamma_g: 0.97
gamma_b: 0.93
vignette: -48
temp: 5910