tweet_id: 1685723579432787968
masto_id: 110804520090010935

n_iter: 206
ct: 119
hue_offset: 188
saturation: -0.48

num_attempts: 716
dur: 600
std: 37.88
size: 1317421 (1.26 MiB)

xmin: 0.42021768778665747
xmax: 0.43026793904293886
ymin: -0.5943878201394087
ymax: -0.5887345538077504

contrast: 1.3
brightness: -0.05
saturation: 1.0
gamma: 0.97
gamma_r: 1.05
gamma_g: 1.07
gamma_b: 0.98
vignette: -31
temp: 5851