tweet_id: 1688193923783491584
masto_id: 110843119279806690

n_iter: 915
ct: 72
hue_offset: 312
saturation: -0.8

num_attempts: 76
dur: 94
std: 116.03
size: 2088666 (1.99 MiB)

xmin: -0.341814997160105
xmax: -0.3412308850105723
ymin: 0.6232084014618726
ymax: 0.6235369645459847

contrast: 1.5
brightness: -0.01
saturation: 1.01
gamma: 1.07
gamma_r: 1.0
gamma_g: 0.9
gamma_b: 1.03
vignette: -38
temp: 5927