tweet_id: 1684450213472378880

n_iter: 547
ct: 130
hue_offset: 250
saturation: -0.57

num_attempts: 59
dur: 69
std: 40.67
size: 1371857 (1.31 MiB)

xmin: 0.35173852451670573
xmax: 0.3531187867665332
ymin: 0.378859178584529
ymax: 0.37963557610005694

contrast: 1.1
brightness: 0.2
saturation: 1.05
gamma: 1.03
gamma_r: 1.06
gamma_g: 1.06
gamma_b: 1.0
vignette: 10
temp: 4757