tweet_id: 1691102094550278145
masto_id: 110888559400400734

newton_power: 5
newton_const: -3

n_iter: 86
ct: 21
hue_offset: 317
saturation: 0.65

num_attempts: 87
dur: 601
std: 13.08
size: 1286423 (1.23 MiB)

xmin: 1.212397707832677
xmax: 1.239424734859704
ymin: 1.1273709268142054
ymax: 1.142573629516908

contrast: 0.96
brightness: -0.01
saturation: 0.26
gamma: 1.04
gamma_r: 1.09
gamma_g: 0.9
gamma_b: 0.98
vignette: -28
temp: 6378