tweet_id: 1691093342266822656
masto_id: 110888423398148644

n_iter: 261
ct: 181
hue_offset: 80
saturation: -0.22

num_attempts: 67
dur: 47
std: 19.05
size: 818345 (799.17 KiB)

xmin: 0.14892456871769433
xmax: 0.15718903152761168
ymin: -0.5971678171166226
ymax: -0.5925190567860441

contrast: 0.81
brightness: 0.17
saturation: 1.58
gamma: 1.04
gamma_r: 1.0
gamma_g: 0.91
gamma_b: 1.04
vignette: -27
temp: 7594