tweet_id: 1686391062649274370
masto_id: 110814949522545244

newton_power: 3
newton_const: -3

n_iter: 166
ct: 42
hue_offset: 290
saturation: -0.02

num_attempts: 263
dur: 601
std: 4.01
size: 396303 (387.01 KiB)

xmin: -0.5464614012866913
xmax: -0.519312080019723
ymin: -0.24219184304167585
ymax: -0.22692034982900616

contrast: 1.4
brightness: 0.05
saturation: 0.87
gamma: 0.99
gamma_r: 1.07
gamma_g: 1.04
gamma_b: 0.97
vignette: -6
temp: 7009