tweet_id: 1686197546434068480
masto_id: 110811925854568830

newton_power: 6
newton_const: 4

n_iter: 72
ct: 163
hue_offset: 342
saturation: 0.19

num_attempts: 92
dur: 601
std: 12.97
size: 686193 (670.11 KiB)

xmin: 0.6718997690422905
xmax: 0.6795920767345982
ymin: 0.5243773610172919
ymax: 0.528704284094215

contrast: 1.72
brightness: 0.23
saturation: 1.5
gamma: 1.05
gamma_r: 1.07
gamma_g: 1.02
gamma_b: 0.91
vignette: -4
temp: 7628