tweet_id: 1687594678844014592
masto_id: 110833756064660794

n_iter: 286
ct: 1
hue_offset: 170
saturation: 0.04

num_attempts: 506
dur: 600
std: 44.03
size: 834496 (814.94 KiB)

xmin: -0.22643685311587025
xmax: -0.20112039741966772
ymin: -0.735840191482754
ymax: -0.7215996851536401

contrast: 1.34
brightness: 0.21
saturation: 0.64
gamma: 0.97
gamma_r: 0.94
gamma_g: 0.96
gamma_b: 1.04
vignette: -24
temp: 5903