tweet_id: 1687921820421267456
masto_id: 110838867632088931

n_iter: 1024
ct: 135
hue_offset: 228
saturation: 0.12

num_attempts: 63
dur: 150
std: 103.56
size: 1204556 (1.15 MiB)

xmin: -0.06651907546546632
xmax: -0.06606146192010537
ymin: -0.6675980348650213
ymax: -0.6673406272457558

contrast: 0.78
brightness: 0.02
saturation: 0.49
gamma: 0.94
gamma_r: 1.02
gamma_g: 1.05
gamma_b: 1.07
vignette: 8
temp: 3866