tweet_id: 1689527812946796544
masto_id: 110863961210506922

n_iter: 269
ct: 255
hue_offset: 242
saturation: -0.69

num_attempts: 555
dur: 600
std: 49.94
size: 711627 (694.95 KiB)

xmin: -0.26672009015141684
xmax: -0.26074101690776963
ymin: -0.7084099647853488
ymax: -0.7050467360857973

contrast: 1.76
brightness: 0.01
saturation: 0.39
gamma: 0.97
gamma_r: 0.99
gamma_g: 0.94
gamma_b: 0.96
vignette: -14
temp: 3946