tweet_id: 1684451651850326016

n_iter: 229
ct: 160
hue_offset: 219
saturation: -0.98

num_attempts: 7
dur: 7
std: 11.51
size: 222740 (217.52 KiB)

xmin: -0.5513709299580609
xmax: -0.5431064671481436
ymin: -0.4127617739797944
ymax: -0.40811301364921587

contrast: 1.35
brightness: -0.07
saturation: 1.1
gamma: 0.92
gamma_r: 0.91
gamma_g: 0.92
gamma_b: 0.94
vignette: 1
temp: 2908