tweet_id: 1691433256091275264
masto_id: 110893733763850985

n_iter: 337
ct: 255
hue_offset: 42
saturation: 0.78

num_attempts: 369
dur: 601
std: 47.53
size: 676033 (660.19 KiB)

xmin: 0.5726800728433901
xmax: 0.5793914822393632
ymin: 0.3091078701690273
ymax: 0.3128830379542622

contrast: 1.0
brightness: 0.1
saturation: 1.52
gamma: 1.05
gamma_r: 1.03
gamma_g: 0.96
gamma_b: 1.02
vignette: 4
temp: 4041