tweet_id: 1686210460721328128
masto_id: 110812127669975444

newton_power: 3
newton_const: -4

n_iter: 127
ct: 72
hue_offset: 80
saturation: -0.92

num_attempts: 309
dur: 602
std: 4.11
size: 882817 (862.13 KiB)

xmin: -0.012165101431584446
xmax: 0.014861925595442582
ymin: -0.4983243214958206
ymax: -0.48312161879311794

contrast: 0.71
brightness: -0.01
saturation: 0.96
gamma: 0.93
gamma_r: 1.09
gamma_g: 1.03
gamma_b: 0.95
vignette: 33
temp: 5409