tweet_id: 1684244465253330961

newton_power: 6
newton_const: 10

n_iter: 98
ct: 250
hue_offset: 238
saturation: -0.74

num_attempts: 1
dur: 12
std: 5.04
size: 817845 (798.68 KiB)

xmin: 0.8377395938702268
xmax: 0.8517256078562407
ymin: 1.301622048505545
ymax: 1.309489181372678

contrast: 0.83
brightness: 0.04
saturation: 1.59
gamma: 0.93
gamma_r: 1.07
gamma_g: 1.09
gamma_b: 1.07
vignette: -43
temp: 7954