tweet_id: 1690092633538859008
masto_id: 110872786558298741

n_iter: 179
ct: 68
hue_offset: 68
saturation: -0.52

num_attempts: 37
dur: 13
std: 20.53
size: 1118834 (1.07 MiB)

xmin: 0.4538215889018691
xmax: 1.0966787317590119
ymin: -1.3724067722072415
ymax: -1.0107996293500987

contrast: 0.79
brightness: -0.06
saturation: 1.68
gamma: 1.02
gamma_r: 0.98
gamma_g: 0.99
gamma_b: 1.06
vignette: 18
temp: 5567