tweet_id: 1688440524808589312
masto_id: 110846972342135217

n_iter: 453
ct: 255
hue_offset: 236
saturation: 0.36

num_attempts: 328
dur: 609
std: 82.62
size: 1286530 (1.23 MiB)

xmin: 0.5422535217923006
xmax: 0.5473883099822877
ymin: -0.32816767158877713
ymax: -0.3252793532319094

contrast: 1.66
brightness: 0.2
saturation: 0.93
gamma: 1.05
gamma_r: 0.93
gamma_g: 1.05
gamma_b: 1.08
vignette: 27
temp: 4456