tweet_id: 1686356998026072064
masto_id: 110814417219630373

n_iter: 996
ct: 14
hue_offset: 167
saturation: 0.98

num_attempts: 153
dur: 199
std: 157.13
size: 1974414 (1.88 MiB)

xmin: -0.19952855742846953
xmax: -0.1983627165657473
ymin: -0.682803684181776
ymax: -0.6821478986964947

contrast: 0.78
brightness: 0.11
saturation: 0.35
gamma: 1.01
gamma_r: 1.06
gamma_g: 0.93
gamma_b: 1.01
vignette: 18
temp: 4305