tweet_id: 1690075429028421632
masto_id: 110872517755772342

newton_power: 7
newton_const: 8

n_iter: 98
ct: 65
hue_offset: 141
saturation: 0.86

num_attempts: 68
dur: 604
std: 31.45
size: 648022 (632.83 KiB)

xmin: 0.9763186702428435
xmax: 0.9892497047256021
ymin: -0.998596342371501
ymax: -0.9913226354749493

contrast: 1.34
brightness: 0.13
saturation: 1.62
gamma: 1.08
gamma_r: 1.03
gamma_g: 1.03
gamma_b: 1.02
vignette: 3
temp: 4544