tweet_id: 1684964635571814400

n_iter: 993
ct: 231
hue_offset: 227
saturation: -0.36

num_attempts: 131
dur: 218
std: 18.55
size: 816831 (797.69 KiB)

xmin: -0.9187755548622969
xmax: -0.9183060712942218
ymin: 0.27543314567852306
ymax: 0.2756972301855653

contrast: 1.44
brightness: 0.03
saturation: 1.64
gamma: 1.09
gamma_r: 1.04
gamma_g: 0.91
gamma_b: 1.09
vignette: -8
temp: 3782