tweet_id: 1685418061816647680

n_iter: 391
ct: 163
hue_offset: 23
saturation: -0.18

num_attempts: 41
dur: 67
std: 15.3
size: 324680 (317.07 KiB)

xmin: 0.5559330660502217
xmax: 0.5731744453605666
ymin: 0.3443276600732863
ymax: 0.35402593593535525

contrast: 0.71
brightness: -0.04
saturation: 0.44
gamma: 0.92
gamma_r: 1.1
gamma_g: 0.97
gamma_b: 1.04
vignette: 2
temp: 6311