tweet_id: 1687798753070075905
masto_id: 110836944768296099

n_iter: 375
ct: 239
hue_offset: 207
saturation: -0.1

num_attempts: 9
dur: 9
std: 24.18
size: 1301375 (1.24 MiB)

xmin: -0.9488969230269364
xmax: -0.627468351598365
ymin: -1.0813943538514974
ymax: -0.900590782422926

contrast: 0.79
brightness: 0.16
saturation: 0.97
gamma: 1.08
gamma_r: 1.03
gamma_g: 1.09
gamma_b: 1.01
vignette: 18
temp: 6770