tweet_id: 1691422660775817216
masto_id: 110893568242941136

n_iter: 164
ct: 13
hue_offset: 10
saturation: 0.3

num_attempts: 5
dur: 1
std: 25.34
size: 1539353 (1.47 MiB)

xmin: -1.1705279099103414
xmax: -1.0705279099103413
ymin: -0.5671506514904268
ymax: -0.5109006514904267

contrast: 1.36
brightness: 0.04
saturation: 1.21
gamma: 1.09
gamma_r: 1.06
gamma_g: 0.93
gamma_b: 0.98
vignette: 24
temp: 6698