tweet_id: 1686919700200976384
masto_id: 110823209544211338

newton_power: 4
newton_const: -10

n_iter: 202
ct: 126
hue_offset: 155
saturation: -0.02

num_attempts: 105
dur: 604
std: 7.19
size: 907185 (885.92 KiB)

xmin: 0.23869114251372325
xmax: 0.2501415241931126
ymin: 0.7724575619691363
ymax: 0.7788984016637928

contrast: 1.07
brightness: 0.02
saturation: 1.16
gamma: 0.95
gamma_r: 0.97
gamma_g: 1.04
gamma_b: 1.09
vignette: -41
temp: 4594