tweet_id: 1689531770364887040
masto_id: 110864023082040161

newton_power: 7
newton_const: 9

n_iter: 158
ct: 73
hue_offset: 88
saturation: 0.68

num_attempts: 74
dur: 603
std: 17.05
size: 1285083 (1.23 MiB)

xmin: -0.4733298855859567
xmax: -0.462803569796483
ymin: 1.7998160780833117
ymax: 1.8057371307148906

contrast: 1.33
brightness: 0.01
saturation: 1.21
gamma: 1.09
gamma_r: 0.98
gamma_g: 0.91
gamma_b: 0.96
vignette: -32
temp: 6801