tweet_id: 1684693222415540224

n_iter: 469
ct: 70
hue_offset: 294
saturation: 0.05

num_attempts: 12
dur: 31
std: 72.6
size: 1105465 (1.05 MiB)

xmin: 0.31976251833465286
xmax: 0.32483866046663257
ymin: 0.6947782246786351
ymax: 0.6976335546278737

contrast: 1.28
brightness: 0.13
saturation: 1.7
gamma: 0.99
gamma_r: 0.97
gamma_g: 0.96
gamma_b: 1.01
vignette: 29
temp: 6208