tweet_id: 1690588708242657280
masto_id: 110880537718872351

newton_power: 5
newton_const: -6

n_iter: 169
ct: 81
hue_offset: 197
saturation: -0.53

num_attempts: 113
dur: 605
std: 11.56
size: 697257 (680.92 KiB)

xmin: 2.2901796598624173
xmax: 2.301608231290989
ymin: -1.7377469655662272
ymax: -1.7313183941376558

contrast: 0.79
brightness: 0.18
saturation: 0.61
gamma: 1.03
gamma_r: 1.02
gamma_g: 0.99
gamma_b: 1.01
vignette: 3
temp: 2792