tweet_id: 1684519850025140224

newton_power: 7
newton_const: 0

n_iter: 188
ct: 197
hue_offset: 196
saturation: 0.84

num_attempts: 92
dur: 859
std: 0.0
size: 242065 (236.39 KiB)

xmin: 2.209893883027762
xmax: 2.2393056477336444
ymin: 1.7461846138217503
ymax: 1.7627287314688092

contrast: 0.97
brightness: -0.03
saturation: 1.36
gamma: 0.95
gamma_r: 1.01
gamma_g: 1.01
gamma_b: 1.0
vignette: -9
temp: 2529