tweet_id: 1686753555565232129
masto_id: 110820613513168932

newton_power: 6
newton_const: -9

n_iter: 93
ct: 72
hue_offset: 117
saturation: -0.82

num_attempts: 90
dur: 601
std: 12.65
size: 969825 (947.09 KiB)

xmin: 2.512072423114204
xmax: 2.518108640418027
ymin: -1.6385111553136058
ymax: -1.6351157830802054

contrast: 1.12
brightness: 0.13
saturation: 1.03
gamma: 1.09
gamma_r: 0.99
gamma_g: 0.93
gamma_b: 1.01
vignette: 7
temp: 2686