tweet_id: 1689161314436886528
masto_id: 110858234702218501

n_iter: 207
ct: 72
hue_offset: 144
saturation: -0.21

num_attempts: 125
dur: 52
std: 31.21
size: 306817 (299.63 KiB)

xmin: 0.1771454671376067
xmax: 0.17835979622078824
ymin: -0.5673729228951987
ymax: -0.566689862785909

contrast: 0.83
brightness: -0.07
saturation: 1.66
gamma: 0.99
gamma_r: 1.02
gamma_g: 0.99
gamma_b: 1.03
vignette: -31
temp: 4252