tweet_id: 1689005465265422336
masto_id: 110855799543082391

n_iter: 480
ct: 22
hue_offset: 94
saturation: -0.76

num_attempts: 2
dur: 1
std: 46.2
size: 1395319 (1.33 MiB)

xmin: -1.421696924825123
xmax: -0.296696924825123
ymin: -1.266214070002739
ymax: -0.6334015700027389

contrast: 1.3
brightness: -0.03
saturation: 0.77
gamma: 1.04
gamma_r: 0.91
gamma_g: 0.97
gamma_b: 0.95
vignette: -45
temp: 5446