tweet_id: 1691361471643439104
masto_id: 110892612080207999

n_iter: 339
ct: 59
hue_offset: 135
saturation: 0.36

num_attempts: 27
dur: 10
std: 30.77
size: 561805 (548.64 KiB)

xmin: -1.5552582114392797
xmax: -0.05525821143927967
ymin: -0.8756861539233034
ymax: -0.0319361539233034

contrast: 1.03
brightness: -0.02
saturation: 1.58
gamma: 0.91
gamma_r: 1.08
gamma_g: 1.05
gamma_b: 0.93
vignette: 25
temp: 5105