tweet_id: 1686511826652315650
masto_id: 110816836728574917

newton_power: 3
newton_const: -1

n_iter: 193
ct: 255
hue_offset: 43
saturation: -0.3

num_attempts: 258
dur: 600
std: 3.83
size: 758582 (740.8 KiB)

xmin: 0.35657758415434104
xmax: 0.4656684932452501
ymin: 0.2535259402141783
ymax: 0.31488957657781463

contrast: 1.1
brightness: 0.15
saturation: 1.37
gamma: 0.93
gamma_r: 1.07
gamma_g: 1.09
gamma_b: 1.0
vignette: -27
temp: 6913