tweet_id: 1691620211856728520
masto_id: 110896655030889298

n_iter: 227
ct: 239
hue_offset: 4
saturation: -0.7

num_attempts: 27
dur: 12
std: 19.47
size: 1046284 (1021.76 KiB)

xmin: -1.2583589761028184
xmax: -1.2571213523404423
ymin: 0.0740822600280111
ymax: 0.07477842339434773

contrast: 1.08
brightness: 0.18
saturation: 1.12
gamma: 0.97
gamma_r: 1.02
gamma_g: 1.01
gamma_b: 0.92
vignette: -24
temp: 3628