tweet_id: 1684241347493122053

n_iter: 578
ct: 112
hue_offset: 162
saturation: 0.97

num_attempts: 3
dur: 1
std: 51.3
size: 1488564 (1.42 MiB)

xmin: -0.1215452577297893
xmax: -0.11997601488945976
ymin: 0.8835593927228942
ymax: 0.8844420918205795

contrast: 0.74
brightness: -0.04
saturation: 0.84
gamma: 1.01
gamma_r: 1.0
gamma_g: 0.91
gamma_b: 0.96
vignette: -34
temp: 7351