tweet_id: 1689679597929934848
masto_id: 110866332816859835

n_iter: 357
ct: 255
hue_offset: 352
saturation: -0.21

num_attempts: 424
dur: 603
std: 58.85
size: 406921 (397.38 KiB)

xmin: 0.3129573400472738
xmax: 0.31783538882776163
ymin: 0.6747041050515485
ymax: 0.6774480074905729

contrast: 1.77
brightness: 0.23
saturation: 0.51
gamma: 0.92
gamma_r: 1.02
gamma_g: 1.0
gamma_b: 1.01
vignette: -5
temp: 4213