tweet_id: 1690001758741745664
masto_id: 110871366679011259

n_iter: 396
ct: 51
hue_offset: 316
saturation: 0.17

num_attempts: 5
dur: 6
std: 27.07
size: 759649 (741.84 KiB)

xmin: -1.8781302722955346
xmax: 0.37186972770446536
ymin: -1.7831380146773292
ymax: -0.5175130146773292

contrast: 1.46
brightness: -0.07
saturation: 1.66
gamma: 0.99
gamma_r: 1.02
gamma_g: 1.05
gamma_b: 1.03
vignette: 23
temp: 3471