tweet_id: 1685716384251269120
masto_id: 110804407768256566

newton_power: 3
newton_const: -7

n_iter: 80
ct: 185
hue_offset: 293
saturation: -0.16

num_attempts: 273
dur: 601
std: 3.73
size: 738862 (721.54 KiB)

xmin: 0.2719940092971789
xmax: 0.27854422763779024
ymin: -1.2744848498097066
ymax: -1.2708003519931126

contrast: 1.17
brightness: -0.01
saturation: 0.41
gamma: 0.93
gamma_r: 0.97
gamma_g: 1.01
gamma_b: 1.09
vignette: 23
temp: 5891