tweet_id: 1691608825189528007
masto_id: 110896477031514865

n_iter: 160
ct: 159
hue_offset: 206
saturation: -0.03

num_attempts: 5
dur: 2
std: 23.63
size: 821084 (801.84 KiB)

xmin: -0.578090096982232
xmax: 0.17190990301776798
ymin: -1.1678093484561316
ymax: -0.7459343484561316

contrast: 1.74
brightness: 0.14
saturation: 1.22
gamma: 1.01
gamma_r: 1.01
gamma_g: 1.09
gamma_b: 0.96
vignette: -23
temp: 4394