tweet_id: 1686865519540879361
masto_id: 110822363045409474

n_iter: 487
ct: 132
hue_offset: 358
saturation: 0.7

num_attempts: 118
dur: 78
std: 104.11
size: 1259389 (1.2 MiB)

xmin: 0.2007376563569463
xmax: 0.20136003071512273
ymin: 0.5444369579265502
ymax: 0.5447870435030244

contrast: 1.53
brightness: 0.14
saturation: 0.52
gamma: 1.1
gamma_r: 0.99
gamma_g: 1.09
gamma_b: 0.96
vignette: 31
temp: 4906