tweet_id: 1687534357093744648
masto_id: 110832813562630107

n_iter: 568
ct: 1
hue_offset: 27
saturation: -0.69

num_attempts: 330
dur: 605
std: 52.44
size: 756449 (738.72 KiB)

xmin: 0.44446162061731753
xmax: 0.4582073250846715
ymin: -0.032550652570975336
ymax: -0.024818693808088738

contrast: 0.72
brightness: -0.03
saturation: 0.35
gamma: 0.99
gamma_r: 1.03
gamma_g: 0.99
gamma_b: 0.98
vignette: 8
temp: 4307