tweet_id: 1691149926997045260
masto_id: 110889306757223895

n_iter: 251
ct: 152
hue_offset: 277
saturation: 0.28

num_attempts: 1
dur: 0
std: 28.02
size: 1543870 (1.47 MiB)

xmin: 0.7068285173065694
xmax: 0.8353999458779979
ymin: -1.2030844648901322
ymax: -1.1307630363187036

contrast: 1.57
brightness: 0.18
saturation: 0.45
gamma: 0.98
gamma_r: 0.91
gamma_g: 1.09
gamma_b: 1.06
vignette: -34
temp: 7133