tweet_id: 1689403045505843200
masto_id: 110862011708255702

n_iter: 686
ct: 245
hue_offset: 11
saturation: -0.26

num_attempts: 156
dur: 218
std: 139.99
size: 1260725 (1.2 MiB)

xmin: -1.2096294012493198
xmax: -1.2080938926120837
ymin: 0.141997577012827
ymax: 0.1428613006212723

contrast: 1.08
brightness: 0.14
saturation: 0.43
gamma: 1.04
gamma_r: 0.91
gamma_g: 1.08
gamma_b: 1.09
vignette: -6
temp: 6671