tweet_id: 1687404918489968640
masto_id: 110830791021050523

n_iter: 174
ct: 31
hue_offset: 215
saturation: 0.45

num_attempts: 59
dur: 23
std: 21.75
size: 1203691 (1.15 MiB)

xmin: 0.3254588930042961
xmax: 0.968316035861439
ymin: -1.3158695547263188
ymax: -0.9542624118691759

contrast: 0.82
brightness: -0.05
saturation: 0.63
gamma: 0.91
gamma_r: 0.91
gamma_g: 1.04
gamma_b: 1.06
vignette: -37
temp: 2635