tweet_id: 1690252174729551872
masto_id: 110875279307159797

n_iter: 484
ct: 1
hue_offset: 206
saturation: 0.53

num_attempts: 311
dur: 606
std: 79.11
size: 731974 (714.82 KiB)

xmin: 0.47090460417673663
xmax: 0.47572388128517035
ymin: -0.5620178442326134
ymax: -0.5593070008591194

contrast: 1.29
brightness: 0.09
saturation: 0.27
gamma: 1.08
gamma_r: 0.95
gamma_g: 0.93
gamma_b: 1.06
vignette: -10
temp: 7557