tweet_id: 1691637845365285084
masto_id: 110896930428648624

n_iter: 837
ct: 56
hue_offset: 354
saturation: 0.69

num_attempts: 146
dur: 218
std: 132.78
size: 2100306 (2.0 MiB)

xmin: -0.6387224200236523
xmax: -0.6378684490586651
ymin: 0.4424231980433384
ymax: 0.4429035567111437

contrast: 1.17
brightness: 0.2
saturation: 0.28
gamma: 0.93
gamma_r: 0.97
gamma_g: 1.1
gamma_b: 1.07
vignette: -28
temp: 5039