tweet_id: 1691404154701287424
masto_id: 110893279142011688

newton_power: 7
newton_const: -8

n_iter: 198
ct: 164
hue_offset: 37
saturation: 0.48

num_attempts: 69
dur: 607
std: 28.09
size: 1190316 (1.14 MiB)

xmin: -0.6553654121413448
xmax: -0.4553654121413448
ymin: 0.7753473885913564
ymax: 0.8878473885913565

contrast: 1.53
brightness: 0.18
saturation: 0.36
gamma: 0.99
gamma_r: 1.04
gamma_g: 0.97
gamma_b: 0.97
vignette: -42
temp: 2721