tweet_id: 1689222081966178304
masto_id: 110859184189665769

n_iter: 618
ct: 53
hue_offset: 193
saturation: -0.41

num_attempts: 60
dur: 88
std: 58.58
size: 1482242 (1.41 MiB)

xmin: -0.5235428887856703
xmax: -0.5211053506991378
ymin: -0.5227568217174343
ymax: -0.5213857065437597

contrast: 0.85
brightness: 0.08
saturation: 0.69
gamma: 0.99
gamma_r: 1.04
gamma_g: 0.97
gamma_b: 1.02
vignette: 21
temp: 7297