tweet_id: 1687236640417214464
masto_id: 110828161916945336

newton_power: 6
newton_const: 1

n_iter: 79
ct: 107
hue_offset: 293
saturation: -0.54

num_attempts: 104
dur: 604
std: 14.95
size: 940335 (918.3 KiB)

xmin: -0.09261530482455393
xmax: -0.08105461118293544
ymin: 0.03926278122155491
ymax: 0.04576567139496531

contrast: 1.6
brightness: 0.15
saturation: 0.79
gamma: 0.96
gamma_r: 1.04
gamma_g: 1.06
gamma_b: 1.05
vignette: -44
temp: 6141