tweet_id: 1687478283317682177
masto_id: 110831937375529876

newton_power: 6
newton_const: -5

n_iter: 178
ct: 191
hue_offset: 281
saturation: -0.58

num_attempts: 88
dur: 601
std: 13.66
size: 1155374 (1.1 MiB)

xmin: 0.27184046557988717
xmax: 0.27944502831752976
ymin: -1.0075254049942155
ymax: -1.0032478384542916

contrast: 1.3
brightness: 0.07
saturation: 1.4
gamma: 1.09
gamma_r: 0.96
gamma_g: 1.09
gamma_b: 0.96
vignette: 16
temp: 6174