tweet_id: 1690126789463740424
masto_id: 110873320205063441

n_iter: 236
ct: 39
hue_offset: 320
saturation: 0.26

num_attempts: 97
dur: 50
std: 59.74
size: 1636632 (1.56 MiB)

xmin: 0.06022579750164336
xmax: 0.06304468404146013
ymin: 0.6305748835400089
ymax: 0.6321605072186558

contrast: 0.85
brightness: -0.01
saturation: 0.58
gamma: 1.05
gamma_r: 1.05
gamma_g: 0.96
gamma_b: 1.03
vignette: -16
temp: 4905