tweet_id: 1684392386821066752

n_iter: 503
ct: 78
hue_offset: 100
saturation: -0.1

num_attempts: 9
dur: 12
std: 18.87
size: 912841 (891.45 KiB)

xmin: -0.35522779435290674
xmax: -0.3389012637406619
ymin: 0.7377564919224433
ymax: 0.7469401653918311

contrast: 1.23
brightness: 0.01
saturation: 1.25
gamma: 1.03
gamma_r: 0.93
gamma_g: 1.01
gamma_b: 1.1
vignette: 15
temp: 2412