tweet_id: 1690335271488000001
masto_id: 110876577822260107

n_iter: 485
ct: 51
hue_offset: 20
saturation: -0.24

num_attempts: 5
dur: 1
std: 49.67
size: 1334508 (1.27 MiB)

xmin: -1.6480297515508577
xmax: -1.3480297515508577
ymin: -0.37418723909771323
ymax: -0.20543723909771325

contrast: 1.1
brightness: 0.1
saturation: 0.57
gamma: 1.01
gamma_r: 1.0
gamma_g: 0.99
gamma_b: 1.02
vignette: -46
temp: 4143