tweet_id: 1687193524431654912
masto_id: 110827487979539584

n_iter: 413
ct: 254
hue_offset: 42
saturation: -0.84

num_attempts: 19
dur: 23
std: 68.57
size: 1674365 (1.6 MiB)

xmin: 0.529246069590859
xmax: 0.579807867343668
ymin: -1.1396197107299928
ymax: -1.1111786994940378

contrast: 1.71
brightness: 0.06
saturation: 1.61
gamma: 0.96
gamma_r: 0.9
gamma_g: 1.02
gamma_b: 1.09
vignette: 18
temp: 5201