tweet_id: 1688802725444685824
masto_id: 110852631653286459

n_iter: 552
ct: 1
hue_offset: 76
saturation: -0.72

num_attempts: 292
dur: 610
std: 73.41
size: 398418 (389.08 KiB)

xmin: -0.5549016344675244
xmax: -0.550721906149865
ymin: -0.45779175940941497
ymax: -0.4554406622307316

contrast: 0.97
brightness: 0.19
saturation: 1.41
gamma: 0.98
gamma_r: 1.06
gamma_g: 1.1
gamma_b: 1.0
vignette: -1
temp: 7457