tweet_id: 1687383313986842624
masto_id: 110830453510951833

n_iter: 590
ct: 1
hue_offset: 279
saturation: 0.41

num_attempts: 217
dur: 607
std: 56.97
size: 844493 (824.7 KiB)

xmin: -0.4939339462282759
xmax: -0.48638677641695516
ymin: -0.060602071046207184
ymax: -0.05635678802733926

contrast: 1.17
brightness: 0.23
saturation: 1.36
gamma: 0.98
gamma_r: 0.95
gamma_g: 1.05
gamma_b: 1.04
vignette: -9
temp: 4591