tweet_id: 1685568992562290690

n_iter: 221
ct: 88
hue_offset: 194
saturation: -0.88

num_attempts: 37
dur: 42
std: 22.47
size: 836924 (817.31 KiB)

xmin: 0.5385910044005504
xmax: 0.5556850214945676
ymin: 0.11795001524337523
ymax: 0.12756539985875984

contrast: 1.24
brightness: 0.18
saturation: 0.83
gamma: 1.03
gamma_r: 1.08
gamma_g: 0.96
gamma_b: 1.04
vignette: -4
temp: 2813