tweet_id: 1689814613578088448
masto_id: 110868442696595151

newton_power: 5
newton_const: 7

n_iter: 106
ct: 10
hue_offset: 314
saturation: -0.72

num_attempts: 107
dur: 600
std: 12.31
size: 1055225 (1.01 MiB)

xmin: 0.5873198522059968
xmax: 0.6090589826407794
ymin: -0.9215143269298296
ymax: -0.9092860660602644

contrast: 1.14
brightness: 0.1
saturation: 1.26
gamma: 1.08
gamma_r: 1.07
gamma_g: 1.0
gamma_b: 0.93
vignette: 15
temp: 4910