tweet_id: 1689911813532459008
masto_id: 110869961159934696

n_iter: 492
ct: 108
hue_offset: 285
saturation: 0.57

num_attempts: 1
dur: 1
std: 53.07
size: 2145507 (2.05 MiB)

xmin: -0.7698560770508935
xmax: -0.5742039031378501
ymin: -0.9148617891954771
ymax: -0.8048074413693902

contrast: 1.7
brightness: 0.22
saturation: 1.01
gamma: 0.96
gamma_r: 0.99
gamma_g: 1.0
gamma_b: 1.03
vignette: -22
temp: 7536