tweet_id: 1686952166618234881
masto_id: 110823716975738618

n_iter: 444
ct: 80
hue_offset: 137
saturation: 0.29

num_attempts: 2
dur: 2
std: 32.6
size: 1058046 (1.01 MiB)

xmin: -1.3866932288778475
xmax: 0.8633067711221525
ymin: -1.655324614344764
ymax: -0.38969961434476397

contrast: 0.91
brightness: 0.09
saturation: 0.42
gamma: 0.95
gamma_r: 0.99
gamma_g: 1.07
gamma_b: 1.02
vignette: -44
temp: 6879