tweet_id: 1691491062336958483
masto_id: 110894636983802123

n_iter: 557
ct: 1
hue_offset: 35
saturation: -1.0

num_attempts: 257
dur: 602
std: 38.59
size: 909177 (887.87 KiB)

xmin: 0.010140039411840718
xmax: 0.04021522738176553
ymin: 1.1210611515446751
ymax: 1.137978444777758

contrast: 1.75
brightness: 0.08
saturation: 0.41
gamma: 1.03
gamma_r: 1.09
gamma_g: 0.99
gamma_b: 1.05
vignette: -13
temp: 3590