tweet_id: 1687840622642692096
masto_id: 110837598949669971

newton_power: 6
newton_const: -9

n_iter: 95
ct: 217
hue_offset: 217
saturation: 0.45

num_attempts: 78
dur: 603
std: 13.25
size: 1094749 (1.04 MiB)

xmin: -1.046423270692236
xmax: -0.9695001937691592
ymin: 0.1749811490888793
ymax: 0.21825037985811008

contrast: 0.98
brightness: 0.08
saturation: 0.27
gamma: 0.98
gamma_r: 1.06
gamma_g: 0.91
gamma_b: 1.03
vignette: 28
temp: 4551