tweet_id: 1687297013300215808
masto_id: 110829105261150904

newton_power: 3
newton_const: -1

n_iter: 182
ct: 24
hue_offset: 33
saturation: -0.28

num_attempts: 232
dur: 603
std: 4.62
size: 771209 (753.13 KiB)

xmin: 0.19221926619397456
xmax: 0.42298849696320534
ymin: 0.5882592634656119
ymax: 0.7180669557733041

contrast: 1.04
brightness: 0.16
saturation: 1.38
gamma: 1.01
gamma_r: 1.04
gamma_g: 1.0
gamma_b: 1.03
vignette: -17
temp: 6457