tweet_id: 1689260341421920257
masto_id: 110859781890667966

n_iter: 416
ct: 255
hue_offset: 56
saturation: 0.09

num_attempts: 310
dur: 602
std: 45.97
size: 292330 (285.48 KiB)

xmin: 0.4535440357412521
xmax: 0.4590612771205625
ymin: 0.039139952363396624
ymax: 0.042243400639258695

contrast: 1.16
brightness: 0.03
saturation: 1.34
gamma: 1.06
gamma_r: 1.08
gamma_g: 1.03
gamma_b: 1.05
vignette: 21
temp: 6738