tweet_id: 1690619026366402560
masto_id: 110881011499247891

newton_power: 4
newton_const: 8

n_iter: 99
ct: 138
hue_offset: 275
saturation: 0.56

num_attempts: 113
dur: 614
std: 7.22
size: 812774 (793.72 KiB)

xmin: -1.2711047480772175
xmax: -1.1658415901824806
ymin: -0.009617990999617687
ymax: 0.04959253531617178

contrast: 1.16
brightness: 0.22
saturation: 0.71
gamma: 1.05
gamma_r: 1.1
gamma_g: 0.93
gamma_b: 0.93
vignette: 33
temp: 5200