tweet_id: 1684510377340555264

n_iter: 972
ct: 83
hue_offset: 197
saturation: 0.87

num_attempts: 9
dur: 22
std: 39.35
size: 1147289 (1.09 MiB)

xmin: -0.5531802803706003
xmax: -0.552282412806066
ymin: 0.49715115267621734
ymax: 0.49765620318126785

contrast: 0.76
brightness: -0.09
saturation: 0.59
gamma: 1.09
gamma_r: 1.1
gamma_g: 1.07
gamma_b: 0.99
vignette: 12
temp: 6668