tweet_id: 1684995453580935168

n_iter: 288
ct: 144
hue_offset: 27
saturation: 0.11

num_attempts: 66
dur: 89
std: 26.57
size: 127812 (124.82 KiB)

xmin: 0.6012196601165836
xmax: 0.6056298034462417
ymin: 0.5445879671302656
ymax: 0.5470686727531984

contrast: 1.79
brightness: 0.19
saturation: 1.52
gamma: 1.0
gamma_r: 1.05
gamma_g: 1.05
gamma_b: 0.91
vignette: -11
temp: 4922