tweet_id: 1691183199160864771
masto_id: 110889826617135099

n_iter: 149
ct: 16
hue_offset: 57
saturation: 0.69

num_attempts: 63
dur: 25
std: 51.92
size: 648786 (633.58 KiB)

xmin: 0.2958082846570753
xmax: 0.29626143974940566
ymin: 0.01816635142778278
ymax: 0.0184212511672186

contrast: 1.53
brightness: -0.01
saturation: 1.17
gamma: 1.06
gamma_r: 1.09
gamma_g: 1.03
gamma_b: 0.92
vignette: -13
temp: 4429