tweet_id: 1690222004887257088
masto_id: 110874807938550412

n_iter: 383
ct: 1
hue_offset: 216
saturation: -0.68

num_attempts: 422
dur: 600
std: 63.67
size: 1018703 (994.83 KiB)

xmin: -0.4158296124972811
xmax: -0.4030907589940964
ymin: -0.6050511976336037
ymax: -0.5978855925380623

contrast: 1.5
brightness: 0.05
saturation: 0.35
gamma: 0.92
gamma_r: 1.04
gamma_g: 0.9
gamma_b: 1.08
vignette: -18
temp: 4252