tweet_id: 1691179802651185152
masto_id: 110889773646365889

n_iter: 477
ct: 106
hue_offset: 127
saturation: -0.45

num_attempts: 10
dur: 8
std: 77.97
size: 1668293 (1.59 MiB)

xmin: -0.6679354955025474
xmax: -0.3679354955025474
ymin: -0.874321743371778
ymax: -0.7055717433717781

contrast: 0.77
brightness: 0.06
saturation: 0.34
gamma: 1.06
gamma_r: 0.95
gamma_g: 0.98
gamma_b: 0.96
vignette: -36
temp: 5271