tweet_id: 1685422167595384833

newton_power: 4
newton_const: 3

n_iter: 65
ct: 144
hue_offset: 217
saturation: -0.46

num_attempts: 1
dur: 6
std: 3.17
size: 700630 (684.21 KiB)

xmin: 0.22443615851342757
xmax: 0.23947375249838998
ymin: -1.2662815693193932
ymax: -1.257822922702852

contrast: 1.48
brightness: 0.01
saturation: 0.57
gamma: 0.93
gamma_r: 1.08
gamma_g: 1.04
gamma_b: 0.91
vignette: 21
temp: 6589