tweet_id: 1690787266925654016
masto_id: 110883640225170480

n_iter: 171
ct: 186
hue_offset: 33
saturation: -0.54

num_attempts: 7
dur: 6
std: 22.69
size: 1686536 (1.61 MiB)

xmin: -0.8348265782965756
xmax: -0.7842647805437666
ymin: -0.9609324489810027
ymax: -0.9324914377450476

contrast: 0.85
brightness: 0.07
saturation: 0.45
gamma: 0.97
gamma_r: 1.08
gamma_g: 1.04
gamma_b: 0.97
vignette: -31
temp: 3420