tweet_id: 1686417722115076097
masto_id: 110815366014963036

n_iter: 610
ct: 1
hue_offset: 161
saturation: -0.62

num_attempts: 322
dur: 602
std: 47.57
size: 554140 (541.15 KiB)

xmin: 0.36062560449653924
xmax: 0.39139483526577
ymin: -0.6637225434368952
ymax: -0.6464148511292028

contrast: 1.47
brightness: -0.07
saturation: 0.28
gamma: 0.99
gamma_r: 0.96
gamma_g: 0.95
gamma_b: 0.98
vignette: -2
temp: 6698