tweet_id: 1691304740595134465
masto_id: 110891725778118233

n_iter: 911
ct: 240
hue_offset: 231
saturation: -0.93

num_attempts: 29
dur: 24
std: 15.01
size: 1130430 (1.08 MiB)

xmin: -0.5550357038648377
xmax: -0.553810964122033
ymin: 0.6467438055748147
ymax: 0.6474327216801423

contrast: 1.53
brightness: -0.05
saturation: 0.92
gamma: 1.07
gamma_r: 1.1
gamma_g: 1.05
gamma_b: 0.95
vignette: 23
temp: 5069