tweet_id: 1689455559492153344
masto_id: 110862832255023616

n_iter: 573
ct: 1
hue_offset: 322
saturation: -0.75

num_attempts: 307
dur: 608
std: 69.63
size: 1183872 (1.13 MiB)

xmin: 0.20196643323704278
xmax: 0.20770531415526372
ymin: 0.8770826795636073
ymax: 0.8803108000801065

contrast: 0.7
brightness: -0.07
saturation: 0.62
gamma: 0.94
gamma_r: 0.94
gamma_g: 0.93
gamma_b: 0.97
vignette: -44
temp: 3049