tweet_id: 1691663407408390613
masto_id: 110897329884671034

n_iter: 156
ct: 114
hue_offset: 210
saturation: -0.47

num_attempts: 48
dur: 24
std: 24.78
size: 1365689 (1.3 MiB)

xmin: -0.747485389542603
xmax: 0.002514610457396982
ymin: -1.1904698366844695
ymax: -0.7685948366844695

contrast: 0.95
brightness: 0.03
saturation: 0.44
gamma: 0.9
gamma_r: 0.9
gamma_g: 1.07
gamma_b: 1.01
vignette: 15
temp: 4539