tweet_id: 1691313569139154945
masto_id: 110891863793526445

newton_power: 5
newton_const: -7

n_iter: 151
ct: 224
hue_offset: 137
saturation: -0.75

num_attempts: 96
dur: 604
std: 12.58
size: 1096214 (1.05 MiB)

xmin: -0.5223966842322718
xmax: -0.5001744620100496
ymin: -1.420008952254932
ymax: -1.407508952254932

contrast: 1.59
brightness: 0.08
saturation: 1.58
gamma: 1.01
gamma_r: 0.99
gamma_g: 1.07
gamma_b: 1.0
vignette: -39
temp: 2496