tweet_id: 1690363932249038848
masto_id: 110877025512853212

n_iter: 297
ct: 5
hue_offset: 79
saturation: 0.5

num_attempts: 29
dur: 16
std: 46.93
size: 2509896 (2.39 MiB)

xmin: -0.8970539224112124
xmax: -0.7470539224112124
ymin: -0.7404648895244716
ymax: -0.6560898895244717

contrast: 1.61
brightness: 0.11
saturation: 1.07
gamma: 0.96
gamma_r: 0.95
gamma_g: 1.09
gamma_b: 1.09
vignette: -30
temp: 6596