tweet_id: 1691271513645957120
masto_id: 110891206698524335

n_iter: 192
ct: 135
hue_offset: 28
saturation: 0.87

num_attempts: 4
dur: 1
std: 20.71
size: 732870 (715.69 KiB)

xmin: -0.2759508675609932
xmax: 0.2865491324390068
ymin: -1.3559798982055518
ymax: -1.0395736482055518

contrast: 0.87
brightness: -0.08
saturation: 0.6
gamma: 0.91
gamma_r: 1.05
gamma_g: 0.9
gamma_b: 0.93
vignette: -43
temp: 4954