tweet_id: 1688099541600305152
masto_id: 110841644478474974

n_iter: 414
ct: 78
hue_offset: 137
saturation: 0.14

num_attempts: 1
dur: 2
std: 23.96
size: 477201 (466.02 KiB)

xmin: -0.8283242255178396
xmax: 1.4216757744821604
ymin: -1.0262058619202643
ymax: 0.2394191380797357

contrast: 1.54
brightness: -0.1
saturation: 0.77
gamma: 0.99
gamma_r: 0.98
gamma_g: 1.06
gamma_b: 1.03
vignette: -20
temp: 3920