tweet_id: 1685150451518308352

newton_power: 5
newton_const: -2

n_iter: 252
ct: 78
hue_offset: 112
saturation: 0.27

num_attempts: 3
dur: 21
std: 7.24
size: 915594 (894.13 KiB)

xmin: 1.3909838092410443
xmax: 1.4401641371098968
ymin: -1.0262255716268607
ymax: -0.9985616372006312

contrast: 1.56
brightness: 0.22
saturation: 1.23
gamma: 1.01
gamma_r: 0.92
gamma_g: 1.0
gamma_b: 1.02
vignette: -31
temp: 2533