tweet_id: 1688375641140559873
masto_id: 110845958513251899

n_iter: 437
ct: 163
hue_offset: 171
saturation: 0.91

num_attempts: 10
dur: 12
std: 45.47
size: 1201538 (1.15 MiB)

xmin: -0.7941021182704993
xmax: -0.6489408279479186
ymin: -0.9337480385440533
ymax: -0.8520948127376017

contrast: 1.77
brightness: 0.06
saturation: 0.57
gamma: 1.03
gamma_r: 1.09
gamma_g: 0.91
gamma_b: 0.99
vignette: 16
temp: 3288