tweet_id: 1686537465723830279
masto_id: 110817237042164936

n_iter: 295
ct: 31
hue_offset: 307
saturation: -0.6

num_attempts: 24
dur: 13
std: 44.5
size: 2553609 (2.44 MiB)

xmin: -0.7208603709896733
xmax: -0.6326250768720262
ymin: -0.8241605257926528
ymax: -0.7745281728514762

contrast: 1.1
brightness: 0.09
saturation: 0.97
gamma: 1.09
gamma_r: 0.92
gamma_g: 0.9
gamma_b: 0.92
vignette: -22
temp: 6828