tweet_id: 1691460186027016192
masto_id: 110894154511252217

n_iter: 445
ct: 1
hue_offset: 148
saturation: -0.67

num_attempts: 291
dur: 605
std: 71.07
size: 656167 (640.79 KiB)

xmin: 0.5648315994285031
xmax: 0.5689090713958833
ymin: 0.30592087390395717
ymax: 0.30821445188560853

contrast: 1.27
brightness: -0.09
saturation: 1.45
gamma: 1.01
gamma_r: 0.92
gamma_g: 1.06
gamma_b: 1.04
vignette: -42
temp: 4232