tweet_id: 1689406609557225477
masto_id: 110862067439878118

n_iter: 428
ct: 1
hue_offset: 261
saturation: -0.8

num_attempts: 277
dur: 603
std: 48.01
size: 1347964 (1.29 MiB)

xmin: -0.3823714238882707
xmax: -0.3763833999361749
ymin: -0.7013707109626067
ymax: -0.6980024474895529

contrast: 1.05
brightness: -0.02
saturation: 1.41
gamma: 0.99
gamma_r: 0.93
gamma_g: 1.06
gamma_b: 0.93
vignette: 16
temp: 6527