tweet_id: 1690540213787873280
masto_id: 110879780041926204

newton_power: 6
newton_const: 3

n_iter: 143
ct: 102
hue_offset: 343
saturation: -0.77

num_attempts: 85
dur: 605
std: 21.1
size: 1023999 (1000.0 KiB)

xmin: 0.7055202471488542
xmax: 0.7978279394565465
ymin: -1.406958927166443
ymax: -1.3550358502433661

contrast: 0.9
brightness: 0.1
saturation: 1.67
gamma: 0.93
gamma_r: 1.1
gamma_g: 1.07
gamma_b: 0.95
vignette: 6
temp: 6364