tweet_id: 1691274564204978176
masto_id: 110891254233644969

n_iter: 193
ct: 169
hue_offset: 183
saturation: -0.33

num_attempts: 10
dur: 3
std: 31.4
size: 1207112 (1.15 MiB)

xmin: -1.1122496451072275
xmax: -1.1099172835911926
ymin: 0.24980644706329636
ymax: 0.25111840041606603

contrast: 1.17
brightness: 0.2
saturation: 1.35
gamma: 0.98
gamma_r: 0.92
gamma_g: 1.05
gamma_b: 0.96
vignette: -23
temp: 6614