tweet_id: 1684959103012016129

n_iter: 270
ct: 227
hue_offset: 259
saturation: -0.82

num_attempts: 9
dur: 6
std: 37.26
size: 1059862 (1.01 MiB)

xmin: -1.332844172689652
xmax: -0.957844172689652
ymin: -0.558948950518696
ymax: -0.348011450518696

contrast: 1.14
brightness: 0.22
saturation: 0.67
gamma: 1.08
gamma_r: 0.99
gamma_g: 0.96
gamma_b: 1.0
vignette: -14
temp: 4871