tweet_id: 1686960522569064448
masto_id: 110823847283352447

n_iter: 314
ct: 1
hue_offset: 122
saturation: 0.77

num_attempts: 573
dur: 603
std: 59.95
size: 1396705 (1.33 MiB)

xmin: -0.4951907632872816
xmax: -0.4911867592832776
ymin: -0.07750785112453862
ymax: -0.07525559887228636

contrast: 1.25
brightness: 0.06
saturation: 1.49
gamma: 1.1
gamma_r: 1.0
gamma_g: 0.92
gamma_b: 0.99
vignette: -19
temp: 4530