tweet_id: 1684481727946006528

n_iter: 327
ct: 48
hue_offset: 307
saturation: 0.47

num_attempts: 5
dur: 11
std: 49.27
size: 1124117 (1.07 MiB)

xmin: 0.5395136788292652
xmax: 0.5450385407077182
ymin: 0.6238793109701968
ymax: 0.6269870457768266

contrast: 1.0
brightness: 0.15
saturation: 0.57
gamma: 0.96
gamma_r: 0.9
gamma_g: 0.99
gamma_b: 1.01
vignette: 8
temp: 3310