tweet_id: 1688043013975711744
masto_id: 110840761221657280

n_iter: 459
ct: 82
hue_offset: 170
saturation: 0.21

num_attempts: 7
dur: 2
std: 55.34
size: 541420 (528.73 KiB)

xmin: -0.622275375507241
xmax: -0.6212805980886884
ymin: -0.4015259358262151
ymax: -0.40096637352827924

contrast: 1.36
brightness: 0.09
saturation: 1.74
gamma: 1.07
gamma_r: 1.08
gamma_g: 1.04
gamma_b: 0.99
vignette: 3
temp: 5723