tweet_id: 1689074284260458496
masto_id: 110856874831618814

n_iter: 334
ct: 141
hue_offset: 139
saturation: -0.68

num_attempts: 4
dur: 1
std: 33.35
size: 1315814 (1.25 MiB)

xmin: -1.4667922918953966
xmax: -1.3645195646226693
ymin: -0.3680006016179187
ymax: -0.3104721925270096

contrast: 1.01
brightness: -0.08
saturation: 0.77
gamma: 1.03
gamma_r: 0.98
gamma_g: 1.08
gamma_b: 0.96
vignette: 10
temp: 5504