tweet_id: 1687559372757401601
masto_id: 110833204243107589

n_iter: 391
ct: 17
hue_offset: 243
saturation: 0.46

num_attempts: 66
dur: 60
std: 35.15
size: 56253 (54.93 KiB)

xmin: -1.13269983944579
xmax: -1.1296440716841398
ymin: -0.21566160971287973
ymax: -0.21394274034695154

contrast: 1.7
brightness: 0.18
saturation: 0.75
gamma: 1.02
gamma_r: 1.01
gamma_g: 0.96
gamma_b: 1.05
vignette: -36
temp: 4664