tweet_id: 1691041680076468224
masto_id: 110887615467722834

newton_power: 5
newton_const: 6

n_iter: 182
ct: 211
hue_offset: 145
saturation: -0.12

num_attempts: 96
dur: 600
std: 13.67
size: 1004734 (981.19 KiB)

xmin: -2.782117162815461
xmax: -2.4821171628154612
ymin: 1.7815856871272082
ymax: 1.9503356871272082

contrast: 0.9
brightness: 0.02
saturation: 0.61
gamma: 0.98
gamma_r: 1.03
gamma_g: 0.95
gamma_b: 1.01
vignette: 27
temp: 6224