tweet_id: 1684512063824035841

n_iter: 196
ct: 1
hue_offset: 112
saturation: -0.05

num_attempts: 48
dur: 50
std: 35.32
size: 700832 (684.41 KiB)

xmin: 0.5136411798679745
xmax: 0.532159698386493
ymin: -0.46852557716938525
ymax: -0.45810891050271857

contrast: 0.86
brightness: -0.09
saturation: 0.56
gamma: 1.06
gamma_r: 1.05
gamma_g: 0.95
gamma_b: 1.1
vignette: -12
temp: 3814