tweet_id: 1691482082143350784
masto_id: 110894496769579984

n_iter: 298
ct: 123
hue_offset: 90
saturation: -0.92

num_attempts: 19
dur: 16
std: 24.05
size: 722320 (705.39 KiB)

xmin: -1.8245745285384753
xmax: 0.42542547146152465
ymin: -1.0983185716835038
ymax: 0.16730642831649623

contrast: 1.5
brightness: 0.22
saturation: 1.05
gamma: 0.93
gamma_r: 0.99
gamma_g: 0.98
gamma_b: 0.96
vignette: -42
temp: 5567