tweet_id: 1688725812508565504
masto_id: 110851430067218219

n_iter: 187
ct: 197
hue_offset: 226
saturation: -0.0

num_attempts: 85
dur: 57
std: 56.65
size: 1035762 (1011.49 KiB)

xmin: -0.5750849007385943
xmax: -0.5745972148083334
ymin: -0.4575862270303378
ymax: -0.45731190369456604

contrast: 0.97
brightness: -0.03
saturation: 0.32
gamma: 0.96
gamma_r: 1.07
gamma_g: 0.93
gamma_b: 1.06
vignette: 28
temp: 7604