tweet_id: 1684566011784355841

n_iter: 280
ct: 98
hue_offset: 161
saturation: 0.27

num_attempts: 20
dur: 15
std: 35.07
size: 1388039 (1.32 MiB)

xmin: 0.6819185837479607
xmax: 0.8319185837479607
ymin: -1.2505725457105918
ymax: -1.1661975457105918

contrast: 1.51
brightness: -0.03
saturation: 1.67
gamma: 1.0
gamma_r: 0.97
gamma_g: 0.93
gamma_b: 0.91
vignette: -23
temp: 2175