tweet_id: 1686572295819784194
masto_id: 110817781341569929

newton_power: 6
newton_const: 7

n_iter: 135
ct: 243
hue_offset: 347
saturation: -0.95

num_attempts: 88
dur: 609
std: 15.9
size: 1106532 (1.06 MiB)

xmin: -0.5219083709112802
xmax: -0.5148077791953038
ymin: -0.6487851423593498
ymax: -0.6447910595191131

contrast: 1.14
brightness: -0.06
saturation: 1.46
gamma: 1.0
gamma_r: 0.96
gamma_g: 1.08
gamma_b: 1.07
vignette: -13
temp: 5300