tweet_id: 1690999287096700928
masto_id: 110886952973599862

n_iter: 345
ct: 144
hue_offset: 90
saturation: 0.47

num_attempts: 24
dur: 23
std: 52.08
size: 2220152 (2.12 MiB)

xmin: -1.1201704602200844
xmax: -1.0567901785299436
ymin: -0.4831966503879841
ymax: -0.44754524193727985

contrast: 0.74
brightness: 0.17
saturation: 0.85
gamma: 0.97
gamma_r: 0.94
gamma_g: 1.07
gamma_b: 1.05
vignette: -14
temp: 4539