tweet_id: 1687641909294948352
masto_id: 110834494147454389

n_iter: 426
ct: 255
hue_offset: 230
saturation: -0.2

num_attempts: 244
dur: 603
std: 68.49
size: 1072924 (1.02 MiB)

xmin: 0.07731698300186185
xmax: 0.0831906981266783
ymin: 0.7664958662122996
ymax: 0.7697998309700088

contrast: 1.63
brightness: 0.07
saturation: 0.5
gamma: 0.91
gamma_r: 1.1
gamma_g: 1.09
gamma_b: 0.98
vignette: -16
temp: 6092