tweet_id: 1687469787771764736
masto_id: 110831804611008709

n_iter: 759
ct: 64
hue_offset: 339
saturation: -0.59

num_attempts: 145
dur: 167
std: 100.04
size: 1558459 (1.49 MiB)

xmin: -1.0924872995259116
xmax: -1.0663435086762385
ymin: -0.2520022756253073
ymax: -0.23729639327236612

contrast: 1.38
brightness: 0.21
saturation: 0.31
gamma: 1.0
gamma_r: 0.91
gamma_g: 0.92
gamma_b: 1.08
vignette: -24
temp: 6959