tweet_id: 1691645659315650897
masto_id: 110897052542155843

newton_power: 7
newton_const: 10

n_iter: 189
ct: 56
hue_offset: 182
saturation: -0.49

num_attempts: 67
dur: 600
std: 17.07
size: 806044 (787.15 KiB)

xmin: -1.5809086561806112
xmax: -0.8309086561806112
ymin: -0.9440880778169076
ymax: -0.5222130778169076

contrast: 1.4
brightness: 0.08
saturation: 0.6
gamma: 1.03
gamma_r: 0.99
gamma_g: 1.1
gamma_b: 0.94
vignette: -2
temp: 5811