tweet_id: 1684660042358722560

n_iter: 291
ct: 11
hue_offset: 12
saturation: -0.91

num_attempts: 4
dur: 2
std: 42.43
size: 1202581 (1.15 MiB)

xmin: -0.5687549305416906
xmax: -0.5395578502497198
ymin: -0.5737079025337959
ymax: -0.5572845448695624

contrast: 1.56
brightness: 0.01
saturation: 1.43
gamma: 1.09
gamma_r: 1.02
gamma_g: 1.03
gamma_b: 1.03
vignette: -45
temp: 2205