tweet_id: 1686443177954189312
masto_id: 110815763844068278

n_iter: 263
ct: 7
hue_offset: 223
saturation: -0.11

num_attempts: 70
dur: 51
std: 17.13
size: 1252307 (1.19 MiB)

xmin: -0.6502852045483887
xmax: -0.648944272600685
ymin: 0.4903212324170583
ymax: 0.4910755066376416

contrast: 1.32
brightness: 0.06
saturation: 0.89
gamma: 1.06
gamma_r: 0.97
gamma_g: 0.99
gamma_b: 1.05
vignette: -17
temp: 5209