tweet_id: 1685756896660099073
masto_id: 110805040908548060

newton_power: 7
newton_const: -5

n_iter: 193
ct: 240
hue_offset: 29
saturation: -0.52

num_attempts: 81
dur: 610
std: 25.22
size: 1146234 (1.09 MiB)

xmin: -0.5266513171878588
xmax: -0.5120882103917423
ymin: -0.708094410818396
ymax: -0.6999026632455805

contrast: 1.37
brightness: -0.06
saturation: 1.36
gamma: 0.92
gamma_r: 1.0
gamma_g: 1.1
gamma_b: 0.91
vignette: 15
temp: 3298