tweet_id: 1688073815362801664
masto_id: 110841242537327875

n_iter: 405
ct: 91
hue_offset: 113
saturation: -0.03

num_attempts: 95
dur: 82
std: 57.24
size: 1431795 (1.37 MiB)

xmin: -0.8411333644603272
xmax: -0.8386318009831539
ymin: -0.20862053693541127
ymax: -0.20721340747950132

contrast: 0.72
brightness: 0.01
saturation: 0.71
gamma: 0.95
gamma_r: 1.07
gamma_g: 0.97
gamma_b: 1.06
vignette: 19
temp: 4593