tweet_id: 1689380780391227392
masto_id: 110861663821080480

newton_power: 3
newton_const: 6

n_iter: 127
ct: 30
hue_offset: 350
saturation: -0.51

num_attempts: 288
dur: 600
std: 3.91
size: 611863 (597.52 KiB)

xmin: -0.7232791398486595
xmax: -0.705206850692033
ymin: 0.7520785294869068
ymax: 0.7622441921375092

contrast: 1.78
brightness: 0.02
saturation: 0.64
gamma: 1.0
gamma_r: 0.94
gamma_g: 1.04
gamma_b: 1.06
vignette: 11
temp: 6122