tweet_id: 1684505811207221248

n_iter: 161
ct: 82
hue_offset: 297
saturation: 0.62

num_attempts: 23
dur: 9
std: 25.2
size: 1237223 (1.18 MiB)

xmin: -0.38395710309082043
xmax: 0.06604289690917958
ymin: -1.1864819758317608
ymax: -0.9333569758317608

contrast: 1.37
brightness: 0.23
saturation: 1.15
gamma: 0.92
gamma_r: 0.94
gamma_g: 1.03
gamma_b: 1.0
vignette: 15
temp: 3344