tweet_id: 1684603530831872000

n_iter: 132
ct: 138
hue_offset: 339
saturation: -0.14

num_attempts: 46
dur: 20
std: 17.61
size: 1174253 (1.12 MiB)

xmin: 0.5794943259252037
xmax: 0.5841509033408032
ymin: -0.6453003075238803
ymax: -0.6426809827276057

contrast: 1.06
brightness: 0.05
saturation: 0.76
gamma: 0.93
gamma_r: 0.99
gamma_g: 1.09
gamma_b: 0.91
vignette: -38
temp: 7453