tweet_id: 1686477309929234437
masto_id: 110816297114925906

n_iter: 319
ct: 1
hue_offset: 345
saturation: -0.94

num_attempts: 475
dur: 603
std: 63.44
size: 1119339 (1.07 MiB)

xmin: 0.055255817873701485
xmax: 0.05965142226930588
ymin: 0.7750104356956755
ymax: 0.777482963168203

contrast: 1.62
brightness: 0.14
saturation: 0.98
gamma: 0.92
gamma_r: 1.02
gamma_g: 1.09
gamma_b: 0.91
vignette: 18
temp: 3096