tweet_id: 1691697721604743570
masto_id: 110897866071132748

n_iter: 619
ct: 10
hue_offset: 31
saturation: 0.23

num_attempts: 24
dur: 37
std: 27.65
size: 1090396 (1.04 MiB)

xmin: -0.7052275970960808
xmax: -0.7042469645881132
ymin: -0.3548137917138664
ymax: -0.3542621859281346

contrast: 0.95
brightness: 0.0
saturation: 1.45
gamma: 1.05
gamma_r: 0.94
gamma_g: 0.93
gamma_b: 1.01
vignette: -21
temp: 7996