tweet_id: 1688686249123459073
masto_id: 110850811839258643

newton_power: 7
newton_const: 1

n_iter: 255
ct: 106
hue_offset: 306
saturation: -0.12

num_attempts: 62
dur: 614
std: 22.06
size: 1277384 (1.22 MiB)

xmin: 1.0497773218828987
xmax: 1.056827850672558
ymin: -1.1263609147083677
ymax: -1.1223949922641845

contrast: 1.44
brightness: -0.01
saturation: 1.2
gamma: 0.96
gamma_r: 0.95
gamma_g: 1.02
gamma_b: 1.07
vignette: -26
temp: 5421