tweet_id: 1690226419115384833
masto_id: 110874876953763704

newton_power: 6
newton_const: -5

n_iter: 162
ct: 93
hue_offset: 322
saturation: -0.73

num_attempts: 69
dur: 611
std: 18.69
size: 1238755 (1.18 MiB)

xmin: -1.7534423719257524
xmax: -1.7431507767284968
ymin: -0.9269431967111363
ymax: -0.9211541744126801

contrast: 0.94
brightness: 0.02
saturation: 0.53
gamma: 1.02
gamma_r: 0.93
gamma_g: 1.05
gamma_b: 1.06
vignette: 20
temp: 6558