tweet_id: 1686481652837392389
masto_id: 110816365000633653

newton_power: 7
newton_const: -3

n_iter: 74
ct: 27
hue_offset: 306
saturation: -0.94

num_attempts: 73
dur: 602
std: 12.68
size: 869710 (849.33 KiB)

xmin: 0.5737874578139812
xmax: 0.5856451653238627
ymin: -1.678666373181187
ymax: -1.6719964127068787

contrast: 1.35
brightness: 0.06
saturation: 1.66
gamma: 0.92
gamma_r: 0.91
gamma_g: 1.1
gamma_b: 0.93
vignette: 6
temp: 2265