tweet_id: 1685466691097034752

n_iter: 466
ct: 191
hue_offset: 311
saturation: -0.59

num_attempts: 73
dur: 164
std: 49.6
size: 648592 (633.39 KiB)

xmin: 0.45021185433846655
xmax: 0.47171723068255256
ymin: -0.04508859532287257
ymax: -0.03299182112932418

contrast: 0.71
brightness: -0.01
saturation: 0.76
gamma: 0.97
gamma_r: 1.03
gamma_g: 0.93
gamma_b: 0.96
vignette: -5
temp: 2025