tweet_id: 1684999532994871296

newton_power: 6
newton_const: -5

n_iter: 215
ct: 65
hue_offset: 285
saturation: 0.41

num_attempts: 3
dur: 29
std: 11.35
size: 959036 (936.56 KiB)

xmin: 0.9202336810656511
xmax: 1.7773765382085083
ymin: -1.3061850446462313
ymax: -0.8240421875033742

contrast: 1.27
brightness: -0.08
saturation: 1.1
gamma: 1.06
gamma_r: 1.06
gamma_g: 0.98
gamma_b: 1.01
vignette: 11
temp: 5703