tweet_id: 1684304951370199040

newton_power: 5
newton_const: -9

n_iter: 127
ct: 23
hue_offset: 14
saturation: 0.08

num_attempts: 5
dur: 37
std: 3.13
size: 380981 (372.05 KiB)

xmin: -1.488474484433255
xmax: -1.3521108480696187
ymin: 0.2280594183832947
ymax: 0.3047639638378401

contrast: 1.46
brightness: 0.13
saturation: 1.37
gamma: 1.02
gamma_r: 0.95
gamma_g: 0.95
gamma_b: 0.96
vignette: 19
temp: 3455