tweet_id: 1690916553439494144
masto_id: 110885660287126498

n_iter: 481
ct: 255
hue_offset: 79
saturation: 0.37

num_attempts: 260
dur: 603
std: 74.69
size: 709840 (693.2 KiB)

xmin: -0.47398133877912674
xmax: -0.4691387237670202
ymin: 0.5178061726945411
ymax: 0.520530143638851

contrast: 1.15
brightness: 0.15
saturation: 0.59
gamma: 0.93
gamma_r: 1.04
gamma_g: 1.07
gamma_b: 1.05
vignette: 8
temp: 7650