tweet_id: 1691037440545284096
masto_id: 110887549139361753

n_iter: 264
ct: 1
hue_offset: 79
saturation: -0.92

num_attempts: 529
dur: 606
std: 46.34
size: 1487649 (1.42 MiB)

xmin: 0.3746526653104105
xmax: 0.3801022565910645
ymin: 0.639667751883704
ymax: 0.6427331469790718

contrast: 0.73
brightness: 0.2
saturation: 1.29
gamma: 0.96
gamma_r: 0.97
gamma_g: 0.91
gamma_b: 1.1
vignette: 15
temp: 2488