tweet_id: 1687353196040130560
masto_id: 110829982787624725

n_iter: 414
ct: 1
hue_offset: 309
saturation: -0.49

num_attempts: 368
dur: 606
std: 55.2
size: 505896 (494.04 KiB)

xmin: -0.2619231188371325
xmax: -0.2525773244446091
ymin: 0.7059239215784205
ymax: 0.711180930924215

contrast: 1.52
brightness: 0.02
saturation: 1.62
gamma: 0.91
gamma_r: 1.0
gamma_g: 0.92
gamma_b: 1.03
vignette: -28
temp: 7807