tweet_id: 1688225177933422592
masto_id: 110843607595702885

n_iter: 616
ct: 120
hue_offset: 71
saturation: 0.2

num_attempts: 22
dur: 33
std: 21.64
size: 574449 (560.99 KiB)

xmin: -1.185827940500504
xmax: 0.14750539283282915
ymin: 0.2416469890448265
ymax: 0.9916469890448265

contrast: 1.15
brightness: 0.05
saturation: 0.71
gamma: 1.09
gamma_r: 0.96
gamma_g: 0.98
gamma_b: 1.01
vignette: -21
temp: 3287