tweet_id: 1691279058506522624
masto_id: 110891324397410191

n_iter: 611
ct: 255
hue_offset: 144
saturation: -0.62

num_attempts: 185
dur: 600
std: 86.51
size: 898893 (877.83 KiB)

xmin: 0.5120339136472385
xmax: 0.5192152421930195
ymin: -0.6103185939809096
ymax: -0.6062790966739078

contrast: 1.46
brightness: 0.18
saturation: 1.51
gamma: 0.97
gamma_r: 1.01
gamma_g: 0.99
gamma_b: 0.98
vignette: 11
temp: 4743