tweet_id: 1684486180308500481

newton_power: 5
newton_const: 2

n_iter: 155
ct: 169
hue_offset: 144
saturation: 0.28

num_attempts: 3
dur: 47
std: 7.03
size: 890901 (870.02 KiB)

xmin: 0.2652619546310415
xmax: 0.2791508435199304
ymin: -0.8164491706159829
ymax: -0.8086366706159829

contrast: 0.88
brightness: 0.01
saturation: 0.86
gamma: 1.0
gamma_r: 0.99
gamma_g: 1.1
gamma_b: 0.92
vignette: 19
temp: 5692