tweet_id: 1685387873712029696

n_iter: 391
ct: 236
hue_offset: 200
saturation: 0.14

num_attempts: 48
dur: 51
std: 57.91
size: 907707 (886.43 KiB)

xmin: -0.21263043907904144
xmax: -0.20522303167163403
ymin: 0.9707263772914136
ymax: 0.9748930439580803

contrast: 1.02
brightness: 0.15
saturation: 0.91
gamma: 0.91
gamma_r: 0.9
gamma_g: 0.98
gamma_b: 1.07
vignette: -5
temp: 5895