tweet_id: 1689410928331083777
masto_id: 110862134913109154

newton_power: 5
newton_const: 8

n_iter: 73
ct: 53
hue_offset: 91
saturation: -0.66

num_attempts: 108
dur: 606
std: 12.18
size: 1169720 (1.12 MiB)

xmin: 0.49510482950496915
xmax: 0.7093905437906834
ymin: -1.6570355852541132
ymax: -1.536499870968399

contrast: 1.32
brightness: 0.01
saturation: 0.37
gamma: 1.07
gamma_r: 0.99
gamma_g: 0.98
gamma_b: 0.99
vignette: -24
temp: 5314