tweet_id: 1687659375580659712
masto_id: 110834766946729756

newton_power: 6
newton_const: 8

n_iter: 88
ct: 120
hue_offset: 316
saturation: -0.72

num_attempts: 104
dur: 600
std: 12.4
size: 1063753 (1.01 MiB)

xmin: 0.8395358173035179
xmax: 0.8945816888631509
ymin: 1.0672053996507973
ymax: 1.0981687024030908

contrast: 1.42
brightness: 0.08
saturation: 1.27
gamma: 0.94
gamma_r: 1.06
gamma_g: 1.07
gamma_b: 0.99
vignette: 17
temp: 4042