tweet_id: 1689979404288708608
masto_id: 110871017391737401

n_iter: 386
ct: 218
hue_offset: 85
saturation: 0.95

num_attempts: 114
dur: 101
std: 78.18
size: 937993 (916.01 KiB)

xmin: -0.5748935690846406
xmax: -0.5739313367055211
ymin: -0.45035930317799844
ymax: -0.4498180474647437

contrast: 0.7
brightness: 0.19
saturation: 1.09
gamma: 0.94
gamma_r: 0.95
gamma_g: 1.04
gamma_b: 1.05
vignette: -28
temp: 3369