tweet_id: 1686632711245443074
masto_id: 110818725319577481

newton_power: 5
newton_const: -7

n_iter: 79
ct: 135
hue_offset: 313
saturation: -0.96

num_attempts: 96
dur: 600
std: 11.72
size: 1233049 (1.18 MiB)

xmin: -1.1948259960108258
xmax: -1.0931310807565886
ymin: -0.04814326908786648
ymax: 0.009060120742641994

contrast: 1.18
brightness: 0.18
saturation: 0.91
gamma: 0.92
gamma_r: 0.94
gamma_g: 0.98
gamma_b: 1.06
vignette: -42
temp: 3943