tweet_id: 1685411395092074496

n_iter: 371
ct: 232
hue_offset: 114
saturation: 0.63

num_attempts: 6
dur: 2
std: 41.73
size: 1389788 (1.33 MiB)

xmin: -0.5664855123573371
xmax: -0.5012681210529893
ymin: -0.9424065305327893
ymax: -0.9057217479240937

contrast: 1.29
brightness: 0.15
saturation: 0.52
gamma: 0.98
gamma_r: 0.91
gamma_g: 0.95
gamma_b: 1.05
vignette: -4
temp: 5846