tweet_id: 1686562624748867584
masto_id: 110817630364851557

n_iter: 132
ct: 13
hue_offset: 119
saturation: -0.47

num_attempts: 38
dur: 17
std: 21.33
size: 1125647 (1.07 MiB)

xmin: 0.0181788951572619
xmax: 0.09445008159793987
ymin: -1.1441982969509374
ymax: -1.1012957545780562

contrast: 1.61
brightness: -0.1
saturation: 1.25
gamma: 0.91
gamma_r: 0.93
gamma_g: 1.03
gamma_b: 0.99
vignette: 6
temp: 7335