tweet_id: 1684297998866558976

n_iter: 301
ct: 8
hue_offset: 41
saturation: -0.05

num_attempts: 124
dur: 108
std: 23.11
size: 350199 (341.99 KiB)

xmin: -0.8746260830286288
xmax: -0.8357911315723181
ymin: -0.20317818045548452
ymax: -0.18133352026130978

contrast: 1.06
brightness: 0.05
saturation: 1.57
gamma: 0.95
gamma_r: 0.92
gamma_g: 1.09
gamma_b: 0.93
vignette: 15
temp: 6970