tweet_id: 1690424881660440578
masto_id: 110877977902209515

n_iter: 320
ct: 44
hue_offset: 187
saturation: 0.25

num_attempts: 1
dur: 0
std: 42.14
size: 2328749 (2.22 MiB)

xmin: 0.4217672213814656
xmax: 0.5315233189424412
ymin: -1.2290001092206273
ymax: -1.1672623043425785

contrast: 1.07
brightness: 0.11
saturation: 1.56
gamma: 1.03
gamma_r: 0.95
gamma_g: 0.96
gamma_b: 1.04
vignette: -41
temp: 5371