tweet_id: 1690015037589454848
masto_id: 110871574196033793

newton_power: 4
newton_const: -6

n_iter: 152
ct: 130
hue_offset: 89
saturation: -0.78

num_attempts: 113
dur: 607
std: 7.26
size: 832953 (813.43 KiB)

xmin: -0.6938895026320457
xmax: -0.6372857290471401
ymin: 0.17385713499372857
ymax: 0.205696757635238

contrast: 0.71
brightness: -0.1
saturation: 1.34
gamma: 1.09
gamma_r: 0.95
gamma_g: 1.02
gamma_b: 0.96
vignette: 12
temp: 7112