tweet_id: 1686421265727344646
masto_id: 110815421509942013

newton_power: 6
newton_const: -9

n_iter: 110
ct: 86
hue_offset: 35
saturation: -0.32

num_attempts: 74
dur: 601
std: 17.71
size: 927159 (905.43 KiB)

xmin: 0.9435558052681792
xmax: 1.0660047848600158
ymin: 0.5354662768361544
ymax: 0.6043438278565626

contrast: 1.05
brightness: 0.15
saturation: 1.74
gamma: 1.06
gamma_r: 1.02
gamma_g: 0.99
gamma_b: 0.93
vignette: 20
temp: 5648