tweet_id: 1686593643295993856
masto_id: 110818114976709152

n_iter: 183
ct: 89
hue_offset: 143
saturation: -0.1

num_attempts: 2
dur: 1
std: 23.88
size: 1045987 (1021.47 KiB)

xmin: 0.14300718376017585
xmax: 0.14388765921692248
ymin: -0.6310355949556656
ymax: -0.6305403275112457

contrast: 1.34
brightness: 0.14
saturation: 0.36
gamma: 1.06
gamma_r: 0.98
gamma_g: 0.9
gamma_b: 1.08
vignette: -14
temp: 5264