tweet_id: 1691494654422790156
masto_id: 110894693189808205

newton_power: 7
newton_const: 9

n_iter: 195
ct: 177
hue_offset: 305
saturation: 0.53

num_attempts: 69
dur: 600
std: 25.28
size: 1176906 (1.12 MiB)

xmin: 2.661285691024127
xmax: 2.6685233267297965
ymin: 0.19981408565936976
ymax: 0.20388525574380884

contrast: 1.06
brightness: -0.09
saturation: 1.52
gamma: 1.05
gamma_r: 0.9
gamma_g: 0.92
gamma_b: 0.9
vignette: -32
temp: 5275