tweet_id: 1689035604355354624
masto_id: 110856270502675607

n_iter: 138
ct: 160
hue_offset: 153
saturation: 0.13

num_attempts: 61
dur: 21
std: 21.82
size: 990680 (967.46 KiB)

xmin: -0.5326140583873455
xmax: 0.029885941612654454
ymin: -1.1932208063069316
ymax: -0.8768145563069316

contrast: 1.22
brightness: -0.06
saturation: 0.49
gamma: 1.03
gamma_r: 1.03
gamma_g: 0.96
gamma_b: 0.91
vignette: -46
temp: 7858