tweet_id: 1685351434370359296

n_iter: 313
ct: 114
hue_offset: 220
saturation: -0.55

num_attempts: 5
dur: 1
std: 48.49
size: 1323737 (1.26 MiB)

xmin: -1.1687311059167425
xmax: -1.0437311059167425
ymin: -0.534712140642821
ymax: -0.464399640642821

contrast: 1.33
brightness: 0.16
saturation: 0.95
gamma: 1.09
gamma_r: 1.06
gamma_g: 0.93
gamma_b: 1.08
vignette: -2
temp: 4797