tweet_id: 1687202167621386240
masto_id: 110827623005242229

n_iter: 546
ct: 1
hue_offset: 79
saturation: -0.09

num_attempts: 314
dur: 608
std: 99.21
size: 1134148 (1.08 MiB)

xmin: 0.3712144812376321
xmax: 0.3755670383649444
ymin: 0.6347452441817225
ymax: 0.6371935575658357

contrast: 1.62
brightness: 0.23
saturation: 1.55
gamma: 1.0
gamma_r: 0.92
gamma_g: 0.98
gamma_b: 0.98
vignette: 30
temp: 6517