tweet_id: 1687685305976111104
masto_id: 110835172174281131

n_iter: 343
ct: 255
hue_offset: 117
saturation: 0.35

num_attempts: 446
dur: 601
std: 50.88
size: 948846 (926.61 KiB)

xmin: -0.607025910871009
xmax: -0.6017418950189615
ymin: 0.28761857946382374
ymax: 0.2905908383806005

contrast: 1.21
brightness: 0.13
saturation: 1.73
gamma: 0.91
gamma_r: 1.09
gamma_g: 0.94
gamma_b: 1.07
vignette: 29
temp: 3995