tweet_id: 1691073890364391424
masto_id: 110888119145196632

newton_power: 3
newton_const: 3

n_iter: 231
ct: 217
hue_offset: 111
saturation: 0.65

num_attempts: 242
dur: 600
std: 4.4
size: 885218 (864.47 KiB)

xmin: -0.5094695849408066
xmax: -0.5017376261779201
ymin: -0.9526653727207695
ymax: -0.9483161459166457

contrast: 0.84
brightness: 0.12
saturation: 1.25
gamma: 1.04
gamma_r: 1.05
gamma_g: 1.05
gamma_b: 0.99
vignette: -41
temp: 6813