tweet_id: 1688500915118948352
masto_id: 110847915978202523

n_iter: 338
ct: 1
hue_offset: 137
saturation: 0.49

num_attempts: 488
dur: 600
std: 39.9
size: 1356387 (1.29 MiB)

xmin: 0.6198324404319333
xmax: 0.623964671836892
ymin: -0.5335165863713032
ymax: -0.5311922062060139

contrast: 0.89
brightness: 0.21
saturation: 0.42
gamma: 1.1
gamma_r: 0.97
gamma_g: 1.08
gamma_b: 0.93
vignette: -29
temp: 7045