tweet_id: 1688769123184975872
masto_id: 110852106744377348

n_iter: 800
ct: 112
hue_offset: 274
saturation: -0.6

num_attempts: 155
dur: 275
std: 23.59
size: 795659 (777.01 KiB)

xmin: -0.35430533304337697
xmax: -0.3504028940189867
ymin: 0.6561056661847993
ymax: 0.6583007881360188

contrast: 1.74
brightness: 0.0
saturation: 1.71
gamma: 1.1
gamma_r: 1.04
gamma_g: 1.03
gamma_b: 0.91
vignette: 3
temp: 2441