tweet_id: 1684331076125184001

n_iter: 460
ct: 174
hue_offset: 97
saturation: -0.37

num_attempts: 44
dur: 88
std: 14.46
size: 130263 (127.21 KiB)

xmin: -0.23315429711486768
xmax: -0.22172572568629625
ymin: -0.9343867617726753
ymax: -0.9279581903441039

contrast: 1.1
brightness: 0.06
saturation: 1.71
gamma: 0.99
gamma_r: 0.92
gamma_g: 0.97
gamma_b: 0.91
vignette: -32
temp: 3617