tweet_id: 1688975805559279630
masto_id: 110855336065200924

n_iter: 299
ct: 241
hue_offset: 93
saturation: 0.27

num_attempts: 8
dur: 4
std: 49.88
size: 1623239 (1.55 MiB)

xmin: -0.92341196571799
xmax: -0.5772581195641439
ymin: -0.818697261913579
ymax: -0.6239857234520406

contrast: 1.28
brightness: 0.01
saturation: 0.81
gamma: 0.97
gamma_r: 0.99
gamma_g: 0.98
gamma_b: 1.04
vignette: 20
temp: 4293