tweet_id: 1691258179504472064
masto_id: 110890998282589420

n_iter: 399
ct: 1
hue_offset: 64
saturation: 0.55

num_attempts: 62
dur: 73
std: 41.09
size: 657558 (642.15 KiB)

xmin: -0.732096845385859
xmax: -0.6794652664384906
ymin: -0.20728245259819322
ymax: -0.17767718944029848

contrast: 1.22
brightness: 0.13
saturation: 1.45
gamma: 0.99
gamma_r: 0.99
gamma_g: 0.97
gamma_b: 0.98
vignette: -19
temp: 3175