tweet_id: 1689743109729509376
masto_id: 110867325245706244

newton_power: 6
newton_const: -7

n_iter: 102
ct: 200
hue_offset: 329
saturation: 0.39

num_attempts: 77
dur: 601
std: 15.33
size: 1104006 (1.05 MiB)

xmin: -0.5660072978051724
xmax: -0.531325216880317
ymin: -0.7038682840393908
ymax: -0.6843596135191596

contrast: 1.46
brightness: -0.04
saturation: 0.68
gamma: 1.06
gamma_r: 1.06
gamma_g: 0.91
gamma_b: 1.08
vignette: -42
temp: 7120