tweet_id: 1689894133660319744
masto_id: 110869685035331105

newton_power: 7
newton_const: 4

n_iter: 166
ct: 80
hue_offset: 14
saturation: -0.27

num_attempts: 60
dur: 600
std: 17.14
size: 1363280 (1.3 MiB)

xmin: -0.39323518894684684
xmax: -0.3846637603754183
ymin: -1.6214922215841892
ymax: -1.6166707930127606

contrast: 1.58
brightness: 0.19
saturation: 1.7
gamma: 0.98
gamma_r: 1.0
gamma_g: 1.01
gamma_b: 0.98
vignette: -46
temp: 7443