tweet_id: 1689712959101034497
masto_id: 110866854065972452

newton_power: 3
newton_const: -8

n_iter: 185
ct: 159
hue_offset: 224
saturation: 0.82

num_attempts: 235
dur: 601
std: 3.8
size: 156552 (152.88 KiB)

xmin: -0.29427741162725374
xmax: 0.5628654455156034
ymin: -0.010940991272468725
ymax: 0.47120186587038837

contrast: 1.51
brightness: -0.03
saturation: 1.27
gamma: 0.95
gamma_r: 1.0
gamma_g: 1.0
gamma_b: 0.94
vignette: 2
temp: 6050