tweet_id: 1684784111221669888

n_iter: 290
ct: 2
hue_offset: 279
saturation: 0.2

num_attempts: 60
dur: 94
std: 46.22
size: 1417975 (1.35 MiB)

xmin: -0.05268052904945075
xmax: -0.04766799772112995
ymin: 1.130864613311564
ymax: 1.1336841621837446

contrast: 0.8
brightness: 0.1
saturation: 1.32
gamma: 0.92
gamma_r: 0.93
gamma_g: 1.09
gamma_b: 0.94
vignette: 26
temp: 5477