tweet_id: 1690765773273178112
masto_id: 110883304263648645

n_iter: 608
ct: 1
hue_offset: 210
saturation: 0.89

num_attempts: 208
dur: 604
std: 67.22
size: 546557 (533.75 KiB)

xmin: 0.5106356343901317
xmax: 0.529866403620901
ymin: 0.4228642960495157
ymax: 0.4336816037418234

contrast: 0.96
brightness: -0.06
saturation: 1.02
gamma: 1.02
gamma_r: 0.92
gamma_g: 0.92
gamma_b: 0.97
vignette: 0
temp: 4457