tweet_id: 1688534832077508608
masto_id: 110848445985138372

n_iter: 332
ct: 255
hue_offset: 159
saturation: 0.95

num_attempts: 407
dur: 603
std: 50.87
size: 1100747 (1.05 MiB)

xmin: -0.5209165887124061
xmax: -0.5076715555998234
ymin: 0.4384085929927446
ymax: 0.4458589241185724

contrast: 0.81
brightness: 0.19
saturation: 1.07
gamma: 1.07
gamma_r: 0.99
gamma_g: 0.95
gamma_b: 1.03
vignette: -13
temp: 5865