tweet_id: 1687102712817897473
masto_id: 110826069040221075

n_iter: 307
ct: 62
hue_offset: 108
saturation: -0.33

num_attempts: 5
dur: 1
std: 27.12
size: 2071519 (1.98 MiB)

xmin: -0.6190553176964713
xmax: -0.5574114820800329
ymin: -0.9923447076814169
ymax: -0.9576700501471703

contrast: 1.53
brightness: 0.06
saturation: 0.76
gamma: 1.04
gamma_r: 0.98
gamma_g: 0.95
gamma_b: 1.04
vignette: -10
temp: 5260