tweet_id: 1690549741443076096
masto_id: 110879928810337320

n_iter: 137
ct: 241
hue_offset: 104
saturation: -0.48

num_attempts: 34
dur: 14
std: 27.35
size: 822914 (803.63 KiB)

xmin: -0.7288516056826562
xmax: -0.6823399777756795
ymin: -0.2841098250806551
ymax: -0.25794703438298067

contrast: 1.32
brightness: 0.13
saturation: 0.33
gamma: 1.08
gamma_r: 0.94
gamma_g: 1.03
gamma_b: 0.92
vignette: -46
temp: 7975