tweet_id: 1690277628085755905
masto_id: 110875677116996592

n_iter: 457
ct: 161
hue_offset: 271
saturation: 0.52

num_attempts: 35
dur: 17
std: 72.83
size: 1487777 (1.42 MiB)

xmin: -0.15457339193513153
xmax: -0.1531324697449298
ymin: 1.0382174853133956
ymax: 1.039028004045384

contrast: 0.74
brightness: 0.0
saturation: 1.63
gamma: 0.96
gamma_r: 0.95
gamma_g: 1.0
gamma_b: 1.06
vignette: -47
temp: 5074