tweet_id: 1687624328865525762
masto_id: 110834219227219439

n_iter: 489
ct: 245
hue_offset: 155
saturation: -0.93

num_attempts: 2
dur: 9
std: 61.44
size: 734191 (716.98 KiB)

xmin: -1.075115134186408
xmax: -1.0098977428820601
ymin: -0.47231489418244244
ymax: -0.43563011157374676

contrast: 1.79
brightness: 0.16
saturation: 0.51
gamma: 1.0
gamma_r: 0.96
gamma_g: 0.98
gamma_b: 0.92
vignette: -11
temp: 7855