tweet_id: 1689452892711788544
masto_id: 110862790603659387

n_iter: 1011
ct: 72
hue_offset: 112
saturation: -0.91

num_attempts: 154
dur: 218
std: 36.36
size: 1495391 (1.43 MiB)

xmin: -0.6520587483416991
xmax: -0.6515684921828561
ymin: 0.449347529930362
ymax: 0.44962329901971115

contrast: 1.09
brightness: 0.17
saturation: 1.6
gamma: 1.03
gamma_r: 1.06
gamma_g: 1.06
gamma_b: 0.99
vignette: -7
temp: 3083