tweet_id: 1687413501793288192
masto_id: 110830925148117445

n_iter: 423
ct: 1
hue_offset: 111
saturation: 0.64

num_attempts: 382
dur: 600
std: 69.49
size: 717089 (700.28 KiB)

xmin: 0.04276531438695308
xmax: 0.04858773068971873
ymin: 0.7733612642618373
ymax: 0.776636373432143

contrast: 0.9
brightness: -0.02
saturation: 1.25
gamma: 1.07
gamma_r: 1.05
gamma_g: 1.02
gamma_b: 1.0
vignette: -11
temp: 7642