tweet_id: 1691429050475220992
masto_id: 110893668214675623

n_iter: 377
ct: 64
hue_offset: 161
saturation: 0.26

num_attempts: 128
dur: 111
std: 15.28
size: 1127416 (1.08 MiB)

xmin: -0.7978028895520775
xmax: -0.7967319390835367
ymin: 0.1833152645924765
ymax: 0.1839176742310307

contrast: 0.83
brightness: 0.15
saturation: 1.28
gamma: 0.95
gamma_r: 0.91
gamma_g: 1.02
gamma_b: 1.04
vignette: -41
temp: 7987