tweet_id: 1687599050034495488
masto_id: 110833824343762998

newton_power: 7
newton_const: -5

n_iter: 245
ct: 230
hue_offset: 83
saturation: 0.68

num_attempts: 76
dur: 615
std: 25.75
size: 1226857 (1.17 MiB)

xmin: -1.701697871510459
xmax: -1.6894027895432457
ymin: 1.7819007607433437
ymax: 1.788816744349901

contrast: 1.26
brightness: 0.16
saturation: 0.44
gamma: 0.97
gamma_r: 0.95
gamma_g: 1.02
gamma_b: 1.07
vignette: -33
temp: 5689