tweet_id: 1690308068490555392
masto_id: 110876152686622757

n_iter: 921
ct: 163
hue_offset: 105
saturation: -0.69

num_attempts: 42
dur: 48
std: 119.74
size: 1901267 (1.81 MiB)

xmin: -0.5459996319967892
xmax: -0.543027863794709
ymin: 0.49602559212175334
ymax: 0.4976972117354235

contrast: 1.59
brightness: 0.11
saturation: 1.06
gamma: 1.02
gamma_r: 1.06
gamma_g: 0.93
gamma_b: 1.05
vignette: -8
temp: 5763