tweet_id: 1684848571810525184

newton_power: 3
newton_const: 4

n_iter: 91
ct: 84
hue_offset: 87
saturation: 0.69

num_attempts: 12
dur: 34
std: 3.69
size: 790109 (771.59 KiB)

xmin: -0.5470982971782545
xmax: -0.5383135241182253
ymin: 0.30794936229181946
ymax: 0.31289079713808593

contrast: 0.98
brightness: 0.04
saturation: 0.8
gamma: 1.05
gamma_r: 0.91
gamma_g: 0.96
gamma_b: 0.95
vignette: 14
temp: 5210