tweet_id: 1687281817609764864
masto_id: 110828867840749408

newton_power: 3
newton_const: 1

n_iter: 173
ct: 93
hue_offset: 133
saturation: -0.19

num_attempts: 227
dur: 600
std: 4.59
size: 534418 (521.89 KiB)

xmin: -0.1862389059248155
xmax: 0.013761094075184499
ymin: -0.05210760589721053
ymax: 0.06039239410278947

contrast: 1.18
brightness: -0.05
saturation: 1.49
gamma: 0.92
gamma_r: 0.99
gamma_g: 0.91
gamma_b: 0.94
vignette: 6
temp: 7958