tweet_id: 1690761644765245440
masto_id: 110883239897537783

n_iter: 742
ct: 19
hue_offset: 298
saturation: -0.2

num_attempts: 109
dur: 88
std: 37.97
size: 699205 (682.82 KiB)

xmin: -0.3863966420669471
xmax: -0.3854360272734793
ymin: -0.614397105611123
ymax: -0.6138567597897974

contrast: 1.4
brightness: 0.2
saturation: 0.89
gamma: 0.91
gamma_r: 1.08
gamma_g: 0.93
gamma_b: 1.0
vignette: -1
temp: 2808