tweet_id: 1690036597104738304
masto_id: 110871911018763619

n_iter: 279
ct: 155
hue_offset: 254
saturation: -0.97

num_attempts: 16
dur: 13
std: 52.94
size: 1332664 (1.27 MiB)

xmin: 0.16572061692478268
xmax: 0.16654911733903288
ymin: 0.578992613057415
ymax: 0.5794586445404307

contrast: 1.66
brightness: 0.02
saturation: 0.66
gamma: 0.96
gamma_r: 0.95
gamma_g: 1.09
gamma_b: 0.96
vignette: 2
temp: 6706