tweet_id: 1684379311229526016

newton_power: 4
newton_const: -3

n_iter: 186
ct: 107
hue_offset: 330
saturation: -0.64

num_attempts: 1
dur: 8
std: 5.63
size: 557060 (544.0 KiB)

xmin: 0.9321141643051831
xmax: 0.9446664655604132
ymin: -0.9423987650757508
ymax: -0.9353380956196838

contrast: 1.7
brightness: 0.15
saturation: 1.2
gamma: 0.98
gamma_r: 0.9
gamma_g: 0.91
gamma_b: 1.09
vignette: 5
temp: 6406