tweet_id: 1687711006829809664
masto_id: 110835573717873219

n_iter: 723
ct: 202
hue_offset: 349
saturation: 0.41

num_attempts: 8
dur: 18
std: 25.08
size: 837733 (818.1 KiB)

xmin: -0.3407153699685308
xmax: 0.32595129669813583
ymin: -1.0181944297015275
ymax: -0.6431944297015275

contrast: 0.93
brightness: -0.0
saturation: 0.36
gamma: 1.09
gamma_r: 0.91
gamma_g: 0.93
gamma_b: 1.08
vignette: 26
temp: 7340