tweet_id: 1687564531822903297
masto_id: 110833284913788823

n_iter: 312
ct: 255
hue_offset: 349
saturation: 0.98

num_attempts: 420
dur: 602
std: 52.9
size: 581999 (568.36 KiB)

xmin: -0.10241800755757713
xmax: -0.0959350253857781
ymin: -1.1242283380259737
ymax: -1.1205816605543366

contrast: 1.59
brightness: 0.17
saturation: 1.48
gamma: 0.93
gamma_r: 1.09
gamma_g: 0.91
gamma_b: 0.92
vignette: -20
temp: 5490