tweet_id: 1685290463345958912

n_iter: 419
ct: 1
hue_offset: 94
saturation: 0.12

num_attempts: 13
dur: 5
std: 25.0
size: 288903 (282.13 KiB)

xmin: 0.24096593973807945
xmax: 0.3309659397380794
ymin: -0.3996123438352892
ymax: -0.34898734383528923

contrast: 1.06
brightness: 0.16
saturation: 1.28
gamma: 1.03
gamma_r: 0.9
gamma_g: 0.9
gamma_b: 1.08
vignette: 4
temp: 2262