tweet_id: 1687656291768958976
masto_id: 110834718750511921

n_iter: 349
ct: 1
hue_offset: 258
saturation: 0.32

num_attempts: 371
dur: 600
std: 58.31
size: 1202064 (1.15 MiB)

xmin: 0.2234118322585954
xmax: 0.23790458588178381
ymin: -0.7329604758906696
ymax: -0.7248083019776261

contrast: 1.34
brightness: 0.17
saturation: 1.24
gamma: 1.08
gamma_r: 0.91
gamma_g: 0.97
gamma_b: 0.94
vignette: 11
temp: 2458