tweet_id: 1685562908279787521

n_iter: 183
ct: 131
hue_offset: 300
saturation: -0.43

num_attempts: 7
dur: 3
std: 30.02
size: 909403 (888.09 KiB)

xmin: 0.3959149072240873
xmax: 0.7420687533779334
ymin: -1.3216712894863916
ymax: -1.126959751024853

contrast: 1.8
brightness: -0.08
saturation: 0.37
gamma: 0.92
gamma_r: 0.99
gamma_g: 1.08
gamma_b: 1.01
vignette: 1
temp: 4635