tweet_id: 1688003054690263040
masto_id: 110840136854894260

n_iter: 366
ct: 1
hue_offset: 159
saturation: 0.22

num_attempts: 445
dur: 607
std: 61.91
size: 506103 (494.24 KiB)

xmin: 0.07209359263695214
xmax: 0.08336119827075496
ymin: 0.7627027166372469
ymax: 0.769040744806261

contrast: 1.53
brightness: 0.17
saturation: 1.23
gamma: 0.99
gamma_r: 0.97
gamma_g: 1.04
gamma_b: 1.02
vignette: 0
temp: 6629