tweet_id: 1690579739704971264
masto_id: 110880397622542779

n_iter: 482
ct: 109
hue_offset: 358
saturation: 0.64

num_attempts: 32
dur: 41
std: 32.04
size: 979330 (956.38 KiB)

xmin: -1.3962055010904089
xmax: -1.214387319272227
ymin: -0.1621231382720072
ymax: -0.059850410999279915

contrast: 0.93
brightness: -0.09
saturation: 0.96
gamma: 0.94
gamma_r: 1.07
gamma_g: 0.96
gamma_b: 0.96
vignette: -19
temp: 4892