tweet_id: 1688729405118451712
masto_id: 110851486121274735

n_iter: 459
ct: 1
hue_offset: 27
saturation: 0.47

num_attempts: 252
dur: 601
std: 54.81
size: 891349 (870.46 KiB)

xmin: -0.5518570972135304
xmax: -0.5410462864027196
ymin: 0.16955640921413195
ymax: 0.17563749029521303

contrast: 1.13
brightness: 0.06
saturation: 1.65
gamma: 0.94
gamma_r: 1.0
gamma_g: 1.02
gamma_b: 1.08
vignette: -2
temp: 7525