tweet_id: 1690437774833602560
masto_id: 110878179452464882

newton_power: 5
newton_const: 3

n_iter: 207
ct: 193
hue_offset: 91
saturation: -0.94

num_attempts: 99
dur: 605
std: 10.1
size: 786858 (768.42 KiB)

xmin: -1.1105014828377011
xmax: -1.1009927665144048
ymin: -0.9326572455190256
ymax: -0.9273085925871715

contrast: 1.55
brightness: 0.09
saturation: 0.94
gamma: 1.1
gamma_r: 0.9
gamma_g: 1.09
gamma_b: 1.09
vignette: 16
temp: 2621