tweet_id: 1684818304198668289

newton_power: 5
newton_const: -2

n_iter: 108
ct: 78
hue_offset: 282
saturation: -0.98

num_attempts: 5
dur: 30
std: 5.95
size: 382682 (373.71 KiB)

xmin: -2.5673696603893297
xmax: -2.5499783560415037
ymin: 0.11692699471774493
ymax: 0.1267096034133971

contrast: 1.41
brightness: 0.09
saturation: 0.4
gamma: 1.03
gamma_r: 1.03
gamma_g: 1.02
gamma_b: 1.01
vignette: 3
temp: 5491