tweet_id: 1690856164446162944
masto_id: 110884716673509010

n_iter: 296
ct: 1
hue_offset: 352
saturation: 0.65

num_attempts: 529
dur: 601
std: 51.09
size: 711746 (695.06 KiB)

xmin: -0.09627710022601499
xmax: -0.09127084240373715
ymin: 1.1250008766952062
ymax: 1.1278168967202375

contrast: 1.57
brightness: -0.1
saturation: 0.96
gamma: 1.04
gamma_r: 1.0
gamma_g: 0.94
gamma_b: 1.01
vignette: 11
temp: 4148