tweet_id: 1689588431704276992
masto_id: 110864908408486583

n_iter: 579
ct: 1
hue_offset: 38
saturation: 0.54

num_attempts: 317
dur: 606
std: 48.17
size: 1320096 (1.26 MiB)

xmin: -0.045619259835136594
xmax: -0.03640266997338544
ymin: 1.1338372136695538
ymax: 1.139021545466789

contrast: 0.9
brightness: 0.11
saturation: 1.13
gamma: 0.98
gamma_r: 0.98
gamma_g: 0.96
gamma_b: 0.95
vignette: -33
temp: 6804