tweet_id: 1689191906847186945
masto_id: 110858712732115631

n_iter: 735
ct: 64
hue_offset: 237
saturation: 0.66

num_attempts: 101
dur: 134
std: 67.67
size: 1106919 (1.06 MiB)

xmin: -0.7413504647107962
xmax: -0.6504413738017053
ymin: -0.31371775834405724
ymax: -0.2625813947076936

contrast: 0.92
brightness: 0.22
saturation: 0.63
gamma: 0.94
gamma_r: 1.04
gamma_g: 0.92
gamma_b: 0.99
vignette: 15
temp: 5495