tweet_id: 1688017793298636800
masto_id: 110840367137415143

n_iter: 547
ct: 255
hue_offset: 358
saturation: 0.49

num_attempts: 321
dur: 602
std: 44.19
size: 525320 (513.01 KiB)

xmin: 0.5241568850478084
xmax: 0.5761049369958604
ymin: 0.3159417839552181
ymax: 0.3451625631759973

contrast: 1.52
brightness: -0.01
saturation: 1.0
gamma: 0.98
gamma_r: 1.01
gamma_g: 0.9
gamma_b: 1.02
vignette: -27
temp: 4939