tweet_id: 1686386726787502080
masto_id: 110814881772013487

n_iter: 441
ct: 1
hue_offset: 219
saturation: -0.78

num_attempts: 333
dur: 601
std: 59.14
size: 781958 (763.63 KiB)

xmin: 0.49349496192958586
xmax: 0.4999258300967884
ymin: 0.6032036941884518
ymax: 0.6068210575325033

contrast: 1.13
brightness: 0.05
saturation: 0.8
gamma: 1.05
gamma_r: 0.96
gamma_g: 0.9
gamma_b: 1.1
vignette: 7
temp: 2310