tweet_id: 1685987458071347201
masto_id: 110808643658357833

n_iter: 408
ct: 141
hue_offset: 216
saturation: 0.52

num_attempts: 45
dur: 23
std: 36.5
size: 738059 (720.76 KiB)

xmin: -1.6793382930129654
xmax: -1.1168382930129654
ymin: -0.3218809248772141
ymax: -0.005474674877214092

contrast: 1.25
brightness: 0.15
saturation: 0.71
gamma: 1.07
gamma_r: 1.07
gamma_g: 0.99
gamma_b: 0.99
vignette: -16
temp: 7171