tweet_id: 1687740849915150336
masto_id: 110836039988289659

n_iter: 635
ct: 157
hue_offset: 59
saturation: -0.74

num_attempts: 16
dur: 13
std: 26.87
size: 292563 (285.71 KiB)

xmin: -0.03057828076598401
xmax: -0.02957552318262979
ymin: -0.7100288648777175
ymax: -0.7094648137370808

contrast: 1.03
brightness: 0.03
saturation: 0.75
gamma: 1.01
gamma_r: 0.93
gamma_g: 1.03
gamma_b: 0.97
vignette: 9
temp: 7239