tweet_id: 1689915440733020162
masto_id: 110870017943097466

n_iter: 490
ct: 174
hue_offset: 213
saturation: 0.32

num_attempts: 1
dur: 1
std: 35.91
size: 1274906 (1.22 MiB)

xmin: -0.014032688962557494
xmax: -0.013603274040388948
ymin: 0.7970364950222495
ymax: 0.7972780409159693

contrast: 1.79
brightness: 0.11
saturation: 1.73
gamma: 0.96
gamma_r: 1.02
gamma_g: 0.92
gamma_b: 1.08
vignette: -26
temp: 5637