tweet_id: 1687508416594620416
masto_id: 110832408200462271

newton_power: 7
newton_const: -8

n_iter: 140
ct: 58
hue_offset: 76
saturation: 0.75

num_attempts: 72
dur: 600
std: 23.88
size: 1368859 (1.31 MiB)

xmin: 0.4646661024616505
xmax: 0.5202216580172061
ymin: 1.5775774691715974
ymax: 1.6088274691715974

contrast: 0.89
brightness: 0.08
saturation: 0.97
gamma: 1.05
gamma_r: 1.01
gamma_g: 0.96
gamma_b: 1.08
vignette: 15
temp: 4997