tweet_id: 1685480236727595008

n_iter: 198
ct: 92
hue_offset: 151
saturation: 0.94

num_attempts: 77
dur: 60
std: 34.48
size: 935526 (913.6 KiB)

xmin: 0.1301592542964607
xmax: 0.13588171495454365
ymin: 0.8106516423108374
ymax: 0.8138705264310091

contrast: 1.31
brightness: 0.04
saturation: 1.43
gamma: 0.91
gamma_r: 0.95
gamma_g: 1.03
gamma_b: 0.91
vignette: 16
temp: 3171