tweet_id: 1686861010605346816
masto_id: 110822292413653852

n_iter: 490
ct: 162
hue_offset: 22
saturation: 0.54

num_attempts: 2
dur: 2
std: 74.19
size: 2489745 (2.37 MiB)

xmin: -0.7858790344142492
xmax: -0.7369659909359884
ymin: -0.714615904108727
ymax: -0.6871023171522053

contrast: 1.63
brightness: 0.21
saturation: 1.72
gamma: 1.02
gamma_r: 1.06
gamma_g: 1.0
gamma_b: 0.99
vignette: -30
temp: 6191