tweet_id: 1685664042227044352

newton_power: 3
newton_const: 1

n_iter: 182
ct: 76
hue_offset: 98
saturation: -0.76

num_attempts: 28
dur: 64
std: 3.41
size: 763801 (745.9 KiB)

xmin: -0.13684467215032958
xmax: -0.12587575076093288
ymin: -0.0897204710632371
ymax: -0.08355045278170145

contrast: 0.78
brightness: 0.14
saturation: 1.14
gamma: 0.97
gamma_r: 0.94
gamma_g: 1.05
gamma_b: 0.97
vignette: 14
temp: 6886