tweet_id: 1691264441143230464
masto_id: 110891096037283200

newton_power: 7
newton_const: 7

n_iter: 228
ct: 145
hue_offset: 237
saturation: -0.16

num_attempts: 65
dur: 601
std: 19.28
size: 710500 (693.85 KiB)

xmin: -1.9735274245680152
xmax: -1.966646690623061
ymin: 1.0827198444109483
ymax: 1.086590257254985

contrast: 1.44
brightness: -0.07
saturation: 0.29
gamma: 1.0
gamma_r: 0.96
gamma_g: 1.01
gamma_b: 1.1
vignette: 3
temp: 4908