tweet_id: 1689088636006891520
masto_id: 110857099143656720

n_iter: 479
ct: 178
hue_offset: 15
saturation: -0.82

num_attempts: 27
dur: 35
std: 28.78
size: 1172436 (1.12 MiB)

xmin: -0.7274702515500926
xmax: -0.7262198608029842
ymin: 0.2906001701622678
ymax: 0.29130351495751633

contrast: 0.86
brightness: 0.15
saturation: 1.56
gamma: 1.04
gamma_r: 0.99
gamma_g: 1.03
gamma_b: 0.93
vignette: -44
temp: 2682