tweet_id: 1686869961975922693
masto_id: 110822432256535945

n_iter: 495
ct: 255
hue_offset: 222
saturation: 0.4

num_attempts: 276
dur: 608
std: 68.88
size: 551982 (539.04 KiB)

xmin: 0.31183057622002197
xmax: 0.31725063042056395
ymin: 0.674284906820457
ymax: 0.6773336873082619

contrast: 1.24
brightness: -0.05
saturation: 0.91
gamma: 1.0
gamma_r: 0.99
gamma_g: 0.99
gamma_b: 1.01
vignette: 13
temp: 4818