tweet_id: 1691209713067724800
masto_id: 110890241044185867

n_iter: 251
ct: 45
hue_offset: 174
saturation: -0.78

num_attempts: 6
dur: 1
std: 33.13
size: 1214690 (1.16 MiB)

xmin: 0.3039701600808504
xmax: 0.3843273029379933
ymin: -1.1796605676821088
ymax: -1.134459674824966

contrast: 1.17
brightness: 0.21
saturation: 0.86
gamma: 0.95
gamma_r: 0.98
gamma_g: 1.0
gamma_b: 0.94
vignette: -33
temp: 2880