tweet_id: 1687227539490480129
masto_id: 110828019514910651

n_iter: 311
ct: 103
hue_offset: 221
saturation: 0.11

num_attempts: 5
dur: 7
std: 50.27
size: 1147136 (1.09 MiB)

xmin: 0.03216267592901145
xmax: 0.03269793619931789
ymin: 0.6367465890687101
ymax: 0.6370476729707575

contrast: 1.73
brightness: -0.0
saturation: 0.77
gamma: 1.1
gamma_r: 1.07
gamma_g: 0.97
gamma_b: 1.01
vignette: -33
temp: 2217