tweet_id: 1688462560033427456
masto_id: 110847316708049325

n_iter: 353
ct: 70
hue_offset: 272
saturation: -0.13

num_attempts: 8
dur: 10
std: 55.16
size: 1783704 (1.7 MiB)

xmin: 0.36843426407769897
xmax: 0.4336516553820468
ymin: -1.1461252958608754
ymax: -1.1094405132521798

contrast: 0.95
brightness: -0.02
saturation: 1.03
gamma: 1.02
gamma_r: 0.99
gamma_g: 0.91
gamma_b: 1.09
vignette: 10
temp: 3101