tweet_id: 1687232391885049858
masto_id: 110828095276903304

n_iter: 489
ct: 1
hue_offset: 354
saturation: -0.5

num_attempts: 290
dur: 612
std: 61.98
size: 1669520 (1.59 MiB)

xmin: -0.44155178749987134
xmax: -0.4365266618717306
ymin: -0.5855594200863061
ymax: -0.582732786920477

contrast: 1.78
brightness: 0.01
saturation: 1.09
gamma: 1.06
gamma_r: 0.99
gamma_g: 1.0
gamma_b: 0.99
vignette: -47
temp: 5518