tweet_id: 1684808279942107137

n_iter: 148
ct: 68
hue_offset: 152
saturation: 0.43

num_attempts: 37
dur: 15
std: 25.39
size: 1723589 (1.64 MiB)

xmin: -0.9361063932758726
xmax: -0.8461063932758727
ymin: -0.7049414432166508
ymax: -0.6543164432166507

contrast: 0.82
brightness: -0.05
saturation: 0.6
gamma: 1.05
gamma_r: 0.95
gamma_g: 0.9
gamma_b: 0.91
vignette: 16
temp: 7462