tweet_id: 1685592811046141953

n_iter: 314
ct: 186
hue_offset: 120
saturation: 0.2

num_attempts: 30
dur: 16
std: 22.56
size: 488340 (476.89 KiB)

xmin: -1.0295022755446541
xmax: 0.4704977244553459
ymin: -0.8389276643677319
ymax: 0.004822335632268082

contrast: 0.97
brightness: 0.01
saturation: 1.14
gamma: 0.93
gamma_r: 1.07
gamma_g: 0.99
gamma_b: 0.93
vignette: -10
temp: 6551