tweet_id: 1684842278890725376

n_iter: 875
ct: 147
hue_offset: 169
saturation: -0.91

num_attempts: 40
dur: 18
std: 20.77
size: 775461 (757.29 KiB)

xmin: -1.1886643336707314
xmax: -1.1880367842512147
ymin: -0.1765777162963853
ymax: -0.1762247197479071

contrast: 0.76
brightness: -0.09
saturation: 0.49
gamma: 1.09
gamma_r: 1.03
gamma_g: 0.93
gamma_b: 1.05
vignette: 29
temp: 3080