tweet_id: 1691542172753936384
masto_id: 110895435637625837

n_iter: 273
ct: 16
hue_offset: 345
saturation: -0.86

num_attempts: 5
dur: 3
std: 42.72
size: 1511505 (1.44 MiB)

xmin: -1.3598124352836531
xmax: -1.2146511449610724
ymin: -0.32878870455154474
ymax: -0.24713547874509312

contrast: 0.86
brightness: 0.2
saturation: 0.64
gamma: 1.06
gamma_r: 0.93
gamma_g: 1.01
gamma_b: 1.08
vignette: -17
temp: 2470