tweet_id: 1686813927869399050
masto_id: 110821556732170793

newton_power: 5
newton_const: -6

n_iter: 191
ct: 103
hue_offset: 268
saturation: -0.4

num_attempts: 113
dur: 615
std: 11.02
size: 397373 (388.06 KiB)

xmin: 2.817695591301355
xmax: 2.840509279514283
ymin: 1.511619171808404
ymax: 1.5244518714281758

contrast: 1.0
brightness: -0.02
saturation: 1.71
gamma: 1.07
gamma_r: 0.95
gamma_g: 0.91
gamma_b: 1.06
vignette: 2
temp: 3209