tweet_id: 1687737251772702720
masto_id: 110835983946233123

n_iter: 219
ct: 211
hue_offset: 317
saturation: -0.83

num_attempts: 8
dur: 7
std: 26.39
size: 1244962 (1.19 MiB)

xmin: -1.4542486644195187
xmax: -0.7042486644195187
ymin: -1.0040040205273582
ymax: -0.5821290205273582

contrast: 1.39
brightness: 0.03
saturation: 1.23
gamma: 1.01
gamma_r: 0.99
gamma_g: 0.94
gamma_b: 1.06
vignette: 30
temp: 2852