tweet_id: 1690697542227353601
masto_id: 110882238331521731

n_iter: 512
ct: 147
hue_offset: 194
saturation: -0.67

num_attempts: 14
dur: 4
std: 47.33
size: 1105712 (1.05 MiB)

xmin: -1.5063980356923419
xmax: -1.056398035692342
ymin: -0.5936238745302009
ymax: -0.34049887453020095

contrast: 1.34
brightness: -0.04
saturation: 0.59
gamma: 0.92
gamma_r: 0.91
gamma_g: 1.04
gamma_b: 0.95
vignette: 32
temp: 7911