tweet_id: 1684656764325638144

n_iter: 229
ct: 33
hue_offset: 77
saturation: -0.51

num_attempts: 1
dur: 0
std: 30.0
size: 1220969 (1.16 MiB)

xmin: -1.6487232008615886
xmax: -1.2737232008615886
ymin: -0.4379388216024471
ymax: -0.22700132160244713

contrast: 1.3
brightness: 0.12
saturation: 0.4
gamma: 0.91
gamma_r: 0.94
gamma_g: 1.06
gamma_b: 0.94
vignette: -42
temp: 2371