tweet_id: 1686688877178658817
masto_id: 110819602811212664

n_iter: 628
ct: 255
hue_offset: 345
saturation: -0.42

num_attempts: 310
dur: 602
std: 63.63
size: 660985 (645.49 KiB)

xmin: -0.23229733836703814
xmax: -0.1997770131637861
ymin: -0.7506730387283321
ymax: -0.7323803558015028

contrast: 1.38
brightness: 0.13
saturation: 1.43
gamma: 0.95
gamma_r: 0.97
gamma_g: 1.02
gamma_b: 0.92
vignette: -4
temp: 4133