tweet_id: 1686654634666942464
masto_id: 110819067991122639

n_iter: 365
ct: 213
hue_offset: 268
saturation: -0.03

num_attempts: 144
dur: 109
std: 25.58
size: 564016 (550.8 KiB)

xmin: -1.2275330670914306
xmax: -1.2264371766804718
ymin: 0.1415260265738303
ymax: 0.14214246492999466

contrast: 0.82
brightness: 0.02
saturation: 0.5
gamma: 0.93
gamma_r: 0.99
gamma_g: 1.01
gamma_b: 0.96
vignette: 11
temp: 4478