tweet_id: 1691520630586503170
masto_id: 110895099025629608

n_iter: 363
ct: 255
hue_offset: 195
saturation: -0.64

num_attempts: 381
dur: 607
std: 51.73
size: 277943 (271.43 KiB)

xmin: 0.5426753561652662
xmax: 0.5476504805433756
ymin: 0.2820969270487679
ymax: 0.28489543451145444

contrast: 1.67
brightness: -0.07
saturation: 1.5
gamma: 0.99
gamma_r: 0.95
gamma_g: 0.94
gamma_b: 1.06
vignette: 0
temp: 5233