tweet_id: 1684335050727325696

newton_power: 6
newton_const: 3

n_iter: 254
ct: 36
hue_offset: 127
saturation: 0.79

num_attempts: 1
dur: 8
std: 8.62
size: 731910 (714.76 KiB)

xmin: -1.0400191138095245
xmax: -1.0291298216135172
ymin: 0.20221278109117602
ymax: 0.2083380079514301

contrast: 1.45
brightness: -0.09
saturation: 1.25
gamma: 1.0
gamma_r: 1.05
gamma_g: 1.0
gamma_b: 1.09
vignette: -18
temp: 2087