tweet_id: 1688492120355549184
masto_id: 110847778523418741

n_iter: 246
ct: 102
hue_offset: 187
saturation: -0.57

num_attempts: 2
dur: 1
std: 35.57
size: 1827568 (1.74 MiB)

xmin: -0.39160343036876233
xmax: -0.29160343036876235
ymin: -1.0453419931648702
ymax: -0.9890919931648702

contrast: 1.75
brightness: -0.09
saturation: 0.99
gamma: 1.06
gamma_r: 0.98
gamma_g: 1.06
gamma_b: 0.95
vignette: 6
temp: 7659