tweet_id: 1687707133222285312
masto_id: 110835513098238299

n_iter: 206
ct: 57
hue_offset: 161
saturation: 0.49

num_attempts: 6
dur: 3
std: 35.14
size: 1609376 (1.53 MiB)

xmin: 0.13883647899573015
xmax: 0.219193621852873
ymin: -1.1637763853545948
ymax: -1.118575492497452

contrast: 1.57
brightness: -0.06
saturation: 1.5
gamma: 1.07
gamma_r: 1.05
gamma_g: 0.92
gamma_b: 1.02
vignette: 8
temp: 7029