tweet_id: 1689821775516082176
masto_id: 110868554272136185

n_iter: 296
ct: 149
hue_offset: 42
saturation: 0.32

num_attempts: 5
dur: 3
std: 36.83
size: 556962 (543.91 KiB)

xmin: -0.4835303932876487
xmax: -0.07443948419673957
ymin: -0.9475651733840156
ymax: -0.7174515370203792

contrast: 1.43
brightness: -0.09
saturation: 0.78
gamma: 0.94
gamma_r: 0.98
gamma_g: 0.94
gamma_b: 1.04
vignette: -39
temp: 7670