tweet_id: 1684761376697249793

newton_power: 6
newton_const: 0

n_iter: 180
ct: 178
hue_offset: 156
saturation: 0.39

num_attempts: 88
dur: 855
std: 0.0
size: 492949 (481.4 KiB)

xmin: -1.3110094012634266
xmax: -1.298764503304243
ymin: -1.002898125110895
ymax: -0.9960103700088543

contrast: 1.63
brightness: 0.07
saturation: 1.57
gamma: 1.07
gamma_r: 1.04
gamma_g: 1.09
gamma_b: 1.04
vignette: 11
temp: 4018