tweet_id: 1685964208515493888
masto_id: 110808279915707453

n_iter: 187
ct: 223
hue_offset: 169
saturation: -0.05

num_attempts: 633
dur: 600
std: 37.79
size: 888045 (867.23 KiB)

xmin: 0.3165533040733539
xmax: 0.3226882733985073
ymin: 0.7015545029198469
ymax: 0.7050054231652456

contrast: 1.34
brightness: -0.1
saturation: 0.33
gamma: 1.09
gamma_r: 0.94
gamma_g: 1.05
gamma_b: 0.91
vignette: -17
temp: 7605