tweet_id: 1686964816827580417
masto_id: 110823914479884282

newton_power: 4
newton_const: 4

n_iter: 173
ct: 71
hue_offset: 170
saturation: -0.46

num_attempts: 119
dur: 602
std: 6.8
size: 1143911 (1.09 MiB)

xmin: -0.8905735078169341
xmax: -0.8654689053064739
ymin: -0.011078209116046622
ymax: 0.0030431297960872693

contrast: 1.06
brightness: -0.05
saturation: 1.1
gamma: 0.99
gamma_r: 1.01
gamma_g: 0.95
gamma_b: 0.93
vignette: -22
temp: 5686