tweet_id: 1691365254758793216
masto_id: 110892671248946536

n_iter: 334
ct: 25
hue_offset: 345
saturation: -0.98

num_attempts: 51
dur: 38
std: 57.55
size: 1184860 (1.13 MiB)

xmin: -0.5344959871699819
xmax: -0.5273017425656654
ymin: 0.5250862917631922
ymax: 0.5291330543531203

contrast: 0.7
brightness: -0.01
saturation: 1.69
gamma: 1.02
gamma_r: 0.93
gamma_g: 1.01
gamma_b: 1.01
vignette: 2
temp: 2607