tweet_id: 1685102212932878336

n_iter: 283
ct: 2
hue_offset: 158
saturation: -0.87

num_attempts: 211
dur: 139
std: 19.52
size: 911119 (889.76 KiB)

xmin: -0.8363100058255566
xmax: -0.8349099358220564
ymin: -0.22292225879049066
ymax: -0.2221347194135218

contrast: 1.38
brightness: 0.17
saturation: 1.51
gamma: 0.92
gamma_r: 0.97
gamma_g: 0.94
gamma_b: 1.0
vignette: 10
temp: 2131