tweet_id: 1691675928693252131
masto_id: 110897525564675103

newton_power: 7
newton_const: 6

n_iter: 99
ct: 231
hue_offset: 261
saturation: -0.71

num_attempts: 79
dur: 601
std: 17.32
size: 1142696 (1.09 MiB)

xmin: 1.0067521019806973
xmax: 1.088943882802615
ymin: 0.00041319006385176493
ymax: 0.04664606677618053

contrast: 1.07
brightness: 0.03
saturation: 0.9
gamma: 1.02
gamma_r: 1.02
gamma_g: 1.06
gamma_b: 0.99
vignette: -22
temp: 7510