tweet_id: 1690498099695800320
masto_id: 110879121959672543

newton_power: 4
newton_const: -7

n_iter: 128
ct: 82
hue_offset: 69
saturation: -0.46

num_attempts: 124
dur: 601
std: 6.99
size: 671402 (655.67 KiB)

xmin: -1.5661314740085661
xmax: -1.554526058147831
ymin: 1.5492179606263856
ymax: 1.555746007048049

contrast: 1.34
brightness: 0.14
saturation: 1.58
gamma: 1.02
gamma_r: 1.1
gamma_g: 1.06
gamma_b: 0.91
vignette: 27
temp: 2471