tweet_id: 1687262377803223040
masto_id: 110828563754435263

n_iter: 267
ct: 97
hue_offset: 266
saturation: -0.41

num_attempts: 16
dur: 6
std: 35.68
size: 1449796 (1.38 MiB)

xmin: -1.1131537094100634
xmax: -1.051509873793625
ymin: -0.5459844674955237
ymax: -0.5113098099612771

contrast: 1.07
brightness: 0.22
saturation: 0.35
gamma: 1.01
gamma_r: 0.93
gamma_g: 0.91
gamma_b: 1.07
vignette: 24
temp: 2131