tweet_id: 1691309163907862528
masto_id: 110891794866995318

n_iter: 335
ct: 1
hue_offset: 85
saturation: -0.99

num_attempts: 513
dur: 600
std: 49.19
size: 1254865 (1.2 MiB)

xmin: 0.17098573804126138
xmax: 0.17562610927095976
ymin: -0.8371882551855282
ymax: -0.8345780463688228

contrast: 0.94
brightness: 0.06
saturation: 1.43
gamma: 0.95
gamma_r: 1.01
gamma_g: 0.93
gamma_b: 1.09
vignette: -6
temp: 4849