tweet_id: 1687016730323795968
masto_id: 110824725686713322

n_iter: 361
ct: 10
hue_offset: 155
saturation: 0.35

num_attempts: 49
dur: 35
std: 23.19
size: 999449 (976.02 KiB)

xmin: 0.09427411643701511
xmax: 0.10614355263879552
ymin: -0.6446668841181338
ymax: -0.6379903262546323

contrast: 1.41
brightness: -0.1
saturation: 0.31
gamma: 0.96
gamma_r: 0.99
gamma_g: 1.04
gamma_b: 0.99
vignette: -31
temp: 4366