tweet_id: 1686209125657591808
masto_id: 110812106885613261

n_iter: 384
ct: 141
hue_offset: 118
saturation: 0.29

num_attempts: 323
dur: 600
std: 59.17
size: 1543822 (1.47 MiB)

xmin: 0.5125902903285762
xmax: 0.5257481850654183
ymin: -0.44224567456736597
ymax: -0.4348443587778923

contrast: 1.4
brightness: 0.08
saturation: 0.64
gamma: 0.94
gamma_r: 1.08
gamma_g: 1.04
gamma_b: 1.09
vignette: -46
temp: 2949