tweet_id: 1687442871979290624
masto_id: 110831384107691584

n_iter: 285
ct: 122
hue_offset: 249
saturation: -0.55

num_attempts: 35
dur: 36
std: 16.56
size: 807369 (788.45 KiB)

xmin: 0.3482711667657328
xmax: 0.37927891870371727
ymin: -0.6561246393284912
ymax: -0.6386827788633749

contrast: 1.09
brightness: -0.02
saturation: 0.46
gamma: 0.99
gamma_r: 1.04
gamma_g: 0.97
gamma_b: 0.93
vignette: -16
temp: 2793