tweet_id: 1688523832775110657
masto_id: 110848274002329257

n_iter: 174
ct: 32
hue_offset: 266
saturation: -0.01

num_attempts: 14
dur: 5
std: 24.28
size: 1987831 (1.9 MiB)

xmin: -0.9104997971547377
xmax: -0.8556217483742499
ymin: -0.7803424664334118
ymax: -0.7494735639943874

contrast: 0.87
brightness: 0.21
saturation: 0.54
gamma: 0.94
gamma_r: 1.01
gamma_g: 1.02
gamma_b: 0.95
vignette: -29
temp: 5502