tweet_id: 1686292074172125184
masto_id: 110813402834048752

n_iter: 452
ct: 29
hue_offset: 298
saturation: 0.93

num_attempts: 35
dur: 42
std: 66.64
size: 1382061 (1.32 MiB)

xmin: 0.08513010739830928
xmax: 0.0858521290589591
ymin: -0.6210975216919761
ymax: -0.6206913845078605

contrast: 1.14
brightness: 0.21
saturation: 0.54
gamma: 0.95
gamma_r: 0.97
gamma_g: 1.07
gamma_b: 1.01
vignette: 18
temp: 5534