tweet_id: 1690791146031874048
masto_id: 110883700821933095

n_iter: 708
ct: 56
hue_offset: 145
saturation: -0.93

num_attempts: 35
dur: 43
std: 23.63
size: 711408 (694.73 KiB)

xmin: 0.41357957273511214
xmax: 0.41407919801615134
ymin: 0.21838434446745603
ymax: 0.2186653836880406

contrast: 1.39
brightness: 0.04
saturation: 1.53
gamma: 0.99
gamma_r: 1.01
gamma_g: 1.08
gamma_b: 0.96
vignette: 5
temp: 3150