tweet_id: 1688747163784765440
masto_id: 110851763728719771

newton_power: 3
newton_const: 2

n_iter: 90
ct: 38
hue_offset: 78
saturation: -0.21

num_attempts: 235
dur: 602
std: 3.98
size: 562664 (549.48 KiB)

xmin: -1.5006480740727222
xmax: -1.4931667773146173
ymin: -1.9726864045179278
ymax: -1.968478175091494

contrast: 0.87
brightness: 0.04
saturation: 1.29
gamma: 0.95
gamma_r: 1.03
gamma_g: 1.08
gamma_b: 0.92
vignette: 10
temp: 2159