tweet_id: 1686776511955714054
masto_id: 110820972294867706

n_iter: 563
ct: 132
hue_offset: 282
saturation: 0.5

num_attempts: 127
dur: 182
std: 18.34
size: 1000941 (977.48 KiB)

xmin: -0.7135562567475531
xmax: -0.7119216020683541
ymin: 0.36321182523667006
ymax: 0.3641313184937195

contrast: 1.41
brightness: 0.13
saturation: 0.35
gamma: 0.98
gamma_r: 1.01
gamma_g: 0.97
gamma_b: 0.94
vignette: -17
temp: 2370