tweet_id: 1691283328916459520
masto_id: 110891391216369933

newton_power: 4
newton_const: -5

n_iter: 203
ct: 48
hue_offset: 171
saturation: -0.17

num_attempts: 123
dur: 603
std: 8.26
size: 950942 (928.65 KiB)

xmin: -0.68326037912678
xmax: -0.6764960048314023
ymin: -0.8218707358533921
ymax: -0.8180657753122421

contrast: 1.54
brightness: 0.04
saturation: 1.25
gamma: 1.06
gamma_r: 0.97
gamma_g: 0.99
gamma_b: 1.05
vignette: -12
temp: 5458