tweet_id: 1686498666796691457
masto_id: 110816630753780720

n_iter: 349
ct: 20
hue_offset: 241
saturation: -0.39

num_attempts: 1
dur: 3
std: 21.67
size: 282365 (275.75 KiB)

xmin: 0.16434743675976593
xmax: 0.35184743675976593
ymin: -1.134569741869623
ymax: -1.029100991869623

contrast: 1.12
brightness: 0.02
saturation: 0.75
gamma: 0.99
gamma_r: 0.94
gamma_g: 0.98
gamma_b: 1.0
vignette: 25
temp: 6601