tweet_id: 1686550807095767040
masto_id: 110817445441015053

n_iter: 248
ct: 229
hue_offset: 242
saturation: -0.01

num_attempts: 14
dur: 6
std: 67.47
size: 338523 (330.59 KiB)

xmin: 0.20893011414693374
xmax: 0.20943702074939224
ymin: 0.5370722214189643
ymax: 0.5373573563828472

contrast: 1.43
brightness: -0.09
saturation: 1.51
gamma: 0.94
gamma_r: 0.93
gamma_g: 0.96
gamma_b: 1.08
vignette: -21
temp: 6134