tweet_id: 1690575994728452096
masto_id: 110880339009812887

n_iter: 357
ct: 209
hue_offset: 258
saturation: 0.82

num_attempts: 22
dur: 28
std: 28.18
size: 539051 (526.42 KiB)

xmin: -1.2201702021707574
xmax: 1.0298297978292426
ymin: -1.2422518591234717
ymax: 0.02337314087652831

contrast: 1.5
brightness: 0.08
saturation: 1.37
gamma: 1.04
gamma_r: 0.98
gamma_g: 1.01
gamma_b: 1.02
vignette: -17
temp: 7789