tweet_id: 1686771160166674433
masto_id: 110820888541983855

n_iter: 323
ct: 158
hue_offset: 148
saturation: -0.88

num_attempts: 6
dur: 7
std: 41.09
size: 852191 (832.22 KiB)

xmin: -0.014066325748210762
xmax: 0.1411060880448927
ymin: -1.099020085620746
ymax: -1.0117356028621252

contrast: 0.7
brightness: 0.23
saturation: 0.72
gamma: 0.93
gamma_r: 0.93
gamma_g: 1.01
gamma_b: 1.01
vignette: 5
temp: 2201