tweet_id: 1689342523515285505
masto_id: 110861066014705063

n_iter: 498
ct: 134
hue_offset: 163
saturation: 0.22

num_attempts: 7
dur: 6
std: 46.7
size: 991078 (967.85 KiB)

xmin: -0.05913215274616679
xmax: -0.05675120036521441
ymin: 0.8269211502447198
ymax: 0.8282604359590056

contrast: 1.39
brightness: 0.17
saturation: 1.3
gamma: 1.09
gamma_r: 1.0
gamma_g: 1.03
gamma_b: 1.01
vignette: 30
temp: 7496