tweet_id: 1685502564652220422

n_iter: 179
ct: 220
hue_offset: 7
saturation: -0.32

num_attempts: 42
dur: 15
std: 24.18
size: 1432940 (1.37 MiB)

xmin: -0.24177643738102628
xmax: -0.1568707770036678
ymin: -1.122473863031364
ymax: -1.0747144290690998

contrast: 1.57
brightness: 0.08
saturation: 1.34
gamma: 0.98
gamma_r: 1.01
gamma_g: 1.0
gamma_b: 1.06
vignette: -7
temp: 4643