tweet_id: 1688082294043742213
masto_id: 110841375094565414

newton_power: 5
newton_const: -9

n_iter: 114
ct: 59
hue_offset: 354
saturation: -0.62

num_attempts: 93
dur: 612
std: 10.2
size: 1227926 (1.17 MiB)

xmin: 2.072596060919408
xmax: 2.095496824278187
ymin: -1.8142039777566263
ymax: -1.8013222983673134

contrast: 1.03
brightness: -0.09
saturation: 1.5
gamma: 0.97
gamma_r: 0.93
gamma_g: 1.1
gamma_b: 0.98
vignette: -37
temp: 6059