tweet_id: 1688565448218910720
masto_id: 110848924221489152

newton_power: 3
newton_const: -6

n_iter: 238
ct: 191
hue_offset: 121
saturation: 0.9

num_attempts: 233
dur: 602
std: 3.88
size: 292038 (285.19 KiB)

xmin: -1.3399764633316342
xmax: -1.3295052591431527
ymin: 0.05478552331339026
ymax: 0.0606755756694112

contrast: 1.36
brightness: -0.04
saturation: 1.19
gamma: 1.04
gamma_r: 1.0
gamma_g: 0.94
gamma_b: 0.91
vignette: -5
temp: 3033