tweet_id: 1690316989745844225
masto_id: 110876292154565831

newton_power: 7
newton_const: -8

n_iter: 102
ct: 82
hue_offset: 313
saturation: -0.15

num_attempts: 65
dur: 613
std: 18.27
size: 1166629 (1.11 MiB)

xmin: 1.18699650977499
xmax: 1.1948808724556732
ymin: 0.5492954308891007
ymax: 0.5537303848969851

contrast: 1.07
brightness: 0.11
saturation: 1.55
gamma: 0.95
gamma_r: 0.99
gamma_g: 1.07
gamma_b: 0.91
vignette: 15
temp: 3428