tweet_id: 1690071090628902912
masto_id: 110872449941001895

n_iter: 386
ct: 1
hue_offset: 256
saturation: 0.18

num_attempts: 427
dur: 601
std: 50.4
size: 857949 (837.84 KiB)

xmin: 0.5664266612119064
xmax: 0.5710509386685538
ymin: -0.2350633986403352
ymax: -0.23246224257097103

contrast: 1.25
brightness: -0.07
saturation: 0.33
gamma: 0.91
gamma_r: 1.08
gamma_g: 1.1
gamma_b: 0.9
vignette: -20
temp: 4316