tweet_id: 1688776786102902785
masto_id: 110852226484128345

newton_power: 7
newton_const: 3

n_iter: 167
ct: 188
hue_offset: 320
saturation: 0.07

num_attempts: 94
dur: 604
std: 22.86
size: 1200489 (1.14 MiB)

xmin: -0.6018293647599839
xmax: -0.5944036221857265
ymin: -1.8288264733957784
ymax: -1.8246494931977586

contrast: 0.74
brightness: 0.21
saturation: 1.64
gamma: 0.93
gamma_r: 1.03
gamma_g: 1.03
gamma_b: 0.94
vignette: -23
temp: 7091