tweet_id: 1690554220758388736
masto_id: 110879998876725474

n_iter: 420
ct: 255
hue_offset: 4
saturation: 0.62

num_attempts: 297
dur: 604
std: 57.4
size: 1118654 (1.07 MiB)

xmin: -0.11621023766316219
xmax: -0.10931368593902425
ymin: -0.7683362879494846
ymax: -0.764456977604657

contrast: 1.65
brightness: 0.0
saturation: 0.29
gamma: 1.0
gamma_r: 0.98
gamma_g: 0.96
gamma_b: 1.0
vignette: -21
temp: 3104