tweet_id: 1685170413892976640

n_iter: 349
ct: 28
hue_offset: 32
saturation: -0.81

num_attempts: 17
dur: 17
std: 20.24
size: 738429 (721.12 KiB)

xmin: -2.231086650084931
xmax: -0.7310866500849311
ymin: -1.370196249619915
ymax: -0.5264462496199149

contrast: 1.12
brightness: 0.2
saturation: 1.5
gamma: 0.98
gamma_r: 1.0
gamma_g: 0.98
gamma_b: 0.92
vignette: 22
temp: 4410