tweet_id: 1687198182764167169
masto_id: 110827560961837954

n_iter: 796
ct: 188
hue_offset: 218
saturation: -0.09

num_attempts: 321
dur: 336
std: 27.16
size: 288365 (281.61 KiB)

xmin: 0.40632647984099535
xmax: 0.4084552717515861
ymin: 0.23412882639762223
ymax: 0.23532627184732952

contrast: 1.52
brightness: 0.17
saturation: 1.4
gamma: 0.92
gamma_r: 1.01
gamma_g: 0.91
gamma_b: 0.92
vignette: 29
temp: 6152