tweet_id: 1685774057415774208
masto_id: 110805308661689973

n_iter: 358
ct: 1
hue_offset: 246
saturation: 0.37

num_attempts: 37
dur: 29
std: 24.69
size: 180592 (176.36 KiB)

xmin: -1.3525302168182727
xmax: -0.45253021681827266
ymin: -0.5288689223511653
ymax: -0.02261892235116536

contrast: 1.58
brightness: -0.0
saturation: 1.7
gamma: 1.04
gamma_r: 0.91
gamma_g: 1.07
gamma_b: 0.93
vignette: 31
temp: 2757