tweet_id: 1700791647234064813
masto_id: 111039958605379291

n_iter: 407
ct: 1
hue_offset: 98
saturation: 0.67

num_attempts: 411
dur: 603
std: 57.32
size: 1403847 (1.34 MiB)

xmin: -0.39087140082608784
xmax: -0.3841032113167816
ymin: 0.6759455213202576
ymax: 0.6797526279192424

contrast: 1.28
brightness: 0.06
saturation: 1.38
gamma: 0.94
gamma_r: 0.96
gamma_g: 0.97
gamma_b: 1.08
vignette: -38
temp: 2838