tweet_id: 1703206203587965086
masto_id: 111077686158229536

n_iter: 190
ct: 68
hue_offset: 285
saturation: -0.24

num_attempts: 4
dur: 6
std: 27.12
size: 742985 (725.57 KiB)

xmin: 0.2587138092292536
xmax: 0.31426936478480916
ymin: -0.43540934797403796
ymax: -0.40415934797403796

contrast: 1.06
brightness: 0.08
saturation: 1.04
gamma: 0.91
gamma_r: 0.95
gamma_g: 0.93
gamma_b: 1.0
vignette: 24
temp: 7211