tweet_id: 1700433618709979144
masto_id: 111034364532898541

newton_power: 3
newton_const: 9

n_iter: 83
ct: 232
hue_offset: 14
saturation: 0.33

num_attempts: 269
dur: 600
std: 4.11
size: 801197 (782.42 KiB)

xmin: -1.0737656087254048
xmax: -0.8237656087254048
ymin: 1.3141793242542525
ymax: 1.4548043242542525

contrast: 0.72
brightness: 0.22
saturation: 1.57
gamma: 1.02
gamma_r: 1.03
gamma_g: 1.0
gamma_b: 0.97
vignette: 26
temp: 4740