tweet_id: 1705054066546463013
masto_id: 111106558934392887

newton_power: 5
newton_const: -6

n_iter: 212
ct: 85
hue_offset: 179
saturation: -0.22

num_attempts: 104
dur: 600
std: 9.8
size: 1202598 (1.15 MiB)

xmin: 1.5604900941824527
xmax: 1.599963778392979
ymin: 1.0612399484217239
ymax: 1.0834438957901449

contrast: 1.08
brightness: 0.07
saturation: 1.56
gamma: 0.97
gamma_r: 1.06
gamma_g: 1.08
gamma_b: 1.03
vignette: -22
temp: 7343