tweet_id: FAIL
masto_id: 111089449409473821

n_iter: 372
ct: 63
hue_offset: 179
saturation: 0.46

num_attempts: 44
dur: 25
std: 60.06
size: 1916816 (1.83 MiB)

xmin: -0.7054286207038052
xmax: -0.704635127349312
ymin: -0.2869064506810539
ymax: -0.2864601106691515

contrast: 1.36
brightness: 0.18
saturation: 1.45
gamma: 1.09
gamma_r: 1.05
gamma_g: 0.96
gamma_b: 1.04
vignette: -24
temp: 5870