tweet_id: 1704717541976035370
masto_id: 111101300726630130

n_iter: 600
ct: 255
hue_offset: 261
saturation: -0.9

num_attempts: 263
dur: 605
std: 71.82
size: 939319 (917.3 KiB)

xmin: 0.1991007796427522
xmax: 0.21062815716436603
ymin: -1.054528540274316
ymax: -1.0480443904184082

contrast: 1.0
brightness: -0.03
saturation: 0.78
gamma: 0.99
gamma_r: 0.92
gamma_g: 0.96
gamma_b: 1.06
vignette: -39
temp: 6878