tweet_id: 1706224284379513272
masto_id: FAIL
subre_id: FAIL

n_iter: 454
ct: 112
hue_offset: 15
saturation: -0.59

num_attempts: 176
dur: 162
std: 68.58
size: 1095523 (1.04 MiB)

xmin: 0.27139454201910107
xmax: 0.272469521863229
ymin: 0.47768677680514204
ymax: 0.478291452967464

contrast: 0.82
brightness: 0.03
saturation: 1.27
gamma: 0.95
gamma_r: 1.0
gamma_g: 1.05
gamma_b: 1.03
vignette: 32
temp: 7251