tweet_id: 1705312973408149645
masto_id: 111110604409442720

n_iter: 386
ct: 82
hue_offset: 17
saturation: -0.8

num_attempts: 13
dur: 8
std: 38.79
size: 1526344 (1.46 MiB)

xmin: -1.427350200161123
xmax: -0.6773502001611229
ymin: -1.0345591784851635
ymax: -0.6126841784851635

contrast: 0.97
brightness: 0.17
saturation: 1.33
gamma: 0.97
gamma_r: 1.05
gamma_g: 0.94
gamma_b: 0.91
vignette: -24
temp: 7977