tweet_id: 1700010776080093511
masto_id: 111027757471704608

newton_power: 5
newton_const: -6

n_iter: 210
ct: 106
hue_offset: 177
saturation: -0.02

num_attempts: 85
dur: 606
std: 12.06
size: 367537 (358.92 KiB)

xmin: -1.804026036736825
xmax: -1.780588536736825
ymin: -0.17293053288485005
ymax: -0.15974693913485005

contrast: 1.72
brightness: 0.13
saturation: 0.72
gamma: 1.02
gamma_r: 1.05
gamma_g: 1.0
gamma_b: 1.08
vignette: 8
temp: 7317