tweet_id: 1701409738024505637
masto_id: 111049616208419317

n_iter: 300
ct: 1
hue_offset: 129
saturation: -0.2

num_attempts: 393
dur: 600
std: 47.66
size: 340450 (332.47 KiB)

xmin: 0.5394503209848267
xmax: 0.5446996648168477
ymin: -0.17058700569268725
ymax: -0.16763424978717545

contrast: 1.64
brightness: -0.02
saturation: 0.37
gamma: 1.03
gamma_r: 0.94
gamma_g: 1.02
gamma_b: 1.0
vignette: -25
temp: 4913