tweet_id: 1699700527645196453
masto_id: 111022909968719546

n_iter: 362
ct: 149
hue_offset: 83
saturation: -0.22

num_attempts: 49
dur: 39
std: 15.96
size: 1035782 (1011.51 KiB)

xmin: 0.4218116493484998
xmax: 0.42238446905349764
ymin: -0.32834846277070984
ymax: -0.32802625168664856

contrast: 0.72
brightness: 0.1
saturation: 1.43
gamma: 1.0
gamma_r: 1.01
gamma_g: 0.96
gamma_b: 1.0
vignette: -34
temp: 2264