tweet_id: FAIL
masto_id: 111089005326901141

n_iter: 182
ct: 48
hue_offset: 202
saturation: 0.56

num_attempts: 80
dur: 35
std: 28.49
size: 1516916 (1.45 MiB)

xmin: -0.15994014048296057
xmax: -0.047440140482960566
ymin: -1.1077346880000225
ymax: -1.0444534380000225

contrast: 1.5
brightness: -0.0
saturation: 0.84
gamma: 1.09
gamma_r: 0.97
gamma_g: 1.05
gamma_b: 0.92
vignette: -3
temp: 4411