tweet_id: 1705347013510914420
masto_id: 111111136196732441

n_iter: 256
ct: 50
hue_offset: 202
saturation: -0.32

num_attempts: 12
dur: 9
std: 53.36
size: 1006338 (982.75 KiB)

xmin: -0.5731997052924958
xmax: -0.5719318764493896
ymin: 0.47626634177523175
ymax: 0.476979495499479

contrast: 1.48
brightness: 0.07
saturation: 0.36
gamma: 1.05
gamma_r: 1.05
gamma_g: 0.91
gamma_b: 1.06
vignette: 2
temp: 6933