tweet_id: 1704739779534061692
masto_id: 111101648190607717

n_iter: 277
ct: 201
hue_offset: 69
saturation: 0.53

num_attempts: 32
dur: 13
std: 26.31
size: 1855075 (1.77 MiB)

xmin: -0.9145316461891544
xmax: -0.7538173604748687
ymin: -0.9924020258465209
ymax: -0.9020002401322352

contrast: 1.28
brightness: 0.12
saturation: 1.14
gamma: 1.05
gamma_r: 0.98
gamma_g: 0.9
gamma_b: 0.95
vignette: 23
temp: 7481