tweet_id: 1702905538609086840
masto_id: 111072988223831957

n_iter: 351
ct: 1
hue_offset: 46
saturation: 0.19

num_attempts: 450
dur: 600
std: 63.19
size: 1146436 (1.09 MiB)

xmin: 0.38311620146917447
xmax: 0.39060683817329434
ymin: -0.6231807393045903
ymax: -0.6189672561585229

contrast: 1.07
brightness: 0.05
saturation: 0.79
gamma: 0.9
gamma_r: 1.05
gamma_g: 0.95
gamma_b: 0.97
vignette: 22
temp: 2779