tweet_id: 1700420908018508263
masto_id: 111034165859236148

n_iter: 299
ct: 15
hue_offset: 24
saturation: 0.99

num_attempts: 2
dur: 0
std: 30.42
size: 1687255 (1.61 MiB)

xmin: -0.6571123942751576
xmax: -0.4614602203621141
ymin: -1.0543953175110492
ymax: -0.9443409696849623

contrast: 1.17
brightness: 0.18
saturation: 1.6
gamma: 1.06
gamma_r: 1.09
gamma_g: 0.91
gamma_b: 1.01
vignette: 14
temp: 5623