tweet_id: 1699406485791416819
masto_id: 111018315475817053

n_iter: 597
ct: 255
hue_offset: 55
saturation: -0.77

num_attempts: 286
dur: 601
std: 59.85
size: 815682 (796.56 KiB)

xmin: -0.6189557228246643
xmax: -0.6079667118356533
ymin: -0.4828993217755808
ymax: -0.47671800309426215

contrast: 1.09
brightness: 0.1
saturation: 0.28
gamma: 1.04
gamma_r: 0.99
gamma_g: 0.98
gamma_b: 0.97
vignette: 22
temp: 6618