tweet_id: 1705565980272017831
masto_id: 111114557553874254

n_iter: 394
ct: 1
hue_offset: 87
saturation: 0.86

num_attempts: 412
dur: 607
std: 68.06
size: 662453 (646.93 KiB)

xmin: -0.2724559830015625
xmax: -0.2648945463285946
ymin: 0.702619448610426
ymax: 0.7068727567389704

contrast: 1.55
brightness: -0.06
saturation: 1.16
gamma: 1.09
gamma_r: 1.08
gamma_g: 0.93
gamma_b: 1.09
vignette: 0
temp: 6995