tweet_id: 1699920237494157651
masto_id: 111026342959592491

newton_power: 5
newton_const: 1

n_iter: 77
ct: 245
hue_offset: 70
saturation: 0.08

num_attempts: 90
dur: 603
std: 11.86
size: 790569 (772.04 KiB)

xmin: -2.368271476241778
xmax: -2.3600410235668807
ymin: 1.3041967296807018
ymax: 1.3088263593103313

contrast: 1.26
brightness: -0.06
saturation: 1.37
gamma: 1.09
gamma_r: 1.03
gamma_g: 1.07
gamma_b: 1.08
vignette: -23
temp: 5675