tweet_id: 1699553548353073275
masto_id: 111020613523332971

n_iter: 342
ct: 1
hue_offset: 63
saturation: 0.12

num_attempts: 432
dur: 600
std: 53.55
size: 1085119 (1.03 MiB)

xmin: -0.29981710239492676
xmax: -0.2948295712228569
ymin: 0.6912426269884215
ymax: 0.6940481132727108

contrast: 0.9
brightness: 0.04
saturation: 1.1
gamma: 1.04
gamma_r: 0.99
gamma_g: 0.92
gamma_b: 1.08
vignette: -12
temp: 3742