tweet_id: 1701883264141812199
masto_id: 111057015233684005

newton_power: 5
newton_const: 1

n_iter: 90
ct: 248
hue_offset: 221
saturation: -0.58

num_attempts: 98
dur: 615
std: 10.52
size: 1106940 (1.06 MiB)

xmin: 0.2699026185521629
xmax: 0.27672080037034474
ymin: -1.2790003785701698
ymax: -1.2751651512974425

contrast: 1.21
brightness: 0.06
saturation: 1.58
gamma: 0.93
gamma_r: 1.01
gamma_g: 0.95
gamma_b: 0.93
vignette: -25
temp: 6053