tweet_id: 1705649188519002168
masto_id: 111115857811958575

n_iter: 541
ct: 207
hue_offset: 256
saturation: 0.7

num_attempts: 6
dur: 4
std: 39.99
size: 961476 (938.94 KiB)

xmin: -0.707985136511478
xmax: -0.4413184698448113
ymin: 0.4177244594749083
ymax: 0.5677244594749083

contrast: 1.15
brightness: 0.09
saturation: 1.13
gamma: 0.99
gamma_r: 1.06
gamma_g: 1.01
gamma_b: 1.07
vignette: -36
temp: 7948