tweet_id: 1702875404057588056
masto_id: 111072517362889016

n_iter: 361
ct: 1
hue_offset: 71
saturation: 0.38

num_attempts: 346
dur: 606
std: 59.67
size: 1011191 (987.49 KiB)

xmin: 0.2697471383979675
xmax: 0.27752923956528264
ymin: 0.7002700090768013
ymax: 0.704647440983416

contrast: 1.34
brightness: 0.21
saturation: 0.33
gamma: 0.91
gamma_r: 0.91
gamma_g: 0.98
gamma_b: 1.04
vignette: -44
temp: 5596