tweet_id: 1705262107883687940
masto_id: 111109809551050270

n_iter: 258
ct: 1
hue_offset: 324
saturation: -0.32

num_attempts: 642
dur: 603
std: 43.3
size: 840793 (821.09 KiB)

xmin: 0.31592867392300095
xmax: 0.32506109401432515
ymin: 0.7024211458495255
ymax: 0.7075581321508954

contrast: 1.3
brightness: -0.02
saturation: 1.5
gamma: 0.95
gamma_r: 0.93
gamma_g: 0.91
gamma_b: 1.04
vignette: -11
temp: 5048