tweet_id: 1705863564160827774
masto_id: 111119207303121481

n_iter: 215
ct: 238
hue_offset: 107
saturation: -0.5

num_attempts: 13
dur: 8
std: 24.85
size: 751499 (733.89 KiB)

xmin: -1.5083160333582306
xmax: -0.008316033358230612
ymin: -1.1816000848852715
ymax: -0.33785008488527146

contrast: 1.03
brightness: -0.02
saturation: 0.52
gamma: 1.07
gamma_r: 0.95
gamma_g: 0.92
gamma_b: 1.02
vignette: -11
temp: 6257