tweet_id: 1700495316150050886
masto_id: 111035328546667742

newton_power: 3
newton_const: -8

n_iter: 71
ct: 144
hue_offset: 209
saturation: -0.91

num_attempts: 268
dur: 604
std: 4.71
size: 787918 (769.45 KiB)

xmin: 0.14193258834701705
xmax: 0.1517045753177011
ymin: -1.1274369704143363
ymax: -1.1219402277433266

contrast: 1.05
brightness: -0.06
saturation: 0.76
gamma: 1.1
gamma_r: 0.93
gamma_g: 1.09
gamma_b: 1.05
vignette: -18
temp: 5549