tweet_id: 1703863428736020743
masto_id: 111087955224630032

n_iter: 325
ct: 7
hue_offset: 327
saturation: -0.3

num_attempts: 33
dur: 13
std: 23.07
size: 258947 (252.88 KiB)

xmin: 0.24082621789705172
xmax: 0.29851852558935943
ymin: -0.06845666695829111
ymax: -0.03600474388136803

contrast: 0.88
brightness: 0.14
saturation: 1.37
gamma: 0.99
gamma_r: 0.95
gamma_g: 1.01
gamma_b: 0.99
vignette: 2
temp: 2052