tweet_id: 1701577201240461490
masto_id: 111052232900235122

n_iter: 857
ct: 6
hue_offset: 109
saturation: -0.72

num_attempts: 228
dur: 313
std: 33.05
size: 869622 (849.24 KiB)

xmin: -0.6957129526157422
xmax: -0.6908467725670804
ymin: 0.4636030068284216
ymax: 0.46634023310579387

contrast: 0.8
brightness: -0.08
saturation: 0.53
gamma: 0.95
gamma_r: 0.92
gamma_g: 0.95
gamma_b: 0.97
vignette: -5
temp: 6336