tweet_id: 1704238702283604228
masto_id: 111093818892818370

newton_power: 5
newton_const: 10

n_iter: 218
ct: 215
hue_offset: 40
saturation: 0.16

num_attempts: 92
dur: 615
std: 10.39
size: 432055 (421.93 KiB)

xmin: -2.2425288421050973
xmax: -2.2364926248012744
ymin: -1.6480111536656423
ymax: -1.644615781432242

contrast: 0.89
brightness: 0.16
saturation: 0.41
gamma: 1.09
gamma_r: 1.08
gamma_g: 1.03
gamma_b: 1.08
vignette: 2
temp: 3032