tweet_id: 1701411342459048177
masto_id: 111049641318353631

newton_power: 7
newton_const: -2

n_iter: 68
ct: 58
hue_offset: 71
saturation: 0.03

num_attempts: 76
dur: 603
std: 30.47
size: 359302 (350.88 KiB)

xmin: 0.023548177255265923
xmax: 0.030847447328258622
ymin: -0.8878412323820932
ymax: -0.8837353929660349

contrast: 1.29
brightness: 0.06
saturation: 0.47
gamma: 1.05
gamma_r: 1.09
gamma_g: 0.96
gamma_b: 1.02
vignette: -13
temp: 7958