tweet_id: 1703362885181739395
masto_id: 111080134252955999

newton_power: 7
newton_const: 5

n_iter: 233
ct: 161
hue_offset: 5
saturation: -0.23

num_attempts: 76
dur: 603
std: 18.27
size: 1381238 (1.32 MiB)

xmin: -2.768923656821498
xmax: -2.761497914247241
ymin: -1.2080356989274297
ymax: -1.2038587187294099

contrast: 1.06
brightness: 0.17
saturation: 1.03
gamma: 1.04
gamma_r: 0.99
gamma_g: 0.94
gamma_b: 0.94
vignette: -45
temp: 6490