tweet_id: 1706040734884008294
masto_id: 111121975645884785
subre_id: /r/hourly_fractals/comments/16r7mfe/hope_youre_having_a_great_sunday_mathematics_math/

n_iter: 966
ct: 7
hue_offset: 46
saturation: -0.28

num_attempts: 9
dur: 10
std: 52.34
size: 1416102 (1.35 MiB)

xmin: 0.1451099474802784
xmax: 0.14567676057366086
ymin: 0.6120408711996055
ymax: 0.6123597035646331

contrast: 0.76
brightness: 0.18
saturation: 0.39
gamma: 0.99
gamma_r: 1.04
gamma_g: 1.05
gamma_b: 1.03
vignette: 20
temp: 4207