tweet_id: 1702207435463684120
masto_id: 111062080379189304

n_iter: 775
ct: 160
hue_offset: 258
saturation: -0.75

num_attempts: 57
dur: 55
std: 65.06
size: 1100306 (1.05 MiB)

xmin: -0.1378054777780382
xmax: -0.1370035531589524
ymin: -0.8613053665785106
ymax: -0.8608542839802749

contrast: 1.38
brightness: -0.03
saturation: 1.18
gamma: 1.06
gamma_r: 0.98
gamma_g: 1.09
gamma_b: 1.05
vignette: 18
temp: 5684