tweet_id: 1701335277728649720
masto_id: 111048452961813831

n_iter: 338
ct: 1
hue_offset: 256
saturation: 0.88

num_attempts: 326
dur: 607
std: 55.88
size: 1313034 (1.25 MiB)

xmin: -0.17332498394498996
xmax: -0.16903313845142773
ymin: 0.8427056567933375
ymax: 0.8451198198834663

contrast: 1.14
brightness: -0.1
saturation: 1.57
gamma: 0.91
gamma_r: 1.01
gamma_g: 1.06
gamma_b: 1.0
vignette: 29
temp: 6771