tweet_id: 1700694479441633612
masto_id: 111038440430209852

n_iter: 168
ct: 70
hue_offset: 239
saturation: 0.38

num_attempts: 4
dur: 2
std: 22.7
size: 1045711 (1021.2 KiB)

xmin: -0.9521137667582857
xmax: -0.05211376675828572
ymin: -0.9237503238961351
ymax: -0.4175003238961351

contrast: 0.82
brightness: 0.11
saturation: 0.95
gamma: 0.93
gamma_r: 1.08
gamma_g: 1.02
gamma_b: 0.92
vignette: 24
temp: 3765