tweet_id: 1706201611339526186
masto_id: 111124489438459908
subre_id: FAIL

newton_power: 6
newton_const: 3

n_iter: 129
ct: 200
hue_offset: 93
saturation: -0.46

num_attempts: 100
dur: 603
std: 16.54
size: 931037 (909.22 KiB)

xmin: 0.9607942259116578
xmax: 0.9677146411365712
ymin: -1.4400252379929395
ymax: -1.4361325044289257

contrast: 1.47
brightness: -0.04
saturation: 1.68
gamma: 1.09
gamma_r: 1.07
gamma_g: 1.05
gamma_b: 1.02
vignette: 16
temp: 2976