tweet_id: 1699771372996612372
masto_id: 111024016869947057

newton_power: 4
newton_const: 4

n_iter: 250
ct: 19
hue_offset: 89
saturation: 0.59

num_attempts: 137
dur: 600
std: 7.7
size: 1109787 (1.06 MiB)

xmin: 2.400717347475722
xmax: 2.418008413758143
ymin: -0.2379234667375385
ymax: -0.22819724195367683

contrast: 1.22
brightness: -0.03
saturation: 0.35
gamma: 1.02
gamma_r: 1.05
gamma_g: 1.03
gamma_b: 0.95
vignette: 18
temp: 6711