tweet_id: 1702935774780682256
masto_id: 111073460570594430

n_iter: 256
ct: 1
hue_offset: 174
saturation: -0.62

num_attempts: 539
dur: 602
std: 44.52
size: 557570 (544.5 KiB)

xmin: 0.11302142592001907
xmax: 0.12066960947642442
ymin: -0.7622877051603941
ymax: -0.7579856019099162

contrast: 1.33
brightness: -0.07
saturation: 1.45
gamma: 0.96
gamma_r: 1.08
gamma_g: 1.05
gamma_b: 0.98
vignette: -7
temp: 4870