tweet_id: 1701393279051297122
masto_id: 111049359092041621

n_iter: 157
ct: 229
hue_offset: 15
saturation: 0.25

num_attempts: 8
dur: 4
std: 25.01
size: 1469295 (1.4 MiB)

xmin: -0.6571576661292489
xmax: -0.5821576661292489
ymin: -0.8203489577276197
ymax: -0.7781614577276197

contrast: 1.43
brightness: 0.01
saturation: 1.45
gamma: 1.07
gamma_r: 1.01
gamma_g: 0.96
gamma_b: 1.08
vignette: -4
temp: 6828