tweet_id: 1705437870968787413
masto_id: 111112555950965732

n_iter: 973
ct: 190
hue_offset: 135
saturation: 0.56

num_attempts: 2
dur: 0
std: 25.49
size: 466430 (455.5 KiB)

xmin: -0.18126006888730828
xmax: -0.17980181150488028
ymin: 0.6525683138600029
ymax: 0.6533885836376186

contrast: 1.3
brightness: -0.05
saturation: 1.54
gamma: 0.94
gamma_r: 1.07
gamma_g: 0.99
gamma_b: 1.01
vignette: 5
temp: 3122