tweet_id: 1702294573345894706
masto_id: 111063441971306672

n_iter: 426
ct: 89
hue_offset: 230
saturation: 0.42

num_attempts: 8
dur: 11
std: 61.55
size: 1997292 (1.9 MiB)

xmin: -0.9178524428543575
xmax: -0.8080963452933819
ymin: -0.7296065260872708
ymax: -0.667868721209222

contrast: 0.77
brightness: 0.15
saturation: 0.87
gamma: 1.02
gamma_r: 1.01
gamma_g: 1.09
gamma_b: 0.93
vignette: -7
temp: 4173