tweet_id: 1703627129827500261
masto_id: 111084263053990010

n_iter: 239
ct: 141
hue_offset: 96
saturation: 0.39

num_attempts: 104
dur: 66
std: 37.8
size: 1484623 (1.42 MiB)

xmin: 0.0408518407815186
xmax: 0.04289578559500864
ymin: 0.6440750991599546
ymax: 0.6452248181175428

contrast: 0.83
brightness: -0.01
saturation: 1.7
gamma: 0.91
gamma_r: 1.06
gamma_g: 0.98
gamma_b: 1.0
vignette: -28
temp: 7359