tweet_id: 1701516548639264809
masto_id: 111051285216925037

n_iter: 523
ct: 1
hue_offset: 105
saturation: -0.26

num_attempts: 269
dur: 602
std: 73.5
size: 960502 (937.99 KiB)

xmin: 0.5310882961324541
xmax: 0.5429226156590813
ymin: 0.16574116343699274
ymax: 0.17239796817072056

contrast: 1.4
brightness: -0.02
saturation: 1.72
gamma: 1.02
gamma_r: 1.0
gamma_g: 1.0
gamma_b: 0.91
vignette: -25
temp: 5430