tweet_id: 1705391244103528602
masto_id: 111111827403669860

n_iter: 571
ct: 11
hue_offset: 175
saturation: 0.9

num_attempts: 35
dur: 45
std: 68.89
size: 1057948 (1.01 MiB)

xmin: -1.1747981066978272
xmax: -1.1719910891539675
ymin: -0.18819752397832623
ymax: -0.1866185766099052

contrast: 0.92
brightness: 0.16
saturation: 1.36
gamma: 1.04
gamma_r: 1.04
gamma_g: 1.07
gamma_b: 1.07
vignette: 11
temp: 6825