tweet_id: 1700669498678809041
masto_id: 111038050125498395

n_iter: 385
ct: 89
hue_offset: 226
saturation: -0.29

num_attempts: 49
dur: 26
std: 40.19
size: 926512 (904.8 KiB)

xmin: -1.000493288061828
xmax: -0.8641296516981917
ymin: -0.5664979816463771
ymax: -0.4897934361918317

contrast: 1.1
brightness: 0.14
saturation: 1.01
gamma: 1.09
gamma_r: 0.98
gamma_g: 0.96
gamma_b: 0.99
vignette: 27
temp: 4049