tweet_id: 1703504308816564259
masto_id: 111082344009796057

n_iter: 965
ct: 118
hue_offset: 312
saturation: 0.17

num_attempts: 66
dur: 78
std: 20.1
size: 846669 (826.83 KiB)

xmin: -0.19433521737616344
xmax: -0.19393170683445055
ymin: -0.8281402626252949
ymax: -0.8279132879455814

contrast: 1.4
brightness: 0.11
saturation: 1.51
gamma: 1.09
gamma_r: 0.98
gamma_g: 1.04
gamma_b: 1.03
vignette: 16
temp: 5257