tweet_id: 1702543519649349946
masto_id: 111067331597562611

n_iter: 284
ct: 255
hue_offset: 159
saturation: -0.98

num_attempts: 496
dur: 605
std: 54.02
size: 1135441 (1.08 MiB)

xmin: 0.12317446329905746
xmax: 0.12766380112172862
ymin: -0.7628132653268113
ymax: -0.7602880128015588

contrast: 1.53
brightness: -0.04
saturation: 0.27
gamma: 1.0
gamma_r: 0.99
gamma_g: 0.95
gamma_b: 0.99
vignette: -38
temp: 7115