tweet_id: 1706467383823466755
masto_id: 111128642083147185
subre_id: FAIL

n_iter: 338
ct: 93
hue_offset: 329
saturation: -0.47

num_attempts: 47
dur: 31
std: 40.98
size: 1186742 (1.13 MiB)

xmin: -0.9585322161759955
xmax: 0.1664677838240045
ymin: -1.2514679756040534
ymax: -0.6186554756040534

contrast: 1.04
brightness: 0.15
saturation: 0.68
gamma: 1.0
gamma_r: 1.0
gamma_g: 0.93
gamma_b: 0.98
vignette: 10
temp: 6229