tweet_id: 1701326479832056302
masto_id: 111048315556366226

n_iter: 179
ct: 146
hue_offset: 212
saturation: -0.88

num_attempts: 1
dur: 0
std: 22.42
size: 1187976 (1.13 MiB)

xmin: -1.6693629546375175
xmax: -1.3881129546375175
ymin: -0.323641122105345
ymax: -0.165437997105345

contrast: 1.14
brightness: 0.22
saturation: 0.98
gamma: 0.98
gamma_r: 0.9
gamma_g: 0.92
gamma_b: 1.09
vignette: -37
temp: 3833