tweet_id: 1706555917989277921
masto_id: 111130025395838226
subre_id: FAIL

n_iter: 590
ct: 167
hue_offset: 250
saturation: -0.49

num_attempts: 2
dur: 1
std: 30.96
size: 1033811 (1009.58 KiB)

xmin: -0.9645368032871386
xmax: -0.9532053585279319
ymin: 0.2604435914016672
ymax: 0.26681752907872097

contrast: 1.31
brightness: 0.08
saturation: 1.49
gamma: 0.92
gamma_r: 1.07
gamma_g: 0.96
gamma_b: 0.92
vignette: 9
temp: 7069