tweet_id: 1700916795358502958
masto_id: 111041914314106434

newton_power: 5
newton_const: -1

n_iter: 92
ct: 243
hue_offset: 145
saturation: -0.58

num_attempts: 112
dur: 611
std: 9.82
size: 900167 (879.07 KiB)

xmin: 0.1989857553110621
xmax: 0.23346851393175178
ymin: 0.3982698020355917
ymax: 0.41766635375972966

contrast: 1.08
brightness: 0.2
saturation: 0.82
gamma: 0.96
gamma_r: 0.94
gamma_g: 0.93
gamma_b: 0.93
vignette: 12
temp: 2985