tweet_id: 1705283178716332443
masto_id: 111110138739810149

n_iter: 221
ct: 204
hue_offset: 37
saturation: -0.31

num_attempts: 6
dur: 3
std: 37.09
size: 952397 (930.08 KiB)

xmin: -1.4020591946595637
xmax: -1.1208091946595637
ymin: -0.3966539795996902
ymax: -0.23845085459969018

contrast: 1.2
brightness: -0.06
saturation: 0.31
gamma: 1.05
gamma_r: 1.08
gamma_g: 0.92
gamma_b: 1.02
vignette: -6
temp: 6282