tweet_id: 1701840638361096382
masto_id: 111056349116387286

n_iter: 502
ct: 166
hue_offset: 217
saturation: 0.67

num_attempts: 4
dur: 6
std: 24.83
size: 444103 (433.69 KiB)

xmin: -1.9067086826686572
xmax: 0.34329131733134277
ymin: -0.7637148613350302
ymax: 0.5019101386649698

contrast: 1.64
brightness: 0.18
saturation: 1.3
gamma: 1.02
gamma_r: 1.03
gamma_g: 0.93
gamma_b: 1.09
vignette: -41
temp: 6854