tweet_id: 1705709275278971050
masto_id: 111116796633610398

n_iter: 300
ct: 193
hue_offset: 336
saturation: -0.94

num_attempts: 65
dur: 31
std: 77.89
size: 819960 (800.74 KiB)

xmin: -0.39050460331446635
xmax: -0.38978685703777516
ymin: 0.5884710533247608
ymax: 0.5888747856053996

contrast: 1.12
brightness: 0.19
saturation: 0.32
gamma: 0.96
gamma_r: 0.97
gamma_g: 1.09
gamma_b: 1.1
vignette: -48
temp: 2480