tweet_id: 1700705394127995324
masto_id: 111038611015516103

newton_power: 5
newton_const: -7

n_iter: 212
ct: 115
hue_offset: 299
saturation: -0.9

num_attempts: 104
dur: 602
std: 11.82
size: 977076 (954.18 KiB)

xmin: -1.52856618876794
xmax: -1.4724914224127998
ymin: 0.20914232089339757
ymax: 0.24068437696816392

contrast: 1.05
brightness: 0.18
saturation: 1.07
gamma: 1.0
gamma_r: 0.98
gamma_g: 1.07
gamma_b: 0.93
vignette: 33
temp: 4316