tweet_id: 1703717214384513137
masto_id: 111085670792696170

n_iter: 342
ct: 153
hue_offset: 151
saturation: -0.66

num_attempts: 6
dur: 4
std: 23.15
size: 795170 (776.53 KiB)

xmin: 0.2884719662097348
xmax: 0.2902240468054422
ymin: -0.5813749021483936
ymax: -0.5803893568133082

contrast: 1.49
brightness: 0.14
saturation: 1.49
gamma: 0.99
gamma_r: 1.0
gamma_g: 0.91
gamma_b: 0.9
vignette: 21
temp: 7935