tweet_id: 1700097230844088350
masto_id: 111029108443176301

n_iter: 323
ct: 1
hue_offset: 71
saturation: -0.09

num_attempts: 455
dur: 604
std: 57.83
size: 955164 (932.78 KiB)

xmin: -0.20055129949295858
xmax: -0.19382861041732832
ymin: 1.029496969914541
ymax: 1.033278482519583

contrast: 1.02
brightness: 0.09
saturation: 1.55
gamma: 1.09
gamma_r: 1.0
gamma_g: 0.96
gamma_b: 0.98
vignette: 9
temp: 3279