tweet_id: 1700873268192858343
masto_id: 111041234014670992

n_iter: 285
ct: 79
hue_offset: 88
saturation: 0.65

num_attempts: 1
dur: 0
std: 26.32
size: 1508105 (1.44 MiB)

xmin: 0.5950043882525908
xmax: 1.0040952973435
ymin: -1.3896453656781125
ymax: -1.159531729314476

contrast: 1.08
brightness: 0.21
saturation: 0.39
gamma: 1.06
gamma_r: 1.04
gamma_g: 0.94
gamma_b: 1.03
vignette: -17
temp: 7160