tweet_id: 1703479447305822221
masto_id: 111081955567785022

n_iter: 554
ct: 255
hue_offset: 48
saturation: -0.63

num_attempts: 247
dur: 600
std: 68.65
size: 1019134 (995.25 KiB)

xmin: 0.41762721124371227
xmax: 0.4300111121725048
ymin: -0.5882731062603754
ymax: -0.5813071619879296

contrast: 0.88
brightness: 0.13
saturation: 1.27
gamma: 1.0
gamma_r: 0.96
gamma_g: 0.95
gamma_b: 0.98
vignette: -43
temp: 7957