tweet_id: 1703579784557576413
masto_id: 111083523264534531

n_iter: 375
ct: 53
hue_offset: 349
saturation: 0.9

num_attempts: 46
dur: 37
std: 31.44
size: 882008 (861.34 KiB)

xmin: 0.30696397754314697
xmax: 0.31239876015184265
ymin: -0.4861606924116173
ymax: -0.483103627194226

contrast: 1.45
brightness: -0.0
saturation: 1.64
gamma: 1.06
gamma_r: 0.93
gamma_g: 0.9
gamma_b: 0.96
vignette: -2
temp: 3053