tweet_id: 1699338328657547484
masto_id: 111017250396847091

n_iter: 889
ct: 213
hue_offset: 337
saturation: 0.94

num_attempts: 41
dur: 81
std: 28.01
size: 109183 (106.62 KiB)

xmin: -0.7685457797852651
xmax: 0.5647875535480682
ymin: -0.8074927300625898
ymax: -0.057492730062589814

contrast: 1.74
brightness: -0.07
saturation: 0.32
gamma: 0.94
gamma_r: 0.93
gamma_g: 1.02
gamma_b: 1.01
vignette: -30
temp: 2053