tweet_id: 1706564016598913046
masto_id: 111130152033065720
subre_id: FAIL

newton_power: 4
newton_const: 5

n_iter: 204
ct: 185
hue_offset: 96
saturation: 0.2

num_attempts: 129
dur: 601
std: 8.56
size: 832853 (813.33 KiB)

xmin: 2.2598851549122543
xmax: 2.310305322979481
ymin: -0.017892444251927486
ymax: 0.01046890028588764

contrast: 1.21
brightness: 0.15
saturation: 1.67
gamma: 1.0
gamma_r: 0.97
gamma_g: 1.09
gamma_b: 0.95
vignette: -33
temp: 2130