tweet_id: 1701249082214273461
masto_id: 111047106242434157

newton_power: 5
newton_const: 2

n_iter: 111
ct: 136
hue_offset: 340
saturation: 0.68

num_attempts: 94
dur: 610
std: 9.28
size: 651821 (636.54 KiB)

xmin: 2.420019155474332
xmax: 2.493189887181649
ymin: -0.10398264222171427
ymax: -0.06282410563634842

contrast: 1.74
brightness: -0.1
saturation: 1.18
gamma: 0.96
gamma_r: 0.98
gamma_g: 0.92
gamma_b: 1.04
vignette: -36
temp: 2728