tweet_id: 1705615029146726763
masto_id: 111115323938533387

n_iter: 249
ct: 240
hue_offset: 140
saturation: 0.6

num_attempts: 26
dur: 12
std: 25.45
size: 296111 (289.17 KiB)

xmin: 0.2233731216343391
xmax: 0.2775899891042186
ymin: -0.17560710026040316
ymax: -0.14511011230859594

contrast: 1.59
brightness: 0.19
saturation: 0.93
gamma: 1.09
gamma_r: 1.07
gamma_g: 0.93
gamma_b: 0.92
vignette: -6
temp: 6991