tweet_id: 1700554403776729097
masto_id: 111036251873465491

newton_power: 3
newton_const: -1

n_iter: 224
ct: 154
hue_offset: 144
saturation: -0.81

num_attempts: 292
dur: 603
std: 4.36
size: 763295 (745.41 KiB)

xmin: 0.5079764864355427
xmax: 0.5188855773446336
ymin: -0.5868732918739601
ymax: -0.5807369282375965

contrast: 1.79
brightness: 0.07
saturation: 1.38
gamma: 1.0
gamma_r: 0.94
gamma_g: 1.07
gamma_b: 0.92
vignette: -36
temp: 2187