tweet_id: 1701772820294856984
masto_id: 111055289506459019

n_iter: 607
ct: 255
hue_offset: 56
saturation: -0.64

num_attempts: 239
dur: 600
std: 93.78
size: 1046078 (1021.56 KiB)

xmin: -0.5456491267736041
xmax: -0.5407411513134814
ymin: 0.3828251240550411
ymax: 0.3855858602513601

contrast: 1.18
brightness: 0.14
saturation: 0.73
gamma: 1.09
gamma_r: 1.06
gamma_g: 1.07
gamma_b: 1.0
vignette: -26
temp: 2426