tweet_id: 1706684855566889007
masto_id: 111132040042099320
subre_id: FAIL

newton_power: 5
newton_const: 7

n_iter: 249
ct: 138
hue_offset: 221
saturation: -0.47

num_attempts: 101
dur: 607
std: 10.36
size: 712371 (695.67 KiB)

xmin: -2.900507703684826
xmax: -2.8796743703514927
ymin: -1.5603149076896614
ymax: -1.5485961576896614

contrast: 1.03
brightness: 0.03
saturation: 0.55
gamma: 1.05
gamma_r: 0.9
gamma_g: 1.0
gamma_b: 1.07
vignette: -4
temp: 3881