tweet_id: 1700640698217955576
masto_id: 111037600170966171

n_iter: 471
ct: 255
hue_offset: 171
saturation: 0.54

num_attempts: 284
dur: 610
std: 59.18
size: 795023 (776.39 KiB)

xmin: -0.30431036701028047
xmax: -0.2953618211489829
ymin: 0.6840649896721316
ymax: 0.6890985467191114

contrast: 0.94
brightness: -0.01
saturation: 1.56
gamma: 0.95
gamma_r: 0.96
gamma_g: 1.09
gamma_b: 0.93
vignette: -26
temp: 5815