tweet_id: 1704292844578427219
masto_id: 111094664927028398

n_iter: 330
ct: 237
hue_offset: 334
saturation: -0.27

num_attempts: 12
dur: 11
std: 26.31
size: 538451 (525.83 KiB)

xmin: -0.17125231739424063
xmax: -0.11500231739424063
ymin: 0.17592316875053182
ymax: 0.20756379375053183

contrast: 0.72
brightness: -0.04
saturation: 0.47
gamma: 1.1
gamma_r: 0.94
gamma_g: 0.9
gamma_b: 1.02
vignette: -16
temp: 4758