tweet_id: 1703544092595011619
masto_id: 111082965640621885

newton_power: 5
newton_const: 4

n_iter: 113
ct: 163
hue_offset: 89
saturation: -0.87

num_attempts: 96
dur: 609
std: 12.51
size: 757437 (739.68 KiB)

xmin: 0.7701294489635133
xmax: 0.78679611563018
ymin: 0.3178149759173641
ymax: 0.3271899759173641

contrast: 1.32
brightness: 0.05
saturation: 1.36
gamma: 1.04
gamma_r: 0.94
gamma_g: 1.07
gamma_b: 0.92
vignette: 7
temp: 4685