tweet_id: 1701973702580056416
masto_id: 111058428281602064

newton_power: 4
newton_const: -10

n_iter: 154
ct: 245
hue_offset: 94
saturation: -0.17

num_attempts: 108
dur: 600
std: 6.73
size: 836987 (817.37 KiB)

xmin: 0.7342644587984424
xmax: 0.7456713029049062
ymin: -1.2147326370452447
ymax: -1.2083162872353588

contrast: 0.83
brightness: 0.08
saturation: 0.89
gamma: 1.08
gamma_r: 1.0
gamma_g: 0.99
gamma_b: 0.9
vignette: -42
temp: 7322