tweet_id: 1701043691194835243
masto_id: 111043896932019416

n_iter: 977
ct: 189
hue_offset: 2
saturation: -0.03

num_attempts: 88
dur: 158
std: 36.29
size: 1145689 (1.09 MiB)

xmin: -0.9378483133225468
xmax: -0.937369901649302
ymin: 0.254301134045984
ymax: 0.2545702406121842

contrast: 1.13
brightness: 0.08
saturation: 0.51
gamma: 1.05
gamma_r: 0.92
gamma_g: 1.05
gamma_b: 1.06
vignette: -36
temp: 2786