tweet_id: 1705287505665458436
masto_id: 111110206412210367

n_iter: 247
ct: 79
hue_offset: 334
saturation: 0.1

num_attempts: 100
dur: 52
std: 30.76
size: 641603 (626.57 KiB)

xmin: -0.6804206838076525
xmax: -0.6652691686561374
ymin: 0.3628107358901804
ymax: 0.3713334631629077

contrast: 1.21
brightness: 0.16
saturation: 0.69
gamma: 1.02
gamma_r: 0.94
gamma_g: 0.91
gamma_b: 0.97
vignette: 17
temp: 4572