tweet_id: 1699826083216912479
masto_id: 111024871743558855

n_iter: 536
ct: 1
hue_offset: 196
saturation: -0.7

num_attempts: 314
dur: 603
std: 71.44
size: 673754 (657.96 KiB)

xmin: -0.041613444709112324
xmax: -0.032802872021887655
ymin: 0.7692630459692129
ymax: 0.7742189931057768

contrast: 0.75
brightness: -0.05
saturation: 1.33
gamma: 1.0
gamma_r: 0.98
gamma_g: 1.07
gamma_b: 1.0
vignette: -4
temp: 5147