tweet_id: 1701607089624461790
masto_id: 111052700012721113

n_iter: 340
ct: 1
hue_offset: 186
saturation: 0.88

num_attempts: 462
dur: 600
std: 44.46
size: 899375 (878.3 KiB)

xmin: 0.572736395627822
xmax: 0.578156449828364
ymin: 0.31262248285827243
ymax: 0.3156712633460773

contrast: 1.01
brightness: -0.01
saturation: 0.48
gamma: 1.04
gamma_r: 1.07
gamma_g: 0.95
gamma_b: 0.91
vignette: -2
temp: 4250