tweet_id: 1700322303354274084
masto_id: 111032625126025892

n_iter: 608
ct: 255
hue_offset: 294
saturation: 0.36

num_attempts: 233
dur: 604
std: 101.63
size: 1124830 (1.07 MiB)

xmin: 0.31498861170768633
xmax: 0.31975619216060647
ymin: 0.6747004562612595
ymax: 0.6773822202660271

contrast: 1.54
brightness: 0.07
saturation: 1.43
gamma: 0.99
gamma_r: 1.02
gamma_g: 1.03
gamma_b: 1.03
vignette: -10
temp: 4779