tweet_id: 1704057549677322328
masto_id: 111090988433361328

newton_power: 6
newton_const: -6

n_iter: 147
ct: 235
hue_offset: 94
saturation: -0.07

num_attempts: 80
dur: 601
std: 17.36
size: 1148834 (1.1 MiB)

xmin: 1.2984281969716136
xmax: 1.30477740332082
ymin: 0.5576817840172379
ymax: 0.5612532125886665

contrast: 1.72
brightness: 0.11
saturation: 1.36
gamma: 0.96
gamma_r: 0.99
gamma_g: 1.09
gamma_b: 0.93
vignette: -45
temp: 7257