tweet_id: 1706344995731685442
masto_id: 111126729824574042
subre_id: /r/hourly_fractals/comments/16rwrg8/having_a_blast_on_monday_math_ai/

n_iter: 446
ct: 55
hue_offset: 97
saturation: 0.19

num_attempts: 19
dur: 22
std: 33.64
size: 1095483 (1.04 MiB)

xmin: -0.3494439410799566
xmax: -0.3489836948482226
ymin: -0.6437301701181195
ymax: -0.6434712816127691

contrast: 1.27
brightness: 0.1
saturation: 1.2
gamma: 0.99
gamma_r: 0.96
gamma_g: 1.01
gamma_b: 1.02
vignette: 8
temp: 5373