tweet_id: 1701180773607354761
masto_id: 111046038712535601

n_iter: 611
ct: 66
hue_offset: 5
saturation: 0.49

num_attempts: 91
dur: 91
std: 68.96
size: 1919409 (1.83 MiB)

xmin: -0.5279277987083475
xmax: -0.5272884125190892
ymin: 0.6142776859324242
ymax: 0.614637340663882

contrast: 1.31
brightness: -0.07
saturation: 0.57
gamma: 1.04
gamma_r: 0.92
gamma_g: 0.94
gamma_b: 1.08
vignette: -30
temp: 2452