tweet_id: 1703984465490403560
masto_id: 111089846365282448

n_iter: 162
ct: 144
hue_offset: 160
saturation: -0.63

num_attempts: 5
dur: 2
std: 25.5
size: 1592565 (1.52 MiB)

xmin: 0.4749993911892423
xmax: 0.5796505539799399
ymin: -1.218919874954321
ymax: -1.1600535958845537

contrast: 0.94
brightness: 0.1
saturation: 1.43
gamma: 0.96
gamma_r: 1.04
gamma_g: 0.92
gamma_b: 0.91
vignette: 3
temp: 4951