tweet_id: 1700850351992176962
masto_id: 111040875820902587

n_iter: 792
ct: 199
hue_offset: 221
saturation: 0.54

num_attempts: 24
dur: 31
std: 91.46
size: 470688 (459.66 KiB)

xmin: -0.1575157407939778
xmax: -0.15516418288686432
ymin: 1.0369816649072923
ymax: 1.0383044162300437

contrast: 1.59
brightness: 0.05
saturation: 0.59
gamma: 0.93
gamma_r: 1.05
gamma_g: 0.99
gamma_b: 1.04
vignette: -19
temp: 7348