tweet_id: 1704106530751041929
masto_id: 111091753734636413

n_iter: 410
ct: 164
hue_offset: 131
saturation: 0.71

num_attempts: 13
dur: 11
std: 26.76
size: 738268 (720.96 KiB)

xmin: -0.8511993607043999
xmax: -0.10119936070439994
ymin: -1.4140467972888124
ymax: -0.9921717972888124

contrast: 0.76
brightness: 0.19
saturation: 1.17
gamma: 1.08
gamma_r: 1.07
gamma_g: 0.99
gamma_b: 1.01
vignette: 8
temp: 3806