tweet_id: 1699463869364879578
masto_id: 111019212180212134

n_iter: 404
ct: 255
hue_offset: 186
saturation: 0.83

num_attempts: 384
dur: 604
std: 56.9
size: 1439496 (1.37 MiB)

xmin: -0.14362996235754166
xmax: -0.13539950968264455
ymin: -0.766412546030669
ymax: -0.7617829164010393

contrast: 1.27
brightness: -0.04
saturation: 0.71
gamma: 1.03
gamma_r: 1.07
gamma_g: 0.96
gamma_b: 1.09
vignette: 29
temp: 7050