tweet_id: 1702689917371900190
masto_id: 111069619084342944

n_iter: 966
ct: 17
hue_offset: 269
saturation: -0.72

num_attempts: 40
dur: 88
std: 137.94
size: 1540920 (1.47 MiB)

xmin: -0.7186961277337276
xmax: -0.7181159972043585
ymin: -0.21805984376292986
ymax: -0.21773352034015975

contrast: 1.04
brightness: 0.12
saturation: 1.35
gamma: 1.04
gamma_r: 1.03
gamma_g: 1.06
gamma_b: 0.97
vignette: 7
temp: 5783