tweet_id: 1703264106814607795
masto_id: 111078590837396181

n_iter: 387
ct: 124
hue_offset: 195
saturation: -0.99

num_attempts: 244
dur: 188
std: 71.79
size: 1538440 (1.47 MiB)

xmin: -0.3729746025242231
xmax: -0.37196066082587076
ymin: -0.6070234516012276
ymax: -0.6064531093959045

contrast: 1.49
brightness: 0.14
saturation: 0.25
gamma: 1.04
gamma_r: 0.93
gamma_g: 1.06
gamma_b: 0.93
vignette: 22
temp: 5911