tweet_id: 1703470986455335414
masto_id: 111081823317286563

n_iter: 463
ct: 144
hue_offset: 35
saturation: -0.35

num_attempts: 1
dur: 3
std: 72.51
size: 2333796 (2.23 MiB)

xmin: -0.1891009873906926
xmax: -0.12388359608634476
ymin: -1.009429662653817
ymax: -0.9727448800451214

contrast: 1.29
brightness: 0.02
saturation: 1.39
gamma: 1.09
gamma_r: 0.95
gamma_g: 0.92
gamma_b: 0.93
vignette: 13
temp: 5918