tweet_id: 1706581915673805239
masto_id: 111130431538373743
subre_id: FAIL

n_iter: 354
ct: 9
hue_offset: 31
saturation: -0.47

num_attempts: 13
dur: 6
std: 48.6
size: 896908 (875.89 KiB)

xmin: -0.1836698233101508
xmax: 0.16248402284369534
ymin: -1.1713402828722117
ymax: -0.9766287444106733

contrast: 1.02
brightness: 0.04
saturation: 1.2
gamma: 0.92
gamma_r: 0.99
gamma_g: 1.04
gamma_b: 1.0
vignette: 1
temp: 6501