tweet_id: 1700967397832991106
masto_id: 111042704840128420

n_iter: 938
ct: 237
hue_offset: 347
saturation: -0.04

num_attempts: 25
dur: 31
std: 136.8
size: 997178 (973.81 KiB)

xmin: -0.04669929156281105
xmax: -0.043162598370945444
ymin: -0.8007817079292792
ymax: -0.7987923180088548

contrast: 0.72
brightness: -0.04
saturation: 1.12
gamma: 0.96
gamma_r: 1.09
gamma_g: 1.02
gamma_b: 1.09
vignette: -7
temp: 7521