tweet_id: 1706408688498475448
masto_id: 111127724923618214
subre_id: /r/hourly_fractals/comments/16s3azp/surprise_multibrot_ai_machinelearning/

n_iter: 520
ct: 255
hue_offset: 152
saturation: -0.12

num_attempts: 266
dur: 600
std: 61.81
size: 915636 (894.18 KiB)

xmin: -0.5141299355423581
xmax: -0.4983819040462951
ymin: 0.4582407130196584
ymax: 0.4670989807361938

contrast: 1.08
brightness: -0.04
saturation: 1.31
gamma: 0.9
gamma_r: 1.0
gamma_g: 1.09
gamma_b: 1.08
vignette: -38
temp: 7562