tweet_id: 1705080034032316559
masto_id: 111106964767823193

n_iter: 375
ct: 1
hue_offset: 26
saturation: 0.75

num_attempts: 389
dur: 602
std: 49.47
size: 821775 (802.51 KiB)

xmin: -0.4418460175681247
xmax: -0.43638153669380775
ymin: 0.018680502758665174
ymax: 0.021754273250468453

contrast: 1.06
brightness: 0.0
saturation: 1.48
gamma: 1.09
gamma_r: 0.93
gamma_g: 0.95
gamma_b: 1.08
vignette: 26
temp: 3619