tweet_id: 1699432756424454517
masto_id: 111018725952381149

n_iter: 595
ct: 1
hue_offset: 178
saturation: -0.2

num_attempts: 323
dur: 601
std: 75.18
size: 654682 (639.34 KiB)

xmin: -0.5636653296325629
xmax: -0.5570646695665563
ymin: 0.24021926374309288
ymax: 0.2439321350302216

contrast: 1.49
brightness: 0.16
saturation: 0.69
gamma: 0.99
gamma_r: 0.96
gamma_g: 1.05
gamma_b: 0.93
vignette: 32
temp: 7759