tweet_id: 1703812788060352692
masto_id: 111087164029093588

n_iter: 320
ct: 255
hue_offset: 231
saturation: 0.32

num_attempts: 448
dur: 602
std: 57.2
size: 1045729 (1021.22 KiB)

xmin: -0.5682458169837743
xmax: -0.5630845266611937
ymin: -0.6109707579984123
ymax: -0.6080675321919606

contrast: 1.04
brightness: 0.2
saturation: 1.32
gamma: 1.03
gamma_r: 0.98
gamma_g: 0.98
gamma_b: 0.92
vignette: -28
temp: 4018