tweet_id: 1705619386655285454
masto_id: 111115392129967048

n_iter: 558
ct: 202
hue_offset: 155
saturation: 0.93

num_attempts: 12
dur: 17
std: 23.48
size: 675108 (659.29 KiB)

xmin: -1.2338605769567046
xmax: -1.2322832898904585
ymin: 0.1683453946623379
ymax: 0.1692326186371013

contrast: 1.71
brightness: 0.05
saturation: 1.06
gamma: 0.91
gamma_r: 1.1
gamma_g: 1.02
gamma_b: 1.04
vignette: -5
temp: 4253