tweet_id: 1700217954682679426
masto_id: 111030994665303930

n_iter: 269
ct: 1
hue_offset: 111
saturation: -0.63

num_attempts: 511
dur: 601
std: 42.7
size: 619863 (605.33 KiB)

xmin: -0.603899200271454
xmax: -0.5967817625490341
ymin: 0.48131630444857576
ymax: 0.48531986316743697

contrast: 1.61
brightness: 0.09
saturation: 0.41
gamma: 1.01
gamma_r: 1.07
gamma_g: 1.01
gamma_b: 1.0
vignette: -3
temp: 2831