tweet_id: 1704139470319026627
masto_id: 111092268487789102

n_iter: 651
ct: 158
hue_offset: 334
saturation: -0.38

num_attempts: 7
dur: 9
std: 58.78
size: 1683276 (1.61 MiB)

xmin: 0.016402842452530653
xmax: 0.01693110447049156
ymin: -0.6501675632482304
ymax: -0.6498704158631274

contrast: 0.79
brightness: 0.06
saturation: 1.71
gamma: 0.97
gamma_r: 1.04
gamma_g: 0.9
gamma_b: 1.08
vignette: -40
temp: 4170