tweet_id: 1706594171681697929
masto_id: 111130623171616375
subre_id: FAIL

newton_power: 3
newton_const: -4

n_iter: 167
ct: 149
hue_offset: 257
saturation: -0.24

num_attempts: 284
dur: 602
std: 3.93
size: 543867 (531.12 KiB)

xmin: 0.27472752140800427
xmax: 0.2834738770931355
ymin: 1.1287506762050343
ymax: 1.1336705012779207

contrast: 1.3
brightness: -0.03
saturation: 0.54
gamma: 1.05
gamma_r: 0.9
gamma_g: 0.98
gamma_b: 1.09
vignette: 13
temp: 2279