tweet_id: 1700214303532388537
masto_id: 111030937711465813

n_iter: 904
ct: 251
hue_offset: 107
saturation: 0.29

num_attempts: 74
dur: 163
std: 77.26
size: 1040591 (1016.2 KiB)

xmin: -0.0016665846229271253
xmax: -0.0007755175701314024
ymin: -0.6424283713433752
ymax: -0.6419271461261775

contrast: 1.1
brightness: 0.23
saturation: 1.38
gamma: 0.93
gamma_r: 0.95
gamma_g: 0.93
gamma_b: 0.94
vignette: -36
temp: 5055