tweet_id: 1703988876413452728
masto_id: 111089915288748261

n_iter: 819
ct: 96
hue_offset: 101
saturation: -0.53

num_attempts: 64
dur: 58
std: 167.79
size: 2045367 (1.95 MiB)

xmin: -0.6822987318742313
xmax: -0.681817789226642
ymin: -0.29924860632969896
ymax: -0.29897807609043

contrast: 1.17
brightness: -0.09
saturation: 0.37
gamma: 1.04
gamma_r: 0.99
gamma_g: 1.01
gamma_b: 1.06
vignette: 11
temp: 6435