tweet_id: 1704540738460217763
masto_id: 111098538432995715

newton_power: 7
newton_const: -9

n_iter: 87
ct: 195
hue_offset: 171
saturation: -0.75

num_attempts: 81
dur: 603
std: 28.88
size: 451865 (441.27 KiB)

xmin: 0.003792767023955257
xmax: 0.06319870761801466
ymin: 0.12451681726089081
ymax: 0.15793265884504923

contrast: 0.72
brightness: 0.17
saturation: 1.06
gamma: 1.08
gamma_r: 0.92
gamma_g: 0.92
gamma_b: 0.96
vignette: -7
temp: 3606