tweet_id: 1705446636254585277
masto_id: 111112692911445851

newton_power: 4
newton_const: -2

n_iter: 238
ct: 242
hue_offset: 79
saturation: 0.81

num_attempts: 104
dur: 603
std: 6.05
size: 490060 (478.57 KiB)

xmin: -1.356648554490376
xmax: -1.3496555474973688
ymin: 1.511168575221904
ymax: 1.5151021416554704

contrast: 1.61
brightness: 0.05
saturation: 1.56
gamma: 1.07
gamma_r: 0.97
gamma_g: 0.97
gamma_b: 0.99
vignette: 10
temp: 4607