tweet_id: 1702443855801401840
masto_id: 111065774353814470

n_iter: 209
ct: 161
hue_offset: 208
saturation: 0.17

num_attempts: 73
dur: 27
std: 25.01
size: 1814996 (1.73 MiB)

xmin: -0.606155594038222
xmax: -0.5179202999205749
ymin: -1.0036954683748247
ymax: -0.9540631154336482

contrast: 1.47
brightness: 0.1
saturation: 0.43
gamma: 0.97
gamma_r: 0.91
gamma_g: 1.0
gamma_b: 1.05
vignette: -21
temp: 4631