tweet_id: 1702003962247884800
masto_id: 111058901103861196

newton_power: 4
newton_const: 4

n_iter: 176
ct: 77
hue_offset: 306
saturation: 0.89

num_attempts: 118
dur: 601
std: 7.7
size: 845083 (825.28 KiB)

xmin: 1.4514929272753108
xmax: 1.4705405463229297
ymin: -0.0025109371729779006
ymax: 0.008203348541307814

contrast: 0.77
brightness: 0.13
saturation: 1.31
gamma: 1.01
gamma_r: 1.07
gamma_g: 1.03
gamma_b: 1.02
vignette: -12
temp: 5504