tweet_id: 1701124252043206986
masto_id: 111045155639871608

n_iter: 504
ct: 255
hue_offset: 214
saturation: 0.56

num_attempts: 328
dur: 609
std: 52.38
size: 702110 (685.65 KiB)

xmin: -0.5520634255891104
xmax: -0.5264223999480847
ymin: 0.1589443295593962
ymax: 0.17336740648247312

contrast: 1.03
brightness: -0.0
saturation: 0.96
gamma: 1.0
gamma_r: 1.0
gamma_g: 1.09
gamma_b: 0.92
vignette: -25
temp: 4857