tweet_id: 1703584703100690452
masto_id: 111083600210149327

n_iter: 369
ct: 255
hue_offset: 25
saturation: -0.5

num_attempts: 326
dur: 606
std: 61.1
size: 1133244 (1.08 MiB)

xmin: -0.20936695742953093
xmax: -0.20168941424335052
ymin: 0.9643448765993194
ymax: 0.9686634946415459

contrast: 0.99
brightness: 0.22
saturation: 1.48
gamma: 0.98
gamma_r: 0.92
gamma_g: 0.99
gamma_b: 1.05
vignette: -27
temp: 3263