tweet_id: 1701659263033303265
masto_id: 111053515287359782

n_iter: 213
ct: 234
hue_offset: 146
saturation: -0.91

num_attempts: 27
dur: 13
std: 29.11
size: 1214464 (1.16 MiB)

xmin: -0.9395366030817289
xmax: -0.18953660308172893
ymin: -1.2585654566250635
ymax: -0.8366904566250635

contrast: 1.29
brightness: 0.08
saturation: 1.42
gamma: 0.97
gamma_r: 1.07
gamma_g: 0.94
gamma_b: 1.02
vignette: -10
temp: 4689