tweet_id: 1702625297118478490
masto_id: 111068609376815078

n_iter: 329
ct: 82
hue_offset: 240
saturation: 0.13

num_attempts: 3
dur: 2
std: 28.97
size: 499685 (487.97 KiB)

xmin: -0.26697920528353336
xmax: 0.6330207947164667
ymin: -1.5478478871534191
ymax: -1.041597887153419

contrast: 1.79
brightness: -0.08
saturation: 0.96
gamma: 0.95
gamma_r: 1.01
gamma_g: 1.03
gamma_b: 1.07
vignette: -5
temp: 5485