tweet_id: 1705688243818397783
masto_id: 111116468053981797

newton_power: 5
newton_const: -5

n_iter: 225
ct: 238
hue_offset: 242
saturation: 0.51

num_attempts: 94
dur: 601
std: 12.81
size: 901701 (880.57 KiB)

xmin: 0.8209102146130594
xmax: 0.8463339434266187
ymin: 0.6135894365125791
ymax: 0.6278902839702063

contrast: 1.66
brightness: 0.03
saturation: 0.69
gamma: 0.99
gamma_r: 0.98
gamma_g: 1.07
gamma_b: 0.93
vignette: -44
temp: 7240