tweet_id: 1703634757702307881
masto_id: 111084382164266992

newton_power: 6
newton_const: -10

n_iter: 168
ct: 95
hue_offset: 254
saturation: -0.9

num_attempts: 82
dur: 603
std: 18.96
size: 574879 (561.41 KiB)

xmin: 0.15692608865604685
xmax: 0.18817608865604685
ymin: 1.8902278495727027
ymax: 1.9078059745727027

contrast: 1.04
brightness: -0.09
saturation: 0.43
gamma: 1.05
gamma_r: 1.02
gamma_g: 0.92
gamma_b: 1.05
vignette: 1
temp: 6074