tweet_id: 1704148105044574280
masto_id: 111092403420165120

newton_power: 4
newton_const: 1

n_iter: 124
ct: 195
hue_offset: 257
saturation: -0.75

num_attempts: 125
dur: 603
std: 6.82
size: 1077160 (1.03 MiB)

xmin: -2.5936495538225866
xmax: -2.587419024227571
ymin: -0.2393240889225421
ymax: -0.23581941602534584

contrast: 0.88
brightness: 0.08
saturation: 0.83
gamma: 0.91
gamma_r: 1.09
gamma_g: 1.0
gamma_b: 1.0
vignette: -43
temp: 3292