tweet_id: 1704143978030116970
masto_id: 111092338775520985

n_iter: 429
ct: 1
hue_offset: 152
saturation: 0.3

num_attempts: 283
dur: 609
std: 47.24
size: 926891 (905.17 KiB)

xmin: 0.12097121509454833
xmax: 0.13092146385076725
ymin: 1.1223475930806943
ymax: 1.1279446080060676

contrast: 1.06
brightness: 0.19
saturation: 0.65
gamma: 1.07
gamma_r: 1.03
gamma_g: 0.94
gamma_b: 1.05
vignette: 20
temp: 7822