tweet_id: 1706521215140020637
masto_id: 111129483084631139
subre_id: FAIL

n_iter: 438
ct: 71
hue_offset: 298
saturation: 0.8

num_attempts: 2
dur: 2
std: 62.47
size: 2445410 (2.33 MiB)

xmin: -0.3271922519898198
xmax: -0.2438589186564865
ymin: -0.9801422888090097
ymax: -0.9332672888090097

contrast: 1.35
brightness: 0.09
saturation: 0.79
gamma: 0.98
gamma_r: 1.02
gamma_g: 1.07
gamma_b: 1.03
vignette: 26
temp: 5209