tweet_id: 1703231318312554669
masto_id: 111078078573774660

n_iter: 326
ct: 247
hue_offset: 279
saturation: -0.67

num_attempts: 23
dur: 25
std: 50.7
size: 1320048 (1.26 MiB)

xmin: -0.9484346530798677
xmax: -0.8734346530798678
ymin: -0.6166285546557853
ymax: -0.5744410546557852

contrast: 1.01
brightness: 0.1
saturation: 0.5
gamma: 0.93
gamma_r: 1.02
gamma_g: 0.97
gamma_b: 1.01
vignette: 4
temp: 5825