tweet_id: 1703391653006848421
masto_id: 111080583821539120

n_iter: 289
ct: 1
hue_offset: 281
saturation: -0.18

num_attempts: 441
dur: 607
std: 34.82
size: 802716 (783.9 KiB)

xmin: -0.2119299225640714
xmax: -0.18853810969857432
ymin: -0.9821423849303261
ymax: -0.968984490193484

contrast: 1.32
brightness: 0.23
saturation: 0.83
gamma: 0.93
gamma_r: 1.07
gamma_g: 0.96
gamma_b: 1.04
vignette: -18
temp: 5579