tweet_id: 1704838146402472435
masto_id: 111103185279739665

n_iter: 446
ct: 39
hue_offset: 317
saturation: -0.84

num_attempts: 116
dur: 83
std: 43.54
size: 1182801 (1.13 MiB)

xmin: 0.3277828127769249
xmax: 0.32885750380325485
ymin: -0.5271456139683071
ymax: -0.5265411002659964

contrast: 0.71
brightness: -0.1
saturation: 1.48
gamma: 1.09
gamma_r: 0.93
gamma_g: 0.97
gamma_b: 1.1
vignette: 12
temp: 5626