tweet_id: 1704959180090556461
masto_id: 111105076242669289

n_iter: 507
ct: 1
hue_offset: 318
saturation: 0.6

num_attempts: 245
dur: 606
std: 55.9
size: 642859 (627.79 KiB)

xmin: 0.5478653352712262
xmax: 0.5542858810176146
ymin: 0.19864750247401064
ymax: 0.20225905945635414

contrast: 1.35
brightness: -0.01
saturation: 0.99
gamma: 1.01
gamma_r: 0.93
gamma_g: 1.03
gamma_b: 0.96
vignette: 0
temp: 6235