tweet_id: 1704350917410050216
masto_id: 111095572276511407

n_iter: 502
ct: 47
hue_offset: 355
saturation: 0.28

num_attempts: 51
dur: 36
std: 104.15
size: 857762 (837.66 KiB)

xmin: -0.03140448209440727
xmax: -0.030494563987036934
ymin: -0.7634387123326202
ymax: -0.7629268833972244

contrast: 0.8
brightness: 0.13
saturation: 1.46
gamma: 0.94
gamma_r: 1.0
gamma_g: 0.93
gamma_b: 1.05
vignette: 16
temp: 6210