tweet_id: 1700161804947624237
masto_id: 111030117567371811

newton_power: 3
newton_const: 2

n_iter: 107
ct: 44
hue_offset: 61
saturation: -0.55

num_attempts: 277
dur: 600
std: 4.65
size: 947877 (925.66 KiB)

xmin: 0.7753079993198737
xmax: 1.0253079993198737
ymin: -0.03278880453932298
ymax: 0.10783619546067702

contrast: 1.74
brightness: 0.2
saturation: 1.74
gamma: 0.95
gamma_r: 1.02
gamma_g: 1.09
gamma_b: 0.99
vignette: -39
temp: 4391