tweet_id: 1699799443313500549
masto_id: 111024455524575537

newton_power: 7
newton_const: 7

n_iter: 239
ct: 159
hue_offset: 163
saturation: -0.55

num_attempts: 61
dur: 600
std: 21.21
size: 1246348 (1.19 MiB)

xmin: -1.7024322610085374
xmax: 1.2975677389914626
ymin: -0.4985384525118315
ymax: 1.1889615474881685

contrast: 1.75
brightness: -0.08
saturation: 1.56
gamma: 0.93
gamma_r: 1.02
gamma_g: 0.95
gamma_b: 1.06
vignette: 18
temp: 7970