tweet_id: 1703846139873599701
masto_id: 111087685138957315

newton_power: 6
newton_const: -4

n_iter: 249
ct: 5
hue_offset: 343
saturation: -0.39

num_attempts: 87
dur: 602
std: 15.5
size: 993097 (969.82 KiB)

xmin: -1.0717892327865273
xmax: -1.0590773683797476
ymin: -0.540209655115435
ymax: -0.5330592313866214

contrast: 1.29
brightness: 0.16
saturation: 0.45
gamma: 1.04
gamma_r: 0.91
gamma_g: 1.02
gamma_b: 0.97
vignette: 6
temp: 2980