tweet_id: 1699497423180087446
masto_id: FAIL

newton_power: 6
newton_const: -1

n_iter: 253
ct: 246
hue_offset: 300
saturation: -0.24

num_attempts: 82
dur: 609
std: 17.96
size: 1036955 (1012.65 KiB)

xmin: 0.043276783493936044
xmax: 0.052326557249592155
ymin: 1.0023519078985657
ymax: 1.0074424056361222

contrast: 0.85
brightness: 0.01
saturation: 1.23
gamma: 1.02
gamma_r: 0.92
gamma_g: 0.95
gamma_b: 0.95
vignette: -23
temp: 3724