tweet_id: 1705257611271065725
masto_id: 111109739350433716

n_iter: 713
ct: 194
hue_offset: 302
saturation: 0.34

num_attempts: 43
dur: 29
std: 118.35
size: 1982641 (1.89 MiB)

xmin: -0.6484698983204211
xmax: -0.6472315082275418
ymin: -0.35953538534897156
ymax: -0.358838790921727

contrast: 1.77
brightness: 0.11
saturation: 0.77
gamma: 0.99
gamma_r: 0.93
gamma_g: 1.04
gamma_b: 1.0
vignette: -18
temp: 6169