tweet_id: 1702577782432411822
masto_id: 111067867030973423

newton_power: 3
newton_const: 10

n_iter: 187
ct: 51
hue_offset: 319
saturation: -0.11

num_attempts: 279
dur: 602
std: 4.11
size: 718702 (701.86 KiB)

xmin: -1.4076220496992795
xmax: -1.3870034929982487
ymin: 1.722297563505776
ymax: 1.7338955016501059

contrast: 1.55
brightness: 0.1
saturation: 0.8
gamma: 0.91
gamma_r: 0.98
gamma_g: 0.9
gamma_b: 1.05
vignette: 14
temp: 7913