tweet_id: 1702506619504939416
masto_id: 111066755171794858

n_iter: 308
ct: 50
hue_offset: 104
saturation: 0.72

num_attempts: 50
dur: 35
std: 24.23
size: 848425 (828.54 KiB)

xmin: -2.0081027332682586
xmax: 0.2418972667317414
ymin: -1.5045226332140196
ymax: -0.23889763321401958

contrast: 0.82
brightness: -0.0
saturation: 1.24
gamma: 1.07
gamma_r: 0.93
gamma_g: 0.94
gamma_b: 0.92
vignette: 18
temp: 4324