tweet_id: 1700735610208555389
masto_id: 111039083026128922

newton_power: 6
newton_const: 1

n_iter: 68
ct: 133
hue_offset: 317
saturation: 0.23

num_attempts: 91
dur: 600
std: 11.49
size: 696664 (680.34 KiB)

xmin: 0.5422278549681923
xmax: 0.5568620013096557
ymin: 0.7314822904050189
ymax: 0.739713997722092

contrast: 1.66
brightness: 0.17
saturation: 0.29
gamma: 1.09
gamma_r: 1.01
gamma_g: 1.0
gamma_b: 0.98
vignette: 29
temp: 5035