tweet_id: 1705162190620172360
masto_id: 111108248436334065

n_iter: 312
ct: 92
hue_offset: 157
saturation: 0.01

num_attempts: 58
dur: 35
std: 21.49
size: 858657 (838.53 KiB)

xmin: -0.3339430804592065
xmax: -0.2563568735626548
ymin: -1.1004316642834007
ymax: -1.0567894229040904

contrast: 0.82
brightness: 0.03
saturation: 1.28
gamma: 1.05
gamma_r: 1.06
gamma_g: 0.93
gamma_b: 1.03
vignette: 17
temp: 7480