tweet_id: 1700278303616094299
masto_id: 111031937543458474

n_iter: 579
ct: 1
hue_offset: 148
saturation: 1.0

num_attempts: 213
dur: 610
std: 66.2
size: 297349 (290.38 KiB)

xmin: -0.3750583949861608
xmax: -0.3706336162250988
ymin: 0.6636321820108342
ymax: 0.6661211200639315

contrast: 1.66
brightness: 0.11
saturation: 0.42
gamma: 0.96
gamma_r: 1.04
gamma_g: 0.93
gamma_b: 1.01
vignette: 30
temp: 5841