tweet_id: 1706254006769815730
masto_id: 111125307984135786
subre_id: FAIL

n_iter: 498
ct: 225
hue_offset: 274
saturation: 0.14

num_attempts: 9
dur: 8
std: 36.82
size: 609480 (595.2 KiB)

xmin: -0.7373679721348894
xmax: -0.735821779633923
ymin: -0.23598412249550693
ymax: -0.23511438921371336

contrast: 1.57
brightness: -0.08
saturation: 0.81
gamma: 1.02
gamma_r: 1.06
gamma_g: 0.98
gamma_b: 1.07
vignette: -2
temp: 6457