tweet_id: 1703785702779990508
masto_id: 111086740810223717

newton_power: 5
newton_const: -10

n_iter: 172
ct: 176
hue_offset: 81
saturation: -0.22

num_attempts: 114
dur: 605
std: 10.51
size: 1106534 (1.06 MiB)

xmin: 1.3727245652842406
xmax: 1.544153136712812
ymin: -0.8656247503765928
ymax: -0.7691961789480214

contrast: 1.67
brightness: -0.0
saturation: 1.32
gamma: 0.92
gamma_r: 1.06
gamma_g: 0.93
gamma_b: 1.1
vignette: -40
temp: 4673