tweet_id: 1705342937947660492
masto_id: 111111072529792281

n_iter: 234
ct: 147
hue_offset: 114
saturation: 0.43

num_attempts: 16
dur: 4
std: 35.92
size: 1990176 (1.9 MiB)

xmin: -0.9988054568826972
xmax: -0.35594831402555427
ymin: -1.0094130706875284
ymax: -0.6478059278303855

contrast: 0.81
brightness: 0.12
saturation: 1.61
gamma: 1.06
gamma_r: 1.0
gamma_g: 1.07
gamma_b: 0.94
vignette: -45
temp: 4729