tweet_id: 1702237320232022038
masto_id: 111062547333315426

n_iter: 447
ct: 22
hue_offset: 174
saturation: 0.59

num_attempts: 82
dur: 90
std: 24.92
size: 1476973 (1.41 MiB)

xmin: 0.23013340781404112
xmax: 0.230999208679842
ymin: -0.5593485003637336
ymax: -0.5588614873767206

contrast: 1.47
brightness: -0.02
saturation: 1.43
gamma: 1.03
gamma_r: 0.99
gamma_g: 1.05
gamma_b: 0.92
vignette: -37
temp: 5536