tweet_id: 1700028692548722966
masto_id: 111028037529793763

n_iter: 141
ct: 108
hue_offset: 33
saturation: -0.71

num_attempts: 39
dur: 17
std: 24.6
size: 1999114 (1.91 MiB)

xmin: -0.2337499533587133
xmax: -0.1863815323060817
ymin: -1.05623721916979
ymax: -1.0295924823276847

contrast: 1.79
brightness: 0.01
saturation: 1.3
gamma: 1.06
gamma_r: 1.01
gamma_g: 0.98
gamma_b: 1.04
vignette: -33
temp: 6059