tweet_id: 1704419961102577839
masto_id: 111096651039706644

newton_power: 5
newton_const: 8

n_iter: 192
ct: 69
hue_offset: 6
saturation: 0.01

num_attempts: 92
dur: 602
std: 11.69
size: 819483 (800.28 KiB)

xmin: -2.073769927549138
xmax: -2.063206547267448
ymin: -1.9385195661908352
ymax: -1.9325776647823845

contrast: 0.97
brightness: 0.06
saturation: 1.44
gamma: 1.09
gamma_r: 1.01
gamma_g: 1.05
gamma_b: 1.05
vignette: 18
temp: 6407