tweet_id: 1705588511154348377
masto_id: FAIL

n_iter: 455
ct: 185
hue_offset: 223
saturation: -0.91

num_attempts: 137
dur: 112
std: 42.24
size: 612209 (597.86 KiB)

xmin: -0.725540032281534
xmax: -0.7250312558887586
ymin: -0.18764930995731366
ymax: -0.18736312323637752

contrast: 1.45
brightness: -0.09
saturation: 1.22
gamma: 0.95
gamma_r: 1.05
gamma_g: 0.9
gamma_b: 0.95
vignette: -9
temp: 7303