tweet_id: 1700826152796049409
masto_id: 111040497855267910

newton_power: 6
newton_const: 9

n_iter: 73
ct: 118
hue_offset: 157
saturation: -0.14

num_attempts: 97
dur: 601
std: 20.79
size: 635685 (620.79 KiB)

xmin: -1.3087012311779518
xmax: -1.3004024759912298
ymin: 1.8724181583639794
ymax: 1.8770862081565105

contrast: 1.13
brightness: 0.03
saturation: 0.6
gamma: 0.95
gamma_r: 0.98
gamma_g: 0.91
gamma_b: 1.1
vignette: -43
temp: 2296