tweet_id: 1705412179523154092
masto_id: 111112154438313493

n_iter: 284
ct: 1
hue_offset: 226
saturation: -0.83

num_attempts: 417
dur: 603
std: 38.83
size: 888532 (867.71 KiB)

xmin: 0.5511617811860918
xmax: 0.561418191442502
ymin: 0.3739711289711787
ymax: 0.37974035974040943

contrast: 1.64
brightness: -0.03
saturation: 1.01
gamma: 0.99
gamma_r: 0.91
gamma_g: 0.98
gamma_b: 0.91
vignette: 15
temp: 7275