tweet_id: 1700126534961340478
masto_id: 111029566274808281

n_iter: 712
ct: 26
hue_offset: 105
saturation: -0.42

num_attempts: 42
dur: 69
std: 89.86
size: 1310988 (1.25 MiB)

xmin: -0.8355314636843707
xmax: -0.8337599844992511
ymin: 0.19523777953412447
ymax: 0.19623423657575423

contrast: 1.44
brightness: -0.06
saturation: 1.61
gamma: 1.07
gamma_r: 0.96
gamma_g: 1.01
gamma_b: 0.9
vignette: 4
temp: 4792