tweet_id: 1700796001919852837
masto_id: 111040026704690587

newton_power: 6
newton_const: -5

n_iter: 247
ct: 46
hue_offset: 24
saturation: -0.41

num_attempts: 80
dur: 600
std: 12.27
size: 1341207 (1.28 MiB)

xmin: -0.14571729565688596
xmax: -0.12565040602477895
ymin: 0.11738396480528923
ymax: 0.12867159022334942

contrast: 1.59
brightness: 0.22
saturation: 0.91
gamma: 1.03
gamma_r: 1.05
gamma_g: 0.97
gamma_b: 1.05
vignette: -37
temp: 4954