tweet_id: 1703872026652389480
masto_id: 111088089653023419

n_iter: 491
ct: 1
hue_offset: 181
saturation: -0.66

num_attempts: 272
dur: 605
std: 12.48
size: 1050591 (1.0 MiB)

xmin: 0.25879863695039695
xmax: 0.290798636950397
ymin: -1.090516454045587
ymax: -1.072516454045587

contrast: 1.05
brightness: 0.21
saturation: 0.42
gamma: 1.08
gamma_r: 0.98
gamma_g: 1.0
gamma_b: 0.91
vignette: -34
temp: 7783