tweet_id: 1705379618025533685
masto_id: FAIL

n_iter: 136
ct: 23
hue_offset: 146
saturation: 0.57

num_attempts: 11
dur: 4
std: 22.39
size: 1305718 (1.25 MiB)

xmin: 0.11890527441912946
xmax: 0.22355643720982715
ymin: -1.1584584130110773
ymax: -1.09959213394131

contrast: 1.44
brightness: 0.11
saturation: 1.14
gamma: 0.96
gamma_r: 1.03
gamma_g: 0.94
gamma_b: 0.91
vignette: -6
temp: 7818