tweet_id: 1704537551371895129
masto_id: 111098488434434906

n_iter: 265
ct: 255
hue_offset: 311
saturation: -0.07

num_attempts: 508
dur: 600
std: 51.15
size: 970193 (947.45 KiB)

xmin: -0.2958850138687288
xmax: -0.29174850921516104
ymin: -0.6948916225383719
ymax: -0.69256483867074

contrast: 1.33
brightness: 0.16
saturation: 0.79
gamma: 0.97
gamma_r: 0.99
gamma_g: 1.0
gamma_b: 1.08
vignette: -11
temp: 5724