tweet_id: 1702867883033075854
masto_id: 111072399828509214

n_iter: 473
ct: 67
hue_offset: 197
saturation: 0.56

num_attempts: 4
dur: 8
std: 32.79
size: 606968 (592.74 KiB)

xmin: -2.2880915352095776
xmax: -0.03809153520957764
ymin: -1.1660773592266143
ymax: 0.09954764077338574

contrast: 1.56
brightness: 0.14
saturation: 1.2
gamma: 0.91
gamma_r: 0.93
gamma_g: 0.95
gamma_b: 1.0
vignette: -6
temp: 5231