tweet_id: 1699558025638621203
masto_id: 111020683384652960

newton_power: 6
newton_const: -7

n_iter: 202
ct: 107
hue_offset: 176
saturation: 0.37

num_attempts: 81
dur: 638
std: 15.44
size: 938432 (916.44 KiB)

xmin: 0.2512862182558031
xmax: 0.2617757287453136
ymin: -0.23309534987200342
ymax: -0.22719500022165376

contrast: 1.06
brightness: 0.04
saturation: 0.52
gamma: 0.91
gamma_r: 1.1
gamma_g: 1.0
gamma_b: 1.04
vignette: 7
temp: 3628