tweet_id: 1706067543121969337
masto_id: 111122394488219860
subre_id: /r/hourly_fractals/comments/16rabbv/let_this_burning_ship_inspire_your_sunday/

n_iter: 259
ct: 247
hue_offset: 33
saturation: -0.81

num_attempts: 13
dur: 4
std: 29.07
size: 1453469 (1.39 MiB)

xmin: -0.775963187461544
xmax: -0.5714177329160894
ymin: -1.0060140866826612
ymax: -0.890957268500843

contrast: 1.65
brightness: -0.08
saturation: 0.83
gamma: 1.07
gamma_r: 1.04
gamma_g: 1.04
gamma_b: 1.06
vignette: -4
temp: 5476