tweet_id: 1701781469104927181
masto_id: 111055424544488604

n_iter: 282
ct: 154
hue_offset: 267
saturation: -0.39

num_attempts: 40
dur: 22
std: 47.49
size: 1671810 (1.59 MiB)

xmin: -0.7147860618716735
xmax: -0.36863221571782734
ymin: -0.9353471454934017
ymax: -0.7406356070318633

contrast: 1.67
brightness: 0.08
saturation: 1.62
gamma: 0.96
gamma_r: 1.08
gamma_g: 1.06
gamma_b: 0.95
vignette: -45
temp: 2820