tweet_id: 1706130442250854604
masto_id: 111123377229895380
subre_id: /r/hourly_fractals/comments/16rfsjw/smile_nature_art/

n_iter: 418
ct: 67
hue_offset: 303
saturation: -0.82

num_attempts: 11
dur: 14
std: 28.05
size: 413744 (404.05 KiB)

xmin: -1.3004358651396282
xmax: 0.9495641348603718
ymin: -1.0173669418646758
ymax: 0.2482580581353242

contrast: 1.76
brightness: -0.01
saturation: 0.52
gamma: 1.1
gamma_r: 1.01
gamma_g: 0.95
gamma_b: 0.9
vignette: 3
temp: 2211