tweet_id: 1700541588051497450
masto_id: 111036051436528941

n_iter: 212
ct: 232
hue_offset: 243
saturation: -0.36

num_attempts: 40
dur: 18
std: 33.42
size: 1552383 (1.48 MiB)

xmin: -0.9313629020356089
xmax: -0.8713629020356088
ymin: -0.638191320075854
ymax: -0.604441320075854

contrast: 0.97
brightness: -0.06
saturation: 1.28
gamma: 0.95
gamma_r: 1.06
gamma_g: 0.99
gamma_b: 1.07
vignette: -5
temp: 4838