tweet_id: 1701932176772674018
masto_id: 111057779350792752

n_iter: 333
ct: 168
hue_offset: 194
saturation: 0.65

num_attempts: 1
dur: 0
std: 28.4
size: 1998890 (1.91 MiB)

xmin: -0.6084994671206174
xmax: -0.5625810997736787
ymin: -0.9744099886339155
ymax: -0.9485809070012624

contrast: 0.99
brightness: 0.23
saturation: 0.27
gamma: 0.96
gamma_r: 1.05
gamma_g: 1.09
gamma_b: 0.94
vignette: -42
temp: 3646