tweet_id: 1705756024529969315
masto_id: 111117527052332277

n_iter: 372
ct: 192
hue_offset: 342
saturation: 0.74

num_attempts: 7
dur: 6
std: 50.75
size: 1358328 (1.3 MiB)

xmin: 0.19861904945753883
xmax: 0.1994839143224037
ymin: -0.5541446651885816
ymax: -0.5536581787020951

contrast: 0.87
brightness: 0.02
saturation: 0.36
gamma: 0.95
gamma_r: 0.92
gamma_g: 0.99
gamma_b: 0.96
vignette: -34
temp: 6269