tweet_id: 1702694266634371459
masto_id: 111069687031043530

n_iter: 347
ct: 255
hue_offset: 113
saturation: -0.6

num_attempts: 337
dur: 607
std: 37.3
size: 963508 (940.93 KiB)

xmin: 0.5663836665967739
xmax: 0.5859915097340288
ymin: -0.6204236186076173
ymax: -0.6093942068429115

contrast: 1.27
brightness: 0.04
saturation: 1.12
gamma: 0.99
gamma_r: 0.99
gamma_g: 1.0
gamma_b: 0.98
vignette: -23
temp: 6938