tweet_id: 1701793587929678047
masto_id: 111055613962545759

newton_power: 5
newton_const: 0

n_iter: 150
ct: 134
hue_offset: 120
saturation: -0.68

num_attempts: 107
dur: 850
std: 0.85
size: 256971 (250.95 KiB)

xmin: -0.08871433790962602
xmax: -0.010792259987548097
ymin: 0.011949013609947823
ymax: 0.055780182441116655

contrast: 1.78
brightness: 0.12
saturation: 1.63
gamma: 0.99
gamma_r: 0.99
gamma_g: 0.97
gamma_b: 0.92
vignette: -13
temp: 5686