tweet_id: 1705879149464658300
masto_id: 111119450877138122
subre_id: /r/hourly_fractals/comments/16qtitp/ever_heard_of_this_burning_ship_digitalart_math/

n_iter: 446
ct: 224
hue_offset: 94
saturation: -0.92

num_attempts: 36
dur: 23
std: 75.93
size: 1404198 (1.34 MiB)

xmin: 0.5728023383130143
xmax: 0.6825584358739899
ymin: -1.2056974677710108
ymax: -1.143959662892962

contrast: 1.15
brightness: 0.08
saturation: 1.53
gamma: 0.92
gamma_r: 1.02
gamma_g: 0.96
gamma_b: 0.96
vignette: 27
temp: 2849