tweet_id: 1706771063185559671
masto_id: 111133386964515425
subre_id: FAIL

n_iter: 325
ct: 1
hue_offset: 81
saturation: -0.69

num_attempts: 434
dur: 600
std: 60.49
size: 1449430 (1.38 MiB)

xmin: -0.5499313631330953
xmax: -0.5450473582490905
ymin: -0.22950848523472045
ymax: -0.2267612324874677

contrast: 0.88
brightness: -0.09
saturation: 1.18
gamma: 1.0
gamma_r: 1.06
gamma_g: 0.96
gamma_b: 1.02
vignette: 12
temp: 7024