tweet_id: 1704588299661107450
masto_id: 111099281318542514

n_iter: 322
ct: 52
hue_offset: 315
saturation: 0.13

num_attempts: 26
dur: 28
std: 43.15
size: 1053956 (1.01 MiB)

xmin: -1.151377670994227
xmax: -0.40137767099422694
ymin: -1.0128436699992744
ymax: -0.5909686699992744

contrast: 0.97
brightness: -0.07
saturation: 0.81
gamma: 1.09
gamma_r: 1.02
gamma_g: 0.97
gamma_b: 0.99
vignette: 0
temp: 6721