tweet_id: 1702965991221649507
masto_id: 111073932742559712

n_iter: 588
ct: 255
hue_offset: 314
saturation: 0.08

num_attempts: 323
dur: 600
std: 61.37
size: 290081 (283.28 KiB)

xmin: -0.2881567828490328
xmax: -0.2672143744720694
ymin: -0.7029926469391599
ymax: -0.6912125422271179

contrast: 0.7
brightness: 0.09
saturation: 0.44
gamma: 1.04
gamma_r: 0.92
gamma_g: 0.95
gamma_b: 1.01
vignette: 2
temp: 2164