tweet_id: 1700002256324854215
masto_id: 111027624448257074

n_iter: 573
ct: 136
hue_offset: 202
saturation: 0.41

num_attempts: 55
dur: 53
std: 65.63
size: 1141869 (1.09 MiB)

xmin: 0.1360422095982483
xmax: 0.1365248350808738
ymin: -0.6320555871704991
ymax: -0.6317841103365223

contrast: 0.83
brightness: 0.03
saturation: 0.34
gamma: 0.91
gamma_r: 1.03
gamma_g: 0.99
gamma_b: 0.95
vignette: 5
temp: 2462