tweet_id: 1703032046388457500
masto_id: 111074964906785765

newton_power: 7
newton_const: 5

n_iter: 199
ct: 232
hue_offset: 339
saturation: -0.51

num_attempts: 85
dur: 600
std: 19.44
size: 1201920 (1.15 MiB)

xmin: 0.5693311732920048
xmax: 0.5910703037267874
ymin: -0.4979577690914414
ymax: -0.4857295082218762

contrast: 0.81
brightness: -0.08
saturation: 1.28
gamma: 1.02
gamma_r: 0.9
gamma_g: 1.0
gamma_b: 0.96
vignette: -23
temp: 6270