tweet_id: 1703568093174251967
masto_id: 111083340544416262

n_iter: 502
ct: 127
hue_offset: 348
saturation: 0.31

num_attempts: 4
dur: 2
std: 65.94
size: 608421 (594.16 KiB)

xmin: -1.5449586781578535
xmax: -1.4449586781578534
ymin: -0.16603058200283893
ymax: -0.10978058200283894

contrast: 0.92
brightness: 0.2
saturation: 0.81
gamma: 1.03
gamma_r: 1.02
gamma_g: 1.01
gamma_b: 1.08
vignette: 1
temp: 3626