tweet_id: 1702211443322409054
masto_id: 111062143006678274

n_iter: 264
ct: 255
hue_offset: 91
saturation: 0.75

num_attempts: 613
dur: 605
std: 48.99
size: 808660 (789.71 KiB)

xmin: -0.08473737720341545
xmax: -0.08050008906782223
ymin: 0.7855249843587151
ymax: 0.7879084589349863

contrast: 1.19
brightness: 0.16
saturation: 0.76
gamma: 0.96
gamma_r: 0.96
gamma_g: 1.08
gamma_b: 1.07
vignette: 26
temp: 6362