tweet_id: 1702656877237014622
masto_id: 111069102780244229

n_iter: 128
ct: 13
hue_offset: 160
saturation: 0.18

num_attempts: 22
dur: 13
std: 21.97
size: 455225 (444.56 KiB)

xmin: 0.02840223761633398
xmax: 0.0998308090449054
ymin: 0.3174648034955494
ymax: 0.3576433749241208

contrast: 1.63
brightness: -0.07
saturation: 1.05
gamma: 0.98
gamma_r: 1.05
gamma_g: 1.03
gamma_b: 1.06
vignette: -32
temp: 7928