tweet_id: 1700071252071747594
masto_id: 111028702501731539

newton_power: 4
newton_const: -1

n_iter: 242
ct: 60
hue_offset: 213
saturation: 0.25

num_attempts: 127
dur: 601
std: 7.73
size: 898294 (877.24 KiB)

xmin: 1.203831124495487
xmax: 1.2271774279974323
ymin: 1.4917105150756953
ymax: 1.5048428107955396

contrast: 1.67
brightness: -0.07
saturation: 1.12
gamma: 0.95
gamma_r: 1.01
gamma_g: 1.0
gamma_b: 0.94
vignette: -45
temp: 3907