tweet_id: 1702413836504981912
masto_id: 111065305360649231

n_iter: 151
ct: 161
hue_offset: 253
saturation: -0.03

num_attempts: 10
dur: 3
std: 23.19
size: 1235228 (1.18 MiB)

xmin: -0.3989160665720095
xmax: -0.34719192864097503
ymin: -1.052288496389472
ymax: -1.0231936688032652

contrast: 1.39
brightness: 0.07
saturation: 0.91
gamma: 1.03
gamma_r: 1.0
gamma_g: 0.98
gamma_b: 0.94
vignette: -8
temp: 4357