tweet_id: 1706643237723869572
masto_id: 111131389755949517
subre_id: FAIL

n_iter: 163
ct: 82
hue_offset: 78
saturation: -0.23

num_attempts: 7
dur: 3
std: 25.04
size: 1513623 (1.44 MiB)

xmin: 0.0021771892798962966
xmax: 0.21646290356561057
ymin: -1.2184952647759868
ymax: -1.0979595504902726

contrast: 0.96
brightness: 0.07
saturation: 1.59
gamma: 1.05
gamma_r: 1.0
gamma_g: 1.02
gamma_b: 0.91
vignette: -21
temp: 4477