tweet_id: 1703534986685530275
masto_id: 111082823371197975

n_iter: 557
ct: 1
hue_offset: 137
saturation: -0.68

num_attempts: 18
dur: 39
std: 72.27
size: 1798152 (1.71 MiB)

xmin: 0.1004862180215973
xmax: 0.10093999000117755
ymin: 0.6151622467401432
ymax: 0.615417493478657

contrast: 1.4
brightness: 0.22
saturation: 1.51
gamma: 1.09
gamma_r: 0.98
gamma_g: 1.0
gamma_b: 1.1
vignette: -48
temp: 6147