tweet_id: 1699401810245480473
masto_id: 111018242498256010

n_iter: 227
ct: 106
hue_offset: 287
saturation: -0.16

num_attempts: 11
dur: 6
std: 80.73
size: 387276 (378.2 KiB)

xmin: 0.3580688305521731
xmax: 0.35857235522488207
ymin: 0.32427254432252006
ymax: 0.32455577695091886

contrast: 0.93
brightness: 0.07
saturation: 1.72
gamma: 1.08
gamma_r: 0.96
gamma_g: 0.98
gamma_b: 0.95
vignette: 29
temp: 4855