tweet_id: 1701146212907258013
masto_id: 111045498644865069

n_iter: 329
ct: 195
hue_offset: 53
saturation: 0.49

num_attempts: 38
dur: 23
std: 54.8
size: 1409228 (1.34 MiB)

xmin: -0.7998872895141866
xmax: -0.34988728951418663
ymin: -0.9234542128451764
ymax: -0.6703292128451763

contrast: 1.66
brightness: 0.15
saturation: 0.58
gamma: 1.0
gamma_r: 0.96
gamma_g: 1.09
gamma_b: 0.92
vignette: 23
temp: 6464