tweet_id: 1702480945243173129
masto_id: 111066353908744863

n_iter: 210
ct: 209
hue_offset: 317
saturation: 0.92

num_attempts: 48
dur: 19
std: 25.8
size: 985714 (962.61 KiB)

xmin: 0.417128189952948
xmax: 0.979628189952948
ymin: -1.4002122103283554
ymax: -1.0838059603283554

contrast: 0.99
brightness: -0.09
saturation: 0.54
gamma: 0.97
gamma_r: 0.96
gamma_g: 0.94
gamma_b: 0.95
vignette: 21
temp: 3380