tweet_id: 1701852909523079605
masto_id: 111056540861686285

newton_power: 7
newton_const: 1

n_iter: 178
ct: 155
hue_offset: 314
saturation: -0.33

num_attempts: 92
dur: 601
std: 24.7
size: 1270389 (1.21 MiB)

xmin: -0.33323596115427456
xmax: -0.2609468045277685
ymin: 1.3987472161677394
ymax: 1.4394098667701491

contrast: 1.54
brightness: 0.04
saturation: 0.88
gamma: 0.97
gamma_r: 1.0
gamma_g: 0.92
gamma_b: 0.92
vignette: -19
temp: 7396