tweet_id: 1703177360269262994
masto_id: 111077235318351999

n_iter: 588
ct: 255
hue_offset: 48
saturation: 0.42

num_attempts: 283
dur: 606
std: 80.02
size: 465068 (454.17 KiB)

xmin: 0.1791269418420569
xmax: 0.1833154235174496
ymin: -1.1255233809198817
ymax: -1.1231673599774734

contrast: 1.42
brightness: -0.04
saturation: 1.12
gamma: 1.08
gamma_r: 0.99
gamma_g: 1.01
gamma_b: 0.91
vignette: 1
temp: 2216