tweet_id: 1703323563669979201
masto_id: FAIL

n_iter: 737
ct: 120
hue_offset: 115
saturation: 0.39

num_attempts: 3
dur: 6
std: 133.36
size: 900840 (879.73 KiB)

xmin: 0.39174783013822045
xmax: 0.39498932122411995
ymin: 0.22923695250877674
ymax: 0.2310602912445952

contrast: 0.82
brightness: 0.21
saturation: 0.83
gamma: 0.93
gamma_r: 1.04
gamma_g: 0.99
gamma_b: 0.9
vignette: -4
temp: 5243