tweet_id: 1700343030710927516
masto_id: 111032949076015047

newton_power: 6
newton_const: 4

n_iter: 240
ct: 50
hue_offset: 194
saturation: 0.49

num_attempts: 103
dur: 603
std: 16.73
size: 1063253 (1.01 MiB)

xmin: 2.53134252979243
xmax: 2.539938518331112
ymin: -0.1515525292847566
ymax: -0.146717285731748

contrast: 0.73
brightness: 0.19
saturation: 0.58
gamma: 0.98
gamma_r: 1.02
gamma_g: 1.02
gamma_b: 0.94
vignette: 31
temp: 7815