tweet_id: 1703842073978315117
masto_id: 111087621543015071

n_iter: 498
ct: 1
hue_offset: 120
saturation: -0.65

num_attempts: 250
dur: 604
std: 82.34
size: 1335592 (1.27 MiB)

xmin: 0.10048409759602439
xmax: 0.10659096782503202
ymin: -0.7680713648262505
ymax: -0.7646362503224337

contrast: 1.3
brightness: -0.02
saturation: 0.34
gamma: 0.91
gamma_r: 0.92
gamma_g: 1.09
gamma_b: 0.91
vignette: 7
temp: 5723