tweet_id: 1703530841064755632
masto_id: 111082758606606027

n_iter: 456
ct: 76
hue_offset: 63
saturation: 0.15

num_attempts: 5
dur: 2
std: 21.54
size: 640758 (625.74 KiB)

xmin: 0.21374417367878618
xmax: 1.7137441736787862
ymin: -1.270807427636783
ymax: -0.4270574276367829

contrast: 1.29
brightness: -0.02
saturation: 0.94
gamma: 1.04
gamma_r: 0.9
gamma_g: 0.95
gamma_b: 0.92
vignette: -28
temp: 4015