tweet_id: 1699911229714694340
masto_id: 111026202376928194

n_iter: 588
ct: 29
hue_offset: 124
saturation: -0.96

num_attempts: 1
dur: 1
std: 41.36
size: 1796122 (1.71 MiB)

xmin: -0.6905220477572698
xmax: -0.6897914541499638
ymin: -0.3554292647815185
ymax: -0.3550183058774089

contrast: 0.89
brightness: 0.08
saturation: 1.34
gamma: 1.08
gamma_r: 0.92
gamma_g: 1.03
gamma_b: 0.99
vignette: -21
temp: 6459