tweet_id: 1703358544152600690
masto_id: 111080066357400054

n_iter: 283
ct: 1
hue_offset: 294
saturation: -0.15

num_attempts: 432
dur: 606
std: 46.24
size: 788557 (770.08 KiB)

xmin: -0.551522240514047
xmax: -0.5374377334717935
ymin: -0.2224750477182882
ymax: -0.2145525125070206

contrast: 1.34
brightness: 0.02
saturation: 0.56
gamma: 0.95
gamma_r: 0.95
gamma_g: 0.91
gamma_b: 0.99
vignette: -18
temp: 2864