tweet_id: 1703757870263566582
masto_id: 111086305875223401

newton_power: 4
newton_const: 9

n_iter: 189
ct: 100
hue_offset: 262
saturation: 0.32

num_attempts: 118
dur: 605
std: 6.4
size: 401092 (391.69 KiB)

xmin: -2.5225113557476795
xmax: -2.497819997722988
ymin: 0.3041632787042854
ymax: 0.3180521675931743

contrast: 1.3
brightness: 0.2
saturation: 1.73
gamma: 0.9
gamma_r: 1.05
gamma_g: 1.08
gamma_b: 1.04
vignette: 28
temp: 3966