tweet_id: 1699708958817091956
masto_id: 111023041726168497

newton_power: 4
newton_const: 9

n_iter: 140
ct: 180
hue_offset: 24
saturation: -0.52

num_attempts: 129
dur: 616
std: 7.28
size: 990981 (967.75 KiB)

xmin: 0.30170582811205104
xmax: 0.34117951232257737
ymin: 0.5871436610840948
ymax: 0.6093476084525158

contrast: 0.92
brightness: -0.07
saturation: 1.64
gamma: 1.06
gamma_r: 0.99
gamma_g: 0.93
gamma_b: 0.92
vignette: -39
temp: 3940