tweet_id: 1699618170699407696
masto_id: 111021623213113019

newton_power: 3
newton_const: 6

n_iter: 77
ct: 239
hue_offset: 86
saturation: 0.45

num_attempts: 252
dur: 601
std: 3.98
size: 700933 (684.5 KiB)

xmin: -0.7245384280797138
xmax: -0.7181554493563096
ymin: -1.2989508757361095
ymax: -1.2953604502041947

contrast: 1.76
brightness: 0.09
saturation: 1.15
gamma: 1.03
gamma_r: 0.97
gamma_g: 0.99
gamma_b: 0.94
vignette: -17
temp: 2782