tweet_id: 1703234105259987315
masto_id: 111078121982421343

n_iter: 948
ct: 134
hue_offset: 8
saturation: 0.5

num_attempts: 18
dur: 41
std: 138.41
size: 714880 (698.12 KiB)

xmin: -0.696075348984746
xmax: -0.6794086823180793
ymin: -0.29070735761431554
ymax: -0.2813323576143155

contrast: 1.39
brightness: 0.06
saturation: 1.5
gamma: 0.93
gamma_r: 1.04
gamma_g: 1.02
gamma_b: 0.91
vignette: 22
temp: 2824