tweet_id: 1704377496609718466
masto_id: 111095987554208291

n_iter: 414
ct: 44
hue_offset: 14
saturation: 0.09

num_attempts: 51
dur: 31
std: 23.78
size: 595301 (581.35 KiB)

xmin: -0.5340408592220371
xmax: 1.7159591407779629
ymin: -1.3158262105989824
ymax: -0.050201210598982415

contrast: 1.13
brightness: -0.03
saturation: 0.74
gamma: 0.92
gamma_r: 1.03
gamma_g: 0.9
gamma_b: 1.05
vignette: -12
temp: 5635