tweet_id: 1703237792266883520
masto_id: 111078179586809414

n_iter: 466
ct: 1
hue_offset: 228
saturation: -0.85

num_attempts: 407
dur: 608
std: 82.92
size: 1292608 (1.23 MiB)

xmin: -0.4450693115941775
xmax: -0.4391080597312863
ymin: 0.5676351542206053
ymax: 0.5709883583934816

contrast: 1.73
brightness: 0.02
saturation: 1.3
gamma: 1.05
gamma_r: 1.01
gamma_g: 0.98
gamma_b: 0.93
vignette: 31
temp: 7337