tweet_id: 1699372604409201090
masto_id: 111017786081146426

n_iter: 636
ct: 1
hue_offset: 331
saturation: -0.14

num_attempts: 282
dur: 602
std: 63.09
size: 737206 (719.93 KiB)

xmin: 0.1545747381302376
xmax: 0.15875010347470522
ymin: 0.829357412185646
ymax: 0.831706055191909

contrast: 0.81
brightness: 0.06
saturation: 1.59
gamma: 0.99
gamma_r: 1.1
gamma_g: 1.05
gamma_b: 1.06
vignette: -2
temp: 3654