tweet_id: 1705895280036503748
masto_id: 111119702866887944
subre_id: /r/hourly_fractals/comments/16qula0/today_is_awesome_mathematics_ai/

n_iter: 294
ct: 255
hue_offset: 31
saturation: -0.33

num_attempts: 450
dur: 605
std: 45.99
size: 983392 (960.34 KiB)

xmin: 0.18743875506595176
xmax: 0.19785542173261841
ymin: -0.8633993396629767
ymax: -0.8575399646629767

contrast: 1.79
brightness: 0.1
saturation: 1.11
gamma: 1.03
gamma_r: 0.97
gamma_g: 1.04
gamma_b: 1.03
vignette: 17
temp: 3137