tweet_id: 1701689148640469224
masto_id: 111053982147426610

n_iter: 374
ct: 136
hue_offset: 272
saturation: 0.21

num_attempts: 8
dur: 7
std: 56.47
size: 1512599 (1.44 MiB)

xmin: -1.4511019318795648
xmax: -1.1511019318795648
ymin: -0.3981462579950841
ymax: -0.2293962579950841

contrast: 1.32
brightness: 0.15
saturation: 0.41
gamma: 0.94
gamma_r: 1.07
gamma_g: 1.08
gamma_b: 0.92
vignette: -17
temp: 6707