tweet_id: 1699907064384954384
masto_id: 111026136976740961

n_iter: 251
ct: 36
hue_offset: 244
saturation: -0.58

num_attempts: 9
dur: 5
std: 33.29
size: 2001946 (1.91 MiB)

xmin: -0.8362590076213137
xmax: -0.78512264398495
ymin: -0.8955432338079607
ymax: -0.8667790292625062

contrast: 0.91
brightness: -0.01
saturation: 0.89
gamma: 1.06
gamma_r: 1.0
gamma_g: 0.99
gamma_b: 1.03
vignette: -46
temp: 4611