tweet_id: 1705222198531899883
masto_id: 111109186091337745

n_iter: 275
ct: 141
hue_offset: 24
saturation: 0.52

num_attempts: 8
dur: 6
std: 42.96
size: 1361860 (1.3 MiB)

xmin: 0.5394914715473953
xmax: 0.6313282062412728
ymin: -1.1397213632035448
ymax: -1.0880631999382386

contrast: 0.81
brightness: 0.05
saturation: 0.47
gamma: 0.91
gamma_r: 1.04
gamma_g: 0.97
gamma_b: 0.95
vignette: 26
temp: 4247