tweet_id: 1699890061536297443
masto_id: 111025871312596543

newton_power: 5
newton_const: 4

n_iter: 116
ct: 57
hue_offset: 322
saturation: 0.08

num_attempts: 104
dur: 604
std: 10.46
size: 633417 (618.57 KiB)

xmin: -1.1421341313406683
xmax: -1.1068400136936094
ymin: 0.5721454756982371
ymax: 0.5919984168747078

contrast: 1.72
brightness: 0.15
saturation: 0.79
gamma: 1.1
gamma_r: 0.98
gamma_g: 1.03
gamma_b: 1.02
vignette: -5
temp: 3749