tweet_id: 1702185155975151728
masto_id: 111061732261624419

newton_power: 4
newton_const: -8

n_iter: 171
ct: 139
hue_offset: 353
saturation: -0.12

num_attempts: 126
dur: 603
std: 7.8
size: 901372 (880.25 KiB)

xmin: -1.5657031001032045
xmax: -1.478746578364074
ymin: -1.9882926409047021
ymax: -1.9393795974264414

contrast: 0.71
brightness: 0.08
saturation: 1.12
gamma: 0.96
gamma_r: 0.99
gamma_g: 0.97
gamma_b: 1.03
vignette: -16
temp: 6134