tweet_id: 1703596489186890216
masto_id: FAIL

n_iter: 209
ct: 200
hue_offset: 290
saturation: 0.87

num_attempts: 69
dur: 47
std: 45.36
size: 1170070 (1.12 MiB)

xmin: -0.7066126108115158
xmax: -0.7056415013189206
ymin: 0.2505766195750594
ymax: 0.2511228686646442

contrast: 0.75
brightness: -0.08
saturation: 0.84
gamma: 1.1
gamma_r: 0.99
gamma_g: 1.05
gamma_b: 0.95
vignette: -34
temp: 5936