tweet_id: 1704713258916335622
masto_id: 111101233901436077

n_iter: 405
ct: 249
hue_offset: 292
saturation: 0.37

num_attempts: 30
dur: 25
std: 55.06
size: 1312981 (1.25 MiB)

xmin: -0.48142327906920546
xmax: -0.4794132288179492
ymin: -0.6016782177186109
ymax: -0.6005475644522792

contrast: 0.87
brightness: -0.08
saturation: 0.54
gamma: 0.93
gamma_r: 0.98
gamma_g: 0.96
gamma_b: 0.98
vignette: -46
temp: 3469