tweet_id: 1699346485798654188
masto_id: 111017378023535736

newton_power: 3
newton_const: 1

n_iter: 169
ct: 126
hue_offset: 348
saturation: 0.26

num_attempts: 282
dur: 600
std: 3.97
size: 855640 (835.59 KiB)

xmin: 0.25957349026879095
xmax: 0.291152437637212
ymin: 0.14250013290413177
ymax: 0.1602632907988686

contrast: 1.64
brightness: 0.19
saturation: 1.17
gamma: 1.05
gamma_r: 1.04
gamma_g: 0.98
gamma_b: 0.98
vignette: 21
temp: 7937