tweet_id: 1705434029594689557
masto_id: 111112495869046324

n_iter: 313
ct: 199
hue_offset: 38
saturation: 0.72

num_attempts: 55
dur: 30
std: 29.93
size: 663867 (648.31 KiB)

xmin: -1.5743105371338761
xmax: -1.4764844501773544
ymin: -0.06539051835613252
ymax: -0.010363344443089041

contrast: 1.72
brightness: -0.02
saturation: 0.52
gamma: 1.02
gamma_r: 1.04
gamma_g: 1.05
gamma_b: 0.99
vignette: -34
temp: 2800