tweet_id: 1699973273948197135
masto_id: 111027171570986181

n_iter: 869
ct: 76
hue_offset: 261
saturation: 0.07

num_attempts: 160
dur: 230
std: 138.05
size: 1406054 (1.34 MiB)

xmin: -0.5766148603065369
xmax: -0.5655955765599804
ymin: 0.45780541726178625
ymax: 0.46400376436922425

contrast: 1.09
brightness: 0.2
saturation: 1.09
gamma: 1.03
gamma_r: 1.01
gamma_g: 0.99
gamma_b: 1.03
vignette: -18
temp: 2916