tweet_id: 1706503577701626087
masto_id: FAIL
subre_id: FAIL

newton_power: 3
newton_const: -2

n_iter: 111
ct: 115
hue_offset: 343
saturation: 0.97

num_attempts: 269
dur: 600
std: 4.54
size: 716849 (700.05 KiB)

xmin: -0.9139709367856246
xmax: -0.9073557217911372
ymin: -0.22981978949196868
ymax: -0.22609873105756956

contrast: 0.81
brightness: 0.14
saturation: 0.59
gamma: 0.93
gamma_r: 1.05
gamma_g: 1.06
gamma_b: 0.96
vignette: -30
temp: 2233