tweet_id: 1702879710508646803
masto_id: 111072584714544107

newton_power: 5
newton_const: -10

n_iter: 248
ct: 231
hue_offset: 300
saturation: 0.71

num_attempts: 90
dur: 600
std: 11.37
size: 967860 (945.18 KiB)

xmin: 2.555730015120443
xmax: 2.5739670971873125
ymin: -1.556846884561883
ymax: -1.546588525899269

contrast: 1.33
brightness: 0.13
saturation: 0.45
gamma: 1.02
gamma_r: 1.03
gamma_g: 0.91
gamma_b: 0.96
vignette: -44
temp: 7470