tweet_id: 1706737088123592764
masto_id: 111132856167884286
subre_id: FAIL

n_iter: 694
ct: 106
hue_offset: 213
saturation: -0.82

num_attempts: 32
dur: 24
std: 47.66
size: 1590603 (1.52 MiB)

xmin: 0.38274762615601565
xmax: 0.383199195358996
ymin: 0.18185935155045785
ymax: 0.18211335922713429

contrast: 0.79
brightness: -0.01
saturation: 0.83
gamma: 1.07
gamma_r: 1.06
gamma_g: 0.99
gamma_b: 0.96
vignette: 20
temp: 3434