tweet_id: 1704601102526935214
masto_id: 111099481510282080

newton_power: 3
newton_const: -3

n_iter: 129
ct: 188
hue_offset: 210
saturation: 0.95

num_attempts: 297
dur: 602
std: 4.18
size: 403910 (394.44 KiB)

xmin: 0.6908045031698098
xmax: 1.1523429647082715
ymin: -1.808935204630597
ymax: -1.5493198200152125

contrast: 1.65
brightness: 0.17
saturation: 1.73
gamma: 0.99
gamma_r: 1.04
gamma_g: 0.91
gamma_b: 1.07
vignette: -19
temp: 3709