tweet_id: 1705291526702592468
masto_id: 111110269251702623

n_iter: 595
ct: 1
hue_offset: 260
saturation: -0.55

num_attempts: 244
dur: 612
std: 75.33
size: 1283515 (1.22 MiB)

xmin: 0.4304576556299242
xmax: 0.44331939196432935
ymin: 0.5772475361177647
ymax: 0.5844822628058676

contrast: 0.87
brightness: -0.03
saturation: 1.34
gamma: 0.92
gamma_r: 1.02
gamma_g: 1.04
gamma_b: 1.0
vignette: 16
temp: 6152