tweet_id: 1700120118406140028
masto_id: 111029466066634939

n_iter: 366
ct: 58
hue_offset: 73
saturation: 0.13

num_attempts: 17
dur: 17
std: 30.07
size: 1050465 (1.0 MiB)

xmin: -1.439698133967346
xmax: 0.810301866032654
ymin: -1.2801096238361431
ymax: -0.014484623836143129

contrast: 0.76
brightness: 0.09
saturation: 0.29
gamma: 0.92
gamma_r: 0.96
gamma_g: 0.99
gamma_b: 1.06
vignette: -40
temp: 6085