tweet_id: 1704933312643674553
masto_id: 111104672209188964

newton_power: 7
newton_const: 7

n_iter: 166
ct: 201
hue_offset: 47
saturation: -0.54

num_attempts: 67
dur: 605
std: 17.64
size: 1152360 (1.1 MiB)

xmin: 1.1692979170285032
xmax: 1.177234424965011
ymin: 1.1992149087181128
ymax: 1.2036791944323986

contrast: 1.61
brightness: -0.03
saturation: 1.15
gamma: 0.94
gamma_r: 1.01
gamma_g: 1.0
gamma_b: 0.93
vignette: 24
temp: 2726