tweet_id: 1701633731377713291
masto_id: 111053116259140516

n_iter: 520
ct: 161
hue_offset: 16
saturation: 0.22

num_attempts: 28
dur: 37
std: 18.45
size: 1295786 (1.24 MiB)

xmin: -1.2040134045509288
xmax: -1.2022559353066404
ymin: 0.19616950308962666
ymax: 0.1971580795395388

contrast: 1.21
brightness: 0.04
saturation: 1.32
gamma: 1.08
gamma_r: 1.09
gamma_g: 0.92
gamma_b: 1.07
vignette: -32
temp: 5634