tweet_id: 1701849002608861598
masto_id: 111056479895238201

n_iter: 283
ct: 255
hue_offset: 144
saturation: -0.5

num_attempts: 487
dur: 600
std: 55.2
size: 921885 (900.28 KiB)

xmin: -0.24114796578323694
xmax: -0.23686989091692678
ymin: 0.7274593754496941
ymax: 0.7298657925619936

contrast: 1.27
brightness: 0.15
saturation: 1.33
gamma: 0.99
gamma_r: 1.0
gamma_g: 0.94
gamma_b: 0.98
vignette: 22
temp: 7328