tweet_id: 1700977214513442934
masto_id: 111042858215336244

newton_power: 7
newton_const: 1

n_iter: 101
ct: 184
hue_offset: 76
saturation: -0.28

num_attempts: 79
dur: 620
std: 16.02
size: 1366472 (1.3 MiB)

xmin: -2.0168244667425403
xmax: -1.471369921287995
ymin: -0.9053873421967795
ymax: -0.5985691603785978

contrast: 1.1
brightness: -0.03
saturation: 1.17
gamma: 1.0
gamma_r: 1.09
gamma_g: 1.08
gamma_b: 1.06
vignette: 29
temp: 5685