tweet_id: 1702746373442207779
masto_id: 111070501370984355

n_iter: 473
ct: 72
hue_offset: 301
saturation: -0.09

num_attempts: 2
dur: 3
std: 39.54
size: 944932 (922.79 KiB)

xmin: -1.0609259620066016
xmax: 0.4390740379933984
ymin: -0.9660239110249069
ymax: -0.12227391102490692

contrast: 0.95
brightness: 0.1
saturation: 1.55
gamma: 1.08
gamma_r: 0.98
gamma_g: 1.07
gamma_b: 1.1
vignette: -23
temp: 5532