tweet_id: 1702638142820405499
masto_id: 111068810195329847

newton_power: 3
newton_const: -5

n_iter: 154
ct: 203
hue_offset: 126
saturation: -0.43

num_attempts: 295
dur: 602
std: 3.83
size: 859158 (839.02 KiB)

xmin: 1.0881043192826612
xmax: 1.0991134935945879
ymin: 1.4217407943595881
ymax: 1.4279334549100469

contrast: 1.49
brightness: 0.15
saturation: 1.08
gamma: 1.06
gamma_r: 1.06
gamma_g: 0.98
gamma_b: 1.1
vignette: -36
temp: 7473