tweet_id: 1703712486149804167
masto_id: 111085596805599831

n_iter: 379
ct: 195
hue_offset: 185
saturation: -0.54

num_attempts: 9
dur: 3
std: 30.39
size: 1095393 (1.04 MiB)

xmin: 0.20581540619645944
xmax: 1.1058154061964593
ymin: -1.3206650933114517
ymax: -0.8144150933114517

contrast: 1.15
brightness: 0.23
saturation: 0.69
gamma: 0.94
gamma_r: 0.93
gamma_g: 0.96
gamma_b: 0.93
vignette: -37
temp: 3732