tweet_id: 1701583392150614198
masto_id: 111052329690306883

newton_power: 7
newton_const: 10

n_iter: 186
ct: 210
hue_offset: 328
saturation: -0.02

num_attempts: 76
dur: 605
std: 19.61
size: 901187 (880.07 KiB)

xmin: -2.7345210091617425
xmax: -2.7232428136730205
ymin: 1.3453741977541127
ymax: 1.3517181827165188

contrast: 1.3
brightness: 0.21
saturation: 1.29
gamma: 1.08
gamma_r: 0.97
gamma_g: 1.05
gamma_b: 1.06
vignette: 25
temp: 6266