tweet_id: 1702241245261926680
masto_id: 111062608542610939

n_iter: 574
ct: 255
hue_offset: 322
saturation: -0.85

num_attempts: 255
dur: 603
std: 89.46
size: 497150 (485.5 KiB)

xmin: 0.20652012584102097
xmax: 0.21121496152177216
ymin: 0.9920655031969989
ymax: 0.9947063482674214

contrast: 0.91
brightness: 0.19
saturation: 1.17
gamma: 1.02
gamma_r: 1.06
gamma_g: 1.05
gamma_b: 1.04
vignette: 1
temp: 4976