tweet_id: 1704570837402099917
masto_id: 111099008628161246

newton_power: 6
newton_const: -1

n_iter: 107
ct: 143
hue_offset: 352
saturation: -0.07

num_attempts: 78
dur: 605
std: 14.6
size: 1077400 (1.03 MiB)

xmin: 0.6170570430044822
xmax: 0.6284856144330536
ymin: 0.5780479193801984
ymax: 0.5844764908087698

contrast: 1.12
brightness: 0.13
saturation: 0.72
gamma: 1.1
gamma_r: 1.0
gamma_g: 1.02
gamma_b: 1.1
vignette: -30
temp: 4519