tweet_id: 1700242925169603051
masto_id: 111031384911230943

n_iter: 543
ct: 75
hue_offset: 300
saturation: -0.73

num_attempts: 25
dur: 30
std: 15.21
size: 1096776 (1.05 MiB)

xmin: 0.3367688047444628
xmax: 0.33719697858304126
ymin: -0.5830766776495363
ymax: -0.5828358298653359

contrast: 0.73
brightness: -0.09
saturation: 1.36
gamma: 1.09
gamma_r: 0.96
gamma_g: 1.04
gamma_b: 0.92
vignette: 25
temp: 7469