tweet_id: 1705295670473785606
masto_id: 111110334013095444

newton_power: 6
newton_const: 1

n_iter: 243
ct: 196
hue_offset: 205
saturation: -0.67

num_attempts: 93
dur: 602
std: 14.19
size: 1190869 (1.14 MiB)

xmin: 1.833466750510759
xmax: 1.8687608681578178
ymin: -0.014670656729029119
ymax: 0.005182284447441468

contrast: 1.57
brightness: 0.01
saturation: 1.3
gamma: 0.95
gamma_r: 0.98
gamma_g: 1.09
gamma_b: 0.94
vignette: 16
temp: 4679