tweet_id: 1700934213778993188
masto_id: 111042186182886868

n_iter: 195
ct: 194
hue_offset: 288
saturation: -0.17

num_attempts: 32
dur: 13
std: 31.1
size: 1921825 (1.83 MiB)

xmin: -0.30485643682400365
xmax: -0.12485643682400366
ymin: -1.0832057111714628
ymax: -0.9819557111714629

contrast: 1.28
brightness: 0.17
saturation: 1.4
gamma: 1.03
gamma_r: 0.94
gamma_g: 1.06
gamma_b: 1.08
vignette: -23
temp: 3096