tweet_id: 1702534878892622131
masto_id: 111067196698148512

n_iter: 207
ct: 49
hue_offset: 18
saturation: 0.88

num_attempts: 11
dur: 5
std: 26.08
size: 596999 (583.01 KiB)

xmin: -0.4033707275786731
xmax: -0.35600230652604153
ymin: 0.0885370802916623
ymax: 0.11518181713376756

contrast: 1.46
brightness: 0.0
saturation: 1.42
gamma: 0.96
gamma_r: 0.99
gamma_g: 1.09
gamma_b: 0.96
vignette: 11
temp: 3795