tweet_id: 1700482158434075079
masto_id: 111035122850566691

n_iter: 295
ct: 184
hue_offset: 69
saturation: 0.39

num_attempts: 11
dur: 9
std: 41.9
size: 1385997 (1.32 MiB)

xmin: -1.043913032073848
xmax: -0.9970380320738479
ymin: -0.592167755319791
ymax: -0.565800567819791

contrast: 0.88
brightness: 0.15
saturation: 1.25
gamma: 1.05
gamma_r: 0.99
gamma_g: 0.92
gamma_b: 1.09
vignette: -2
temp: 3284