tweet_id: 1700239482652655878
masto_id: 111031331072451336

n_iter: 189
ct: 181
hue_offset: 342
saturation: 0.87

num_attempts: 4
dur: 3
std: 28.0
size: 1942047 (1.85 MiB)

xmin: -1.1705830666051622
xmax: -0.7205830666051622
ymin: -0.8516958447320788
ymax: -0.5985708447320788

contrast: 1.31
brightness: 0.19
saturation: 1.19
gamma: 0.95
gamma_r: 1.09
gamma_g: 1.04
gamma_b: 1.08
vignette: -40
temp: 6265