tweet_id: 1703664862990090304
masto_id: 111084852697486277

newton_power: 3
newton_const: -1

n_iter: 196
ct: 226
hue_offset: 47
saturation: 0.47

num_attempts: 294
dur: 600
std: 4.14
size: 786869 (768.43 KiB)

xmin: 0.9826649894742117
xmax: 1.1540935609027831
ymin: -1.59801651801276
ymax: -1.5015879465841884

contrast: 1.61
brightness: 0.2
saturation: 1.18
gamma: 1.0
gamma_r: 0.99
gamma_g: 0.99
gamma_b: 1.08
vignette: 32
temp: 4533