tweet_id: 1703147214346788868
masto_id: 111076764314588199

n_iter: 613
ct: 1
hue_offset: 308
saturation: -0.42

num_attempts: 293
dur: 611
std: 98.09
size: 817699 (798.53 KiB)

xmin: 0.5415314731357386
xmax: 0.5465565987638793
ymin: -0.2489178483223804
ymax: -0.24609121515655125

contrast: 1.34
brightness: 0.15
saturation: 0.97
gamma: 0.93
gamma_r: 0.91
gamma_g: 0.99
gamma_b: 0.94
vignette: -13
temp: 4306