tweet_id: 1702384094821146939
masto_id: 111064840662503504

n_iter: 336
ct: 129
hue_offset: 185
saturation: -0.51

num_attempts: 23
dur: 18
std: 23.24
size: 542475 (529.76 KiB)

xmin: -0.48229968800448697
xmax: 0.41770031199551305
ymin: -1.5350515520534034
ymax: -1.0288015520534035

contrast: 1.54
brightness: 0.12
saturation: 0.27
gamma: 1.02
gamma_r: 0.93
gamma_g: 1.0
gamma_b: 1.08
vignette: -12
temp: 3578