tweet_id: 1704899861869416723
masto_id: 111104149484236228

n_iter: 554
ct: 1
hue_offset: 170
saturation: -0.7

num_attempts: 297
dur: 611
std: 39.65
size: 678175 (662.28 KiB)

xmin: 0.22360631760572813
xmax: 0.25666416884539756
ymin: 1.0589980226297766
ymax: 1.0775930639520908

contrast: 1.67
brightness: -0.1
saturation: 0.39
gamma: 0.99
gamma_r: 1.04
gamma_g: 0.9
gamma_b: 1.01
vignette: -33
temp: 7801