tweet_id: 1701089559717556392
masto_id: 111044613594989735

n_iter: 587
ct: 49
hue_offset: 342
saturation: -1.0

num_attempts: 50
dur: 71
std: 49.65
size: 1071460 (1.02 MiB)

xmin: -0.436640455403682
xmax: -0.43558504643270574
ymin: -0.5716840183381482
ymax: -0.571090350791974

contrast: 1.0
brightness: 0.22
saturation: 1.43
gamma: 1.07
gamma_r: 1.04
gamma_g: 1.04
gamma_b: 0.92
vignette: -38
temp: 7864