tweet_id: 1704804677869842600
masto_id: FAIL

n_iter: 534
ct: 20
hue_offset: 73
saturation: 0.33

num_attempts: 80
dur: 78
std: 21.08
size: 1289192 (1.23 MiB)

xmin: 0.3145394251948841
xmax: 0.3153981628505303
ymin: -0.026730212268972764
ymax: -0.026247172337671775

contrast: 0.89
brightness: 0.07
saturation: 1.48
gamma: 1.0
gamma_r: 0.95
gamma_g: 1.03
gamma_b: 0.91
vignette: -43
temp: 4078