tweet_id: 1703691004765737377
masto_id: 111085261122403616

n_iter: 455
ct: 255
hue_offset: 283
saturation: 0.73

num_attempts: 302
dur: 600
std: 79.56
size: 1390539 (1.33 MiB)

xmin: 0.08014787108229271
xmax: 0.0845434754778971
ymin: 0.766675849581739
ymax: 0.7691483770542664

contrast: 0.88
brightness: 0.01
saturation: 0.55
gamma: 0.96
gamma_r: 1.03
gamma_g: 0.96
gamma_b: 0.97
vignette: 10
temp: 6632