tweet_id: 1703328397030777096
masto_id: FAIL

n_iter: 376
ct: 1
hue_offset: 180
saturation: -0.54

num_attempts: 369
dur: 602
std: 50.21
size: 968869 (946.16 KiB)

xmin: 0.43402527567822924
xmax: 0.4384647873319473
ymin: -0.5672130144838998
ymax: -0.5647157891786834

contrast: 1.02
brightness: 0.16
saturation: 0.84
gamma: 1.07
gamma_r: 0.99
gamma_g: 1.04
gamma_b: 0.92
vignette: -37
temp: 5332