tweet_id: 1705265389096116392
masto_id: 111109860918929910

newton_power: 4
newton_const: -10

n_iter: 87
ct: 115
hue_offset: 133
saturation: 0.41

num_attempts: 126
dur: 602
std: 7.25
size: 780931 (762.63 KiB)

xmin: 2.1823520210915826
xmax: 2.189124030120928
ymin: -1.7835674942434643
ymax: -1.7797582391644575

contrast: 1.64
brightness: -0.01
saturation: 1.01
gamma: 1.09
gamma_r: 1.01
gamma_g: 1.03
gamma_b: 1.07
vignette: -7
temp: 5951