tweet_id: 1701938824664813952
masto_id: 111057883308984506

n_iter: 570
ct: 206
hue_offset: 220
saturation: 0.14

num_attempts: 72
dur: 72
std: 66.02
size: 1365542 (1.3 MiB)

xmin: -0.3835172701149845
xmax: -0.38282258446024325
ymin: 0.6276847257414833
ymax: 0.6280754864222752

contrast: 1.28
brightness: 0.16
saturation: 0.82
gamma: 0.93
gamma_r: 1.06
gamma_g: 1.0
gamma_b: 0.91
vignette: -25
temp: 2878