tweet_id: 1703423245813252183
masto_id: 111081077294520699

newton_power: 5
newton_const: -8

n_iter: 103
ct: 57
hue_offset: 57
saturation: 0.16

num_attempts: 85
dur: 600
std: 10.48
size: 386880 (377.81 KiB)

xmin: 1.9798073953026618
xmax: 1.9861835908393248
ymin: -1.5401842531985104
ymax: -1.5365976432091373

contrast: 0.92
brightness: -0.04
saturation: 0.76
gamma: 1.0
gamma_r: 1.0
gamma_g: 1.0
gamma_b: 0.91
vignette: 0
temp: 2767