tweet_id: 1701266725252288909
masto_id: 111047381678482218

n_iter: 185
ct: 200
hue_offset: 346
saturation: 0.69

num_attempts: 8
dur: 5
std: 20.63
size: 1395753 (1.33 MiB)

xmin: 0.679966679895939
xmax: 0.7665051414344005
ymin: -1.2976297749684664
ymax: -1.2489518903530819

contrast: 1.5
brightness: -0.09
saturation: 1.34
gamma: 0.92
gamma_r: 1.08
gamma_g: 0.93
gamma_b: 0.99
vignette: -47
temp: 4583