tweet_id: 1705839198752702848
masto_id: 111118826564120770

newton_power: 3
newton_const: 2

n_iter: 238
ct: 221
hue_offset: 313
saturation: 0.72

num_attempts: 230
dur: 601
std: 3.71
size: 435495 (425.29 KiB)

xmin: 0.7920543903138904
xmax: 0.9052619374837017
ymin: 0.21465878662952464
ymax: 0.2783380319125435

contrast: 1.17
brightness: -0.05
saturation: 1.3
gamma: 1.0
gamma_r: 1.09
gamma_g: 1.01
gamma_b: 0.92
vignette: -36
temp: 2534