tweet_id: 1702136390362771482
masto_id: 111060970351896241

newton_power: 3
newton_const: -8

n_iter: 171
ct: 111
hue_offset: 46
saturation: -0.95

num_attempts: 279
dur: 600
std: 3.83
size: 672052 (656.3 KiB)

xmin: 1.3714103881149793
xmax: 1.3807561825075025
ymin: 1.989360768032597
ymax: 1.9946177773783915

contrast: 0.94
brightness: -0.02
saturation: 1.61
gamma: 1.0
gamma_r: 1.0
gamma_g: 1.06
gamma_b: 1.05
vignette: -12
temp: 4737