tweet_id: 1704053469521334442
masto_id: 111090924521327141

n_iter: 430
ct: 1
hue_offset: 115
saturation: 0.02

num_attempts: 360
dur: 600
std: 54.49
size: 487199 (475.78 KiB)

xmin: 0.2061570549783629
xmax: 0.21761837302993883
ymin: -1.0559239210522766
ymax: -1.0494769296482651

contrast: 1.18
brightness: -0.01
saturation: 0.35
gamma: 1.07
gamma_r: 0.99
gamma_g: 1.04
gamma_b: 1.08
vignette: 20
temp: 7816