tweet_id: 1705132341503353076
masto_id: 111107781946293176

n_iter: 446
ct: 208
hue_offset: 335
saturation: -0.83

num_attempts: 15
dur: 13
std: 55.19
size: 1745093 (1.66 MiB)

xmin: 0.5625565059333981
xmax: 0.8839850773619695
ymin: -1.2575767498598227
ymax: -1.0767731784312513

contrast: 1.42
brightness: 0.21
saturation: 1.17
gamma: 1.05
gamma_r: 1.09
gamma_g: 1.03
gamma_b: 1.03
vignette: -48
temp: 4897