tweet_id: 1703475095040114731
masto_id: 111081887591451441

n_iter: 682
ct: 223
hue_offset: 229
saturation: -0.05

num_attempts: 62
dur: 90
std: 15.92
size: 971694 (948.92 KiB)

xmin: -0.9806740358003485
xmax: -0.9794552667570822
ymin: -0.30003730677944973
ymax: -0.2993517491926124

contrast: 1.19
brightness: 0.18
saturation: 1.63
gamma: 1.07
gamma_r: 0.94
gamma_g: 1.06
gamma_b: 1.06
vignette: -28
temp: 2773