tweet_id: 1701007343348252866
masto_id: FAIL

newton_power: 6
newton_const: 8

n_iter: 106
ct: 228
hue_offset: 248
saturation: 0.52

num_attempts: 75
dur: 602
std: 14.34
size: 491383 (479.87 KiB)

xmin: 1.372468478796839
xmax: 1.3822404657675231
ymin: -0.1928432166282552
ymax: -0.18734647395724544

contrast: 1.49
brightness: -0.08
saturation: 0.75
gamma: 0.97
gamma_r: 1.0
gamma_g: 1.0
gamma_b: 1.04
vignette: 4
temp: 6961