tweet_id: 1704558500813135890
masto_id: 111098815680155165

n_iter: 302
ct: 50
hue_offset: 328
saturation: 0.58

num_attempts: 30
dur: 20
std: 44.22
size: 933364 (911.49 KiB)

xmin: -1.2498211197231808
xmax: -1.1046598294006
ymin: -0.38951797290837553
ymax: -0.3078647471019239

contrast: 1.69
brightness: 0.0
saturation: 1.01
gamma: 1.0
gamma_r: 0.97
gamma_g: 0.99
gamma_b: 0.96
vignette: 11
temp: 4835