tweet_id: 1703902111396962503
masto_id: 111088559528327526

n_iter: 373
ct: 1
hue_offset: 161
saturation: 0.39

num_attempts: 343
dur: 601
std: 49.98
size: 281073 (274.49 KiB)

xmin: -0.1726660828144797
xmax: -0.1627158340582608
ymin: 0.7508458955507571
ymax: 0.7564429104761302

contrast: 1.67
brightness: 0.17
saturation: 0.96
gamma: 0.99
gamma_r: 0.95
gamma_g: 1.05
gamma_b: 0.93
vignette: 30
temp: 2098