tweet_id: 1700360554580234711
masto_id: 111033222802624835

n_iter: 493
ct: 56
hue_offset: 33
saturation: 0.18

num_attempts: 11
dur: 12
std: 70.81
size: 1185627 (1.13 MiB)

xmin: -1.0682096527058655
xmax: -0.6932096527058655
ymin: -0.7010016705760538
ymax: -0.4900641705760538

contrast: 1.31
brightness: 0.15
saturation: 0.72
gamma: 0.96
gamma_r: 0.98
gamma_g: 0.97
gamma_b: 1.08
vignette: 5
temp: 4368