tweet_id: 1700101429212364888
masto_id: 111029174091331821

newton_power: 5
newton_const: -5

n_iter: 73
ct: 35
hue_offset: 152
saturation: 0.78

num_attempts: 108
dur: 606
std: 11.0
size: 1219690 (1.16 MiB)

xmin: -2.3430271053695138
xmax: -2.3296042865775672
ymin: 0.22172141562310266
ymax: 0.22927175119357246

contrast: 0.71
brightness: 0.1
saturation: 1.2
gamma: 1.02
gamma_r: 0.91
gamma_g: 1.04
gamma_b: 1.01
vignette: 22
temp: 6352