tweet_id: 1704890379181461524
masto_id: 111104001424143456

n_iter: 329
ct: 20
hue_offset: 24
saturation: -0.58

num_attempts: 2
dur: 0
std: 23.91
size: 985496 (962.4 KiB)

xmin: -1.9435503283549962
xmax: -1.3810503283549962
ymin: -0.3660973075700906
ymax: -0.049691057570090624

contrast: 0.93
brightness: 0.14
saturation: 0.58
gamma: 1.0
gamma_r: 1.03
gamma_g: 1.01
gamma_b: 1.02
vignette: -39
temp: 7415