tweet_id: 1706499667310031018
masto_id: 111129146486845230
subre_id: FAIL

n_iter: 437
ct: 1
hue_offset: 262
saturation: 0.75

num_attempts: 460
dur: 606
std: 70.95
size: 734906 (717.68 KiB)

xmin: 0.09274920293930622
xmax: 0.09676526719633433
ymin: 0.7638979371641907
ymax: 0.7661569733087691

contrast: 0.72
brightness: -0.02
saturation: 1.3
gamma: 1.03
gamma_r: 0.97
gamma_g: 1.09
gamma_b: 0.91
vignette: -6
temp: 7089