tweet_id: 1699484920404664379
masto_id: 111019541001477171

n_iter: 140
ct: 26
hue_offset: 193
saturation: 0.29

num_attempts: 15
dur: 3
std: 22.18
size: 1940682 (1.85 MiB)

xmin: -0.4955816339727299
xmax: -0.35921799760909356
ymin: -0.9139464230093388
ymax: -0.8372418775547934

contrast: 0.75
brightness: -0.04
saturation: 1.49
gamma: 1.09
gamma_r: 1.06
gamma_g: 0.97
gamma_b: 1.02
vignette: -44
temp: 6050