tweet_id: 1704442041550413936
masto_id: 111096996075066099

n_iter: 336
ct: 209
hue_offset: 290
saturation: -0.84

num_attempts: 15
dur: 6
std: 46.97
size: 1254168 (1.2 MiB)

xmin: -0.8353755155282272
xmax: -0.8343963233617645
ymin: 0.19898114500912656
ymax: 0.1995319406027618

contrast: 1.73
brightness: 0.17
saturation: 0.52
gamma: 1.09
gamma_r: 1.08
gamma_g: 0.93
gamma_b: 0.96
vignette: -10
temp: 5075