tweet_id: 1704260072153501758
masto_id: 111094152805651861

n_iter: 455
ct: 146
hue_offset: 331
saturation: -0.69

num_attempts: 17
dur: 15
std: 88.92
size: 1778039 (1.7 MiB)

xmin: -0.5497113680223267
xmax: -0.5491519274628861
ymin: -0.481354159564942
ymax: -0.48103947425025667

contrast: 1.15
brightness: 0.15
saturation: 1.65
gamma: 1.02
gamma_r: 1.07
gamma_g: 1.1
gamma_b: 1.08
vignette: -23
temp: 6783