tweet_id: 1701213958231716267
masto_id: 111046557348818547

n_iter: 351
ct: 209
hue_offset: 77
saturation: 0.26

num_attempts: 28
dur: 35
std: 32.37
size: 1069423 (1.02 MiB)

xmin: -0.9823266121944667
xmax: -0.981682178490584
ymin: -0.2660672220270489
ymax: -0.2657047280686149

contrast: 1.66
brightness: -0.04
saturation: 0.27
gamma: 0.98
gamma_r: 0.92
gamma_g: 1.05
gamma_b: 1.04
vignette: -46
temp: 7842