tweet_id: 1704743898613194953
masto_id: 111101712569798796

n_iter: 185
ct: 104
hue_offset: 27
saturation: 0.69

num_attempts: 2
dur: 2
std: 29.79
size: 1205895 (1.15 MiB)

xmin: -0.05412809844337785
xmax: -0.0533898186353306
ymin: -0.6719843979267598
ymax: -0.6715691155347332

contrast: 1.51
brightness: 0.21
saturation: 1.6
gamma: 1.08
gamma_r: 0.94
gamma_g: 1.01
gamma_b: 1.07
vignette: -10
temp: 4494