tweet_id: 1701460435357049236
masto_id: 111050408479259186

newton_power: 5
newton_const: 10

n_iter: 68
ct: 119
hue_offset: 342
saturation: -0.0

num_attempts: 104
dur: 615
std: 11.12
size: 961463 (938.93 KiB)

xmin: 0.03472790963835726
xmax: 1.2347279096383572
ymin: -0.14616026580625596
ymax: 0.528839734193744

contrast: 1.78
brightness: -0.02
saturation: 0.53
gamma: 1.02
gamma_r: 0.99
gamma_g: 0.92
gamma_b: 1.0
vignette: -16
temp: 7240