tweet_id: 1703418967702818965
masto_id: 111081010538780530

n_iter: 437
ct: 255
hue_offset: 4
saturation: -0.47

num_attempts: 423
dur: 602
std: 60.12
size: 1284119 (1.22 MiB)

xmin: 0.5359603525032988
xmax: 0.5443285533401189
ymin: -0.18232132172910243
ymax: -0.17761420875839112

contrast: 0.95
brightness: -0.01
saturation: 0.29
gamma: 0.92
gamma_r: 1.09
gamma_g: 0.97
gamma_b: 1.0
vignette: 29
temp: 7408