tweet_id: 1699423959840604214
masto_id: 111018588552989518

n_iter: 358
ct: 219
hue_offset: 217
saturation: -0.45

num_attempts: 3
dur: 1
std: 24.32
size: 774232 (756.09 KiB)

xmin: -2.1754070406126362
xmax: 0.07459295938736377
ymin: -1.7781118205872244
ymax: -0.5124868205872244

contrast: 1.41
brightness: 0.07
saturation: 1.52
gamma: 1.08
gamma_r: 1.03
gamma_g: 1.07
gamma_b: 1.04
vignette: -46
temp: 4386