tweet_id: 1699726187096920089
masto_id: 111023310952061647

n_iter: 471
ct: 115
hue_offset: 161
saturation: 0.7

num_attempts: 32
dur: 25
std: 29.33
size: 881029 (860.38 KiB)

xmin: -0.726415406883439
xmax: 1.523584593116561
ymin: -1.956966696714481
ymax: -0.691341696714481

contrast: 1.18
brightness: 0.12
saturation: 1.03
gamma: 1.01
gamma_r: 1.04
gamma_g: 1.01
gamma_b: 0.97
vignette: -41
temp: 7112