tweet_id: 1699312131961717045
masto_id: 111016841129838554

n_iter: 506
ct: 1
hue_offset: 244
saturation: -0.99

num_attempts: 301
dur: 612
std: 70.22
size: 513550 (501.51 KiB)

xmin: 0.09493797439028118
xmax: 0.10035802859082318
ymin: 0.7600198271128775
ymax: 0.7630686076006824

contrast: 1.1
brightness: -0.05
saturation: 1.15
gamma: 0.99
gamma_r: 0.95
gamma_g: 0.91
gamma_b: 0.95
vignette: 15
temp: 4688