tweet_id: 1706227914109497771
masto_id: 111124900231998732
subre_id: FAIL

n_iter: 508
ct: 1
hue_offset: 293
saturation: 0.77

num_attempts: 409
dur: 603
std: 68.84
size: 639058 (624.08 KiB)

xmin: -0.4259244310954027
xmax: -0.4155885137827412
ymin: 0.6096528546886333
ymax: 0.6154668081770054

contrast: 1.46
brightness: 0.16
saturation: 0.87
gamma: 1.09
gamma_r: 1.06
gamma_g: 1.04
gamma_b: 1.07
vignette: 18
temp: 3991