tweet_id: 1702754599545827780
masto_id: 111070629881675512

n_iter: 266
ct: 255
hue_offset: 271
saturation: -0.0

num_attempts: 581
dur: 605
std: 53.35
size: 890670 (869.79 KiB)

xmin: -0.17381569429661203
xmax: -0.16974651830475038
ymin: -0.757123436609908
ymax: -0.7548345251144858

contrast: 0.95
brightness: 0.16
saturation: 1.0
gamma: 1.01
gamma_r: 1.08
gamma_g: 0.99
gamma_b: 0.99
vignette: -21
temp: 7389