tweet_id: 1703897742890655949
masto_id: 111088491388296468

n_iter: 827
ct: 93
hue_offset: 20
saturation: -0.63

num_attempts: 13
dur: 20
std: 38.96
size: 1663488 (1.59 MiB)

xmin: 0.3779125833190218
xmax: 0.38311414378716224
ymin: 0.1292463144548368
ymax: 0.1321721922181658

contrast: 0.93
brightness: 0.16
saturation: 1.75
gamma: 0.94
gamma_r: 1.0
gamma_g: 1.09
gamma_b: 0.96
vignette: -31
temp: 4025