tweet_id: 1705252951252512924
masto_id: 111109666472189608

n_iter: 305
ct: 48
hue_offset: 118
saturation: -0.95

num_attempts: 13
dur: 14
std: 38.42
size: 998855 (975.44 KiB)

xmin: 0.3702091956190614
xmax: 0.5065728319826978
ymin: -1.1421422045362442
ymax: -1.0654376590816987

contrast: 1.5
brightness: 0.17
saturation: 1.42
gamma: 0.96
gamma_r: 1.04
gamma_g: 0.93
gamma_b: 1.09
vignette: -34
temp: 7766