tweet_id: 1705627806292713768
masto_id: 111115523633070586

newton_power: 6
newton_const: 1

n_iter: 224
ct: 22
hue_offset: 19
saturation: 0.46

num_attempts: 86
dur: 605
std: 13.81
size: 1100926 (1.05 MiB)

xmin: -1.9199204465754474
xmax: -1.8779624046174055
ymin: -0.18821036120137458
ymax: -0.16460896259997598

contrast: 0.83
brightness: -0.06
saturation: 0.82
gamma: 1.06
gamma_r: 1.07
gamma_g: 0.96
gamma_b: 1.09
vignette: 9
temp: 7267