tweet_id: 1705623682029084843
masto_id: 111115459143501854

n_iter: 576
ct: 1
hue_offset: 334
saturation: 0.1

num_attempts: 323
dur: 609
std: 37.93
size: 680003 (664.07 KiB)

xmin: 0.5154322222954999
xmax: 0.589506296369574
ymin: -0.19684872345844595
ymax: -0.1551820567917793

contrast: 1.63
brightness: 0.17
saturation: 1.69
gamma: 1.02
gamma_r: 1.03
gamma_g: 1.02
gamma_b: 1.0
vignette: -35
temp: 6658