tweet_id: 1704812492193775821
masto_id: 111102784413230340

newton_power: 6
newton_const: 8

n_iter: 194
ct: 132
hue_offset: 330
saturation: -0.7

num_attempts: 92
dur: 603
std: 14.73
size: 1132874 (1.08 MiB)

xmin: 0.5087456999746145
xmax: 0.5328420855167831
ymin: -0.3989715154244735
ymax: -0.38541729855700363

contrast: 1.71
brightness: 0.06
saturation: 0.66
gamma: 1.0
gamma_r: 0.96
gamma_g: 1.05
gamma_b: 1.03
vignette: -24
temp: 3563