tweet_id: 1702499267607138603
masto_id: 111066640282800149

newton_power: 6
newton_const: -8

n_iter: 198
ct: 190
hue_offset: 307
saturation: -0.99

num_attempts: 100
dur: 603
std: 21.69
size: 767406 (749.42 KiB)

xmin: -2.8875502405318283
xmax: -2.8788293102992704
ymin: -1.4060583339237303
ymax: -1.4011528106679163

contrast: 0.77
brightness: 0.22
saturation: 1.11
gamma: 1.1
gamma_r: 1.05
gamma_g: 0.94
gamma_b: 1.07
vignette: 30
temp: 2354