tweet_id: 1706287647218708768
masto_id: 111125833649402841
subre_id: /r/hourly_fractals/comments/16rqyu5/cheers_to_an_incredible_monday_programming/

n_iter: 345
ct: 149
hue_offset: 125
saturation: -0.27

num_attempts: 68
dur: 56
std: 80.64
size: 749000 (731.45 KiB)

xmin: -1.0704389819647986
xmax: -1.069499794362075
ymin: 0.2406361804724193
ymax: 0.24116447349895134

contrast: 0.88
brightness: -0.07
saturation: 0.32
gamma: 1.09
gamma_r: 1.01
gamma_g: 1.01
gamma_b: 1.08
vignette: -33
temp: 2886