tweet_id: 1702991978609442910
masto_id: 111074338826105813

n_iter: 443
ct: 160
hue_offset: 82
saturation: 0.99

num_attempts: 115
dur: 101
std: 80.74
size: 1708232 (1.63 MiB)

xmin: -0.7746749588861459
xmax: -0.7735690700279761
ymin: 0.11742799671012549
ymax: 0.11805005919284597

contrast: 0.82
brightness: 0.19
saturation: 0.78
gamma: 0.97
gamma_r: 1.0
gamma_g: 1.08
gamma_b: 1.08
vignette: -27
temp: 2841