tweet_id: 1701490597532508237
masto_id: 111050879762578076

newton_power: 6
newton_const: -9

n_iter: 218
ct: 20
hue_offset: 344
saturation: -0.2

num_attempts: 79
dur: 604
std: 17.19
size: 1567282 (1.49 MiB)

xmin: 1.75841765195318
xmax: 1.7929004105738697
ymin: 1.242300299065802
ymax: 1.26169685078994

contrast: 0.9
brightness: 0.14
saturation: 1.17
gamma: 0.99
gamma_r: 1.07
gamma_g: 1.07
gamma_b: 0.93
vignette: -42
temp: 3758