tweet_id: 1702725381357228392
masto_id: 111070173290770631

n_iter: 498
ct: 1
hue_offset: 273
saturation: 0.08

num_attempts: 302
dur: 600
std: 66.04
size: 911393 (890.03 KiB)

xmin: 0.5434908962853546
xmax: 0.550830345826639
ymin: -0.3319582370116618
ymax: -0.32782979664468936

contrast: 1.11
brightness: 0.13
saturation: 1.01
gamma: 1.04
gamma_r: 0.95
gamma_g: 0.93
gamma_b: 0.94
vignette: -31
temp: 6637