tweet_id: 1704666742159790440
masto_id: 111100507031525584

n_iter: 347
ct: 130
hue_offset: 207
saturation: 0.38

num_attempts: 33
dur: 19
std: 72.47
size: 1167023 (1.11 MiB)

xmin: -0.08410882260592345
xmax: -0.07779967434093922
ymin: 0.656646883862162
ymax: 0.6601957797612156

contrast: 1.8
brightness: 0.18
saturation: 1.11
gamma: 0.95
gamma_r: 0.91
gamma_g: 1.03
gamma_b: 0.93
vignette: -25
temp: 2671