tweet_id: 1703026859959570867
masto_id: 111074883905523033

n_iter: 747
ct: 146
hue_offset: 245
saturation: -0.68

num_attempts: 139
dur: 250
std: 62.5
size: 1126239 (1.07 MiB)

xmin: -0.7483357739834644
xmax: -0.747195197992589
ymin: 0.1253985345849633
ymax: 0.12604010857983072

contrast: 0.82
brightness: 0.03
saturation: 1.17
gamma: 0.9
gamma_r: 1.1
gamma_g: 0.96
gamma_b: 0.94
vignette: 32
temp: 2224