tweet_id: 1701520739340570697
masto_id: 111051350807384203

newton_power: 5
newton_const: -3

n_iter: 178
ct: 53
hue_offset: 15
saturation: 0.71

num_attempts: 89
dur: 601
std: 9.74
size: 1138038 (1.09 MiB)

xmin: -0.4503232054154007
xmax: -0.4412185013182839
ymin: -1.9415729202081797
ymax: -1.9364515241535516

contrast: 1.23
brightness: -0.08
saturation: 0.41
gamma: 0.9
gamma_r: 1.07
gamma_g: 1.0
gamma_b: 1.07
vignette: 25
temp: 5531