tweet_id: 1703354814678069502
masto_id: 111080008060380319

n_iter: 680
ct: 246
hue_offset: 97
saturation: -0.95

num_attempts: 206
dur: 182
std: 37.81
size: 135697 (132.52 KiB)

xmin: -1.118567901893439
xmax: -1.1171117679291143
ymin: 0.21952181371224144
ymax: 0.22034088906717408

contrast: 1.34
brightness: 0.16
saturation: 1.65
gamma: 0.94
gamma_r: 1.06
gamma_g: 0.95
gamma_b: 0.97
vignette: -45
temp: 3413