tweet_id: 1702547576732479501
masto_id: 111067395078184975

newton_power: 3
newton_const: -9

n_iter: 139
ct: 18
hue_offset: 324
saturation: 0.21

num_attempts: 300
dur: 601
std: 4.67
size: 743066 (725.65 KiB)

xmin: -2.9951573751480365
xmax: -2.8413112213018827
ymin: -0.034318029500764125
ymax: 0.05222043203769741

contrast: 1.53
brightness: 0.18
saturation: 1.29
gamma: 1.05
gamma_r: 0.93
gamma_g: 1.08
gamma_b: 0.94
vignette: -17
temp: 4142