tweet_id: 1701369867583299820
masto_id: FAIL

newton_power: 4
newton_const: -6

n_iter: 114
ct: 102
hue_offset: 224
saturation: 0.57

num_attempts: 104
dur: 615
std: 6.74
size: 707833 (691.24 KiB)

xmin: -1.316011837440273
xmax: 1.683988162559727
ymin: -1.1289950214584812
ymax: 0.5585049785415188

contrast: 0.98
brightness: -0.05
saturation: 0.35
gamma: 1.06
gamma_r: 1.04
gamma_g: 1.01
gamma_b: 1.03
vignette: 25
temp: 2239