tweet_id: 1705494310324441435
masto_id: 111113437694634580

n_iter: 479
ct: 132
hue_offset: 179
saturation: 0.24

num_attempts: 2
dur: 0
std: 33.37
size: 1649456 (1.57 MiB)

xmin: 0.5189009466256818
xmax: 0.6512538878021523
ymin: -1.2920333506834953
ymax: -1.2175848212717306

contrast: 1.04
brightness: 0.09
saturation: 1.05
gamma: 0.93
gamma_r: 1.04
gamma_g: 1.05
gamma_b: 0.97
vignette: 33
temp: 4501