tweet_id: 1703721385619562599
masto_id: 111085735746544257

n_iter: 302
ct: 1
hue_offset: 154
saturation: 0.28

num_attempts: 447
dur: 600
std: 53.25
size: 809798 (790.82 KiB)

xmin: 0.49901933649825514
xmax: 0.5048164379475305
ymin: 0.4597838132972749
ymax: 0.4630446828624923

contrast: 1.21
brightness: 0.07
saturation: 1.27
gamma: 1.04
gamma_r: 1.07
gamma_g: 1.06
gamma_b: 1.02
vignette: -31
temp: 7941