tweet_id: 1705801255434498084
masto_id: 111118233848584579

n_iter: 985
ct: 4
hue_offset: 302
saturation: -0.37

num_attempts: 117
dur: 292
std: 20.43
size: 1016625 (992.8 KiB)

xmin: -1.2357666197920099
xmax: -0.8721302561556462
ymin: -0.461278969246427
ymax: -0.2567335147009724

contrast: 1.67
brightness: 0.02
saturation: 0.46
gamma: 1.03
gamma_r: 0.9
gamma_g: 1.01
gamma_b: 0.91
vignette: -43
temp: 5113