tweet_id: 1705809030185447500
masto_id: 111118355386354326

newton_power: 3
newton_const: 5

n_iter: 198
ct: 9
hue_offset: 323
saturation: -0.69

num_attempts: 245
dur: 600
std: 3.62
size: 950530 (928.25 KiB)

xmin: -0.3685714680222083
xmax: -0.3624800974638327
ymin: -0.20275479206820024
ymax: -0.19932839612911393

contrast: 1.42
brightness: 0.17
saturation: 0.59
gamma: 1.03
gamma_r: 1.02
gamma_g: 0.94
gamma_b: 0.98
vignette: -39
temp: 7651