tweet_id: 1702497641668485283
masto_id: 111066614819540714

n_iter: 313
ct: 1
hue_offset: 178
saturation: -0.9

num_attempts: 490
dur: 602
std: 46.22
size: 1366137 (1.3 MiB)

xmin: 0.536017538471449
xmax: 0.5420416348569911
ymin: -0.4093855170988385
ymax: -0.40599696288197107

contrast: 0.86
brightness: 0.07
saturation: 1.6
gamma: 0.96
gamma_r: 1.09
gamma_g: 0.97
gamma_b: 1.08
vignette: 5
temp: 2658