tweet_id: 1699944021685387315
masto_id: 111026714471512728

n_iter: 415
ct: 222
hue_offset: 26
saturation: 0.34

num_attempts: 5
dur: 4
std: 55.38
size: 1091283 (1.04 MiB)

xmin: 0.03941394468165216
xmax: 0.08678236573428375
ymin: -1.0654592086458468
ymax: -1.0388144718037415

contrast: 1.5
brightness: 0.05
saturation: 0.26
gamma: 0.93
gamma_r: 0.99
gamma_g: 1.01
gamma_b: 1.09
vignette: 29
temp: 2154