tweet_id: 1703755304020615227
masto_id: 111086265685276074

n_iter: 442
ct: 1
hue_offset: 249
saturation: 0.58

num_attempts: 365
dur: 608
std: 63.38
size: 707655 (691.07 KiB)

xmin: -0.5639157097183936
xmax: -0.5584956555178515
ymin: 0.1552894990129925
ymax: 0.15833827950079737

contrast: 1.28
brightness: 0.12
saturation: 1.72
gamma: 0.93
gamma_r: 1.05
gamma_g: 1.04
gamma_b: 0.96
vignette: -11
temp: 6577