tweet_id: 1700844551488123367
masto_id: 111040785216068882

n_iter: 178
ct: 219
hue_offset: 72
saturation: 0.58

num_attempts: 5
dur: 4
std: 28.35
size: 1597384 (1.52 MiB)

xmin: -0.8770442613269274
xmax: -0.8067317613269274
ymin: -0.7580818783538859
ymax: -0.7185310971038859

contrast: 1.58
brightness: -0.1
saturation: 1.45
gamma: 0.99
gamma_r: 0.96
gamma_g: 1.04
gamma_b: 0.94
vignette: -45
temp: 3757