tweet_id: 1704671645129183438
masto_id: 111100583528314454

n_iter: 257
ct: 255
hue_offset: 32
saturation: 0.77

num_attempts: 519
dur: 603
std: 46.94
size: 891414 (870.52 KiB)

xmin: -0.5227458834738756
xmax: -0.5170721246086274
ymin: -0.1351056472244765
ymax: -0.13191415786277436

contrast: 1.34
brightness: 0.05
saturation: 0.63
gamma: 0.91
gamma_r: 1.03
gamma_g: 1.03
gamma_b: 0.99
vignette: 27
temp: 3993