tweet_id: 1700514713384403333
masto_id: 111035631573795324

n_iter: 322
ct: 174
hue_offset: 8
saturation: 0.93

num_attempts: 23
dur: 15
std: 30.45
size: 835851 (816.26 KiB)

xmin: -0.6578462892022143
xmax: -0.6574239919049171
ymin: -0.4539711806214177
ymax: -0.453733638391688

contrast: 1.78
brightness: -0.05
saturation: 0.51
gamma: 1.04
gamma_r: 0.91
gamma_g: 0.99
gamma_b: 0.95
vignette: -3
temp: 4897