tweet_id: 1701430189970886994
masto_id: 111049935955530158

newton_power: 6
newton_const: 4

n_iter: 146
ct: 113
hue_offset: 75
saturation: 0.35

num_attempts: 92
dur: 606
std: 15.17
size: 1325483 (1.26 MiB)

xmin: -2.317691254522169
xmax: -2.3113218277705765
ymin: 0.08861037334653599
ymax: 0.09219317589430669

contrast: 0.8
brightness: 0.12
saturation: 1.71
gamma: 1.04
gamma_r: 0.94
gamma_g: 1.0
gamma_b: 1.0
vignette: -39
temp: 3186