tweet_id: 1702860834597158996
masto_id: 111072289745566740

newton_power: 5
newton_const: 3

n_iter: 244
ct: 9
hue_offset: 168
saturation: 0.86

num_attempts: 98
dur: 619
std: 14.67
size: 1274280 (1.22 MiB)

xmin: -1.1882852718925347
xmax: -1.1768129965579268
ymin: -1.0638552859825066
ymax: -1.0574021311067896

contrast: 1.14
brightness: 0.09
saturation: 1.53
gamma: 1.01
gamma_r: 0.98
gamma_g: 0.97
gamma_b: 0.99
vignette: -31
temp: 6319