tweet_id: 1703223010986008892
masto_id: 111077948693967381

n_iter: 474
ct: 1
hue_offset: 143
saturation: 0.5

num_attempts: 398
dur: 604
std: 77.8
size: 891585 (870.69 KiB)

xmin: 0.19402931630557774
xmax: 0.20094973153049123
ymin: 0.9074309499818471
ymax: 0.911323683545861

contrast: 1.08
brightness: 0.08
saturation: 0.51
gamma: 0.91
gamma_r: 1.02
gamma_g: 0.92
gamma_b: 0.93
vignette: 8
temp: 5600