tweet_id: 1700338743226278227
masto_id: FAIL

n_iter: 540
ct: 255
hue_offset: 170
saturation: 0.89

num_attempts: 310
dur: 608
std: 59.52
size: 1232939 (1.18 MiB)

xmin: 0.5493321941059945
xmax: 0.553397234756401
ymin: 0.19952078881727386
ymax: 0.20180737418312752

contrast: 1.49
brightness: 0.12
saturation: 0.49
gamma: 1.1
gamma_r: 1.02
gamma_g: 0.92
gamma_b: 1.03
vignette: 14
temp: 5336