tweet_id: 1704562913044770912
masto_id: 111098884709322671

n_iter: 999
ct: 199
hue_offset: 317
saturation: 0.11

num_attempts: 40
dur: 76
std: 24.88
size: 512091 (500.09 KiB)

xmin: 0.4040425489401369
xmax: 0.4045514547925542
ymin: 0.3488983816242561
ymax: 0.34918464116624087

contrast: 1.63
brightness: 0.09
saturation: 1.12
gamma: 1.07
gamma_r: 1.06
gamma_g: 1.09
gamma_b: 0.98
vignette: -5
temp: 2637