tweet_id: 1704412405764162021
masto_id: 111096533022877740

n_iter: 848
ct: 14
hue_offset: 142
saturation: 0.56

num_attempts: 149
dur: 221
std: 69.42
size: 1154778 (1.1 MiB)

xmin: -0.4817233748663998
xmax: -0.47289335279134465
ymin: -0.6039075501311402
ymax: -0.5989406627139217

contrast: 1.42
brightness: -0.09
saturation: 0.61
gamma: 0.94
gamma_r: 0.91
gamma_g: 1.06
gamma_b: 1.05
vignette: -4
temp: 7075