tweet_id: 1701188567064600732
masto_id: FAIL

newton_power: 3
newton_const: -2

n_iter: 91
ct: 145
hue_offset: 162
saturation: -0.67

num_attempts: 301
dur: 600
std: 3.95
size: 874581 (854.08 KiB)

xmin: 0.23917777802140572
xmax: 0.25103548553128713
ymin: 0.12894546752531433
ymax: 0.13561542799962262

contrast: 1.38
brightness: 0.15
saturation: 1.3
gamma: 1.05
gamma_r: 0.97
gamma_g: 1.07
gamma_b: 0.94
vignette: -21
temp: 4901