tweet_id: 1702215411595403475
masto_id: 111062204989788612

newton_power: 5
newton_const: 2

n_iter: 203
ct: 157
hue_offset: 353
saturation: -0.2

num_attempts: 85
dur: 601
std: 11.81
size: 1105532 (1.05 MiB)

xmin: -2.8259458651244875
xmax: -2.8187774063431257
ymin: -1.566436993711335
ymax: -1.5624047356468187

contrast: 1.29
brightness: 0.16
saturation: 0.94
gamma: 1.01
gamma_r: 0.95
gamma_g: 1.06
gamma_b: 0.96
vignette: -24
temp: 6430