tweet_id: 1706137101387923706
masto_id: 111123481381736037
subre_id: /r/hourly_fractals/comments/16rgbwc/wishing_you_the_best_nature_ai/

n_iter: 503
ct: 255
hue_offset: 39
saturation: 0.38

num_attempts: 279
dur: 600
std: 53.41
size: 1159423 (1.11 MiB)

xmin: 0.5509088949156391
xmax: 0.5611129765482922
ymin: 0.3758582389084346
ymax: 0.381598034826802

contrast: 1.34
brightness: 0.19
saturation: 1.26
gamma: 1.09
gamma_r: 0.93
gamma_g: 0.92
gamma_b: 0.94
vignette: -18
temp: 7027