tweet_id: 1701309370976407726
masto_id: 111048048051396335

newton_power: 5
newton_const: -2

n_iter: 225
ct: 58
hue_offset: 297
saturation: 0.97

num_attempts: 87
dur: 601
std: 10.47
size: 442859 (432.48 KiB)

xmin: 0.1768694100992434
xmax: 0.19391486464469793
ymin: 0.0924156044814115
ymax: 0.10200367266322968

contrast: 1.11
brightness: 0.05
saturation: 1.62
gamma: 0.95
gamma_r: 1.06
gamma_g: 0.96
gamma_b: 1.06
vignette: 1
temp: 3609