tweet_id: 1706430134570348603
masto_id: 111128060114329633
subre_id: /r/hourly_fractals/comments/16s5jn7/hows_your_day_programming_art/

n_iter: 317
ct: 200
hue_offset: 209
saturation: -0.7

num_attempts: 14
dur: 7
std: 26.19
size: 1107601 (1.06 MiB)

xmin: -1.3103137116283539
xmax: -1.2547581560727983
ymin: -0.4441062245891454
ymax: -0.4128562245891454

contrast: 1.06
brightness: -0.05
saturation: 0.27
gamma: 1.05
gamma_r: 0.92
gamma_g: 1.02
gamma_b: 1.03
vignette: -7
temp: 2957