tweet_id: 1703750920826233119
masto_id: 111086197249737964

n_iter: 923
ct: 127
hue_offset: 342
saturation: 0.95

num_attempts: 27
dur: 73
std: 86.28
size: 1991325 (1.9 MiB)

xmin: -0.015183169954524178
xmax: -0.008604222586103126
ymin: 0.6508034580669799
ymax: 0.6545041159617168

contrast: 1.22
brightness: 0.11
saturation: 0.61
gamma: 0.92
gamma_r: 1.06
gamma_g: 0.94
gamma_b: 0.95
vignette: -34
temp: 5189