tweet_id: 1704268938849468427
masto_id: 111094291407602653

newton_power: 5
newton_const: -5

n_iter: 174
ct: 225
hue_offset: 320
saturation: 0.87

num_attempts: 93
dur: 606
std: 10.45
size: 794349 (775.73 KiB)

xmin: 0.21087296654007437
xmax: 0.22492448878831792
ymin: -0.036769242066232666
ymax: -0.02886526080159566

contrast: 1.09
brightness: -0.1
saturation: 1.33
gamma: 0.94
gamma_r: 0.99
gamma_g: 1.02
gamma_b: 1.05
vignette: -20
temp: 4598