tweet_id: 1701663208723841519
masto_id: 111053577358259363

n_iter: 483
ct: 156
hue_offset: 209
saturation: 0.79

num_attempts: 38
dur: 53
std: 86.94
size: 1367895 (1.3 MiB)

xmin: -0.7449485266216747
xmax: -0.7444484015904168
ymin: -0.11749742113575401
ymax: -0.11721610080567149

contrast: 1.65
brightness: -0.06
saturation: 0.69
gamma: 1.04
gamma_r: 1.05
gamma_g: 1.01
gamma_b: 0.93
vignette: -35
temp: 7298