tweet_id: 1703815849293865131
masto_id: 111087211902525044

newton_power: 6
newton_const: 4

n_iter: 246
ct: 134
hue_offset: 10
saturation: -0.7

num_attempts: 72
dur: 600
std: 13.73
size: 769229 (751.2 KiB)

xmin: 1.0802988874591062
xmax: 1.086421336438698
ymin: 0.07736922449956118
ymax: 0.08081310205058159

contrast: 1.46
brightness: 0.22
saturation: 0.44
gamma: 0.95
gamma_r: 0.99
gamma_g: 1.01
gamma_b: 0.99
vignette: -5
temp: 6800