tweet_id: 1702267940178153622
masto_id: 111063025753261581

n_iter: 210
ct: 29
hue_offset: 131
saturation: 0.73

num_attempts: 98
dur: 63
std: 25.44
size: 1359323 (1.3 MiB)

xmin: 0.13376302882465918
xmax: 0.13436147287014094
ymin: -0.6543057181062784
ymax: -0.6539690933306949

contrast: 1.49
brightness: -0.09
saturation: 0.99
gamma: 1.02
gamma_r: 0.93
gamma_g: 0.94
gamma_b: 1.01
vignette: 28
temp: 7076