tweet_id: 1704989340303253916
masto_id: 111105547608869633

n_iter: 290
ct: 1
hue_offset: 289
saturation: 0.33

num_attempts: 514
dur: 600
std: 51.64
size: 1048985 (1.0 MiB)

xmin: 0.23281308942839862
xmax: 0.24052021852281094
ymin: 0.7245026347299217
ymax: 0.7288378948455286

contrast: 1.77
brightness: 0.0
saturation: 0.29
gamma: 0.99
gamma_r: 1.09
gamma_g: 1.08
gamma_b: 0.98
vignette: -38
temp: 3264