tweet_id: 1701361112350966222
masto_id: 111048856578966175

n_iter: 572
ct: 252
hue_offset: 346
saturation: 0.98

num_attempts: 63
dur: 80
std: 53.29
size: 1129905 (1.08 MiB)

xmin: 0.24072936708948678
xmax: 0.2440296971224901
ymin: -0.559896158386488
ymax: -0.5580397227429237

contrast: 1.1
brightness: -0.09
saturation: 1.2
gamma: 1.07
gamma_r: 0.93
gamma_g: 0.92
gamma_b: 0.97
vignette: -39
temp: 3879