tweet_id: 1702305489525100555
masto_id: 111063612341124964

n_iter: 299
ct: 255
hue_offset: 1
saturation: 0.35

num_attempts: 399
dur: 603
std: 44.89
size: 509114 (497.18 KiB)

xmin: 0.24263846993987093
xmax: 0.2501291066439908
ymin: -1.080356115107679
ymax: -1.0761426319616116

contrast: 0.85
brightness: -0.09
saturation: 1.16
gamma: 0.99
gamma_r: 1.04
gamma_g: 0.95
gamma_b: 0.95
vignette: -19
temp: 3555