tweet_id: 1702789129166110951
masto_id: 111071169366201576

newton_power: 5
newton_const: -2

n_iter: 145
ct: 225
hue_offset: 90
saturation: -0.69

num_attempts: 107
dur: 600
std: 10.78
size: 1008259 (984.63 KiB)

xmin: -0.96643117075583
xmax: -0.9469506512753105
ymin: 0.18726361014594906
ymax: 0.19822140235374125

contrast: 1.38
brightness: 0.07
saturation: 1.2
gamma: 1.0
gamma_r: 1.07
gamma_g: 1.0
gamma_b: 1.02
vignette: -40
temp: 2670