tweet_id: 1705042968359657956
masto_id: 111106385481058447

n_iter: 315
ct: 13
hue_offset: 76
saturation: 0.72

num_attempts: 18
dur: 6
std: 50.53
size: 1919731 (1.83 MiB)

xmin: -0.9082377336636986
xmax: -0.6082377336636986
ymin: -0.819147472467781
ymax: -0.650397472467781

contrast: 1.09
brightness: 0.18
saturation: 1.53
gamma: 1.04
gamma_r: 0.93
gamma_g: 1.1
gamma_b: 0.99
vignette: 14
temp: 2264