tweet_id: 1700610517084090492
masto_id: 111037128416039915

n_iter: 497
ct: 1
hue_offset: 353
saturation: -0.01

num_attempts: 197
dur: 606
std: 53.18
size: 533977 (521.46 KiB)

xmin: 0.04021881568113228
xmax: 0.046701797852931305
ymin: 1.1326833225239863
ymax: 1.1363299999956233

contrast: 1.39
brightness: -0.01
saturation: 1.69
gamma: 1.03
gamma_r: 1.06
gamma_g: 0.93
gamma_b: 1.01
vignette: 16
temp: 4183