tweet_id: 1701697664927010947
masto_id: 111054115101411592

n_iter: 337
ct: 1
hue_offset: 303
saturation: -0.5

num_attempts: 486
dur: 600
std: 58.37
size: 621126 (606.57 KiB)

xmin: -0.15178431354845312
xmax: -0.14499314207137332
ymin: -0.7534593814190577
ymax: -0.7496393474632003

contrast: 1.34
brightness: -0.06
saturation: 1.72
gamma: 0.91
gamma_r: 1.07
gamma_g: 1.09
gamma_b: 0.94
vignette: 10
temp: 3705