tweet_id: 1704622724516364503
masto_id: 111099819292718429

n_iter: 521
ct: 244
hue_offset: 324
saturation: 0.56

num_attempts: 134
dur: 91
std: 53.44
size: 793873 (775.27 KiB)

xmin: -0.7857794912113405
xmax: -0.7853354414777703
ymin: -0.13949017289732002
ymax: -0.13924039492218682

contrast: 1.07
brightness: 0.03
saturation: 0.9
gamma: 0.93
gamma_r: 1.02
gamma_g: 0.97
gamma_b: 0.92
vignette: 6
temp: 4231