tweet_id: 1701486441983840506
masto_id: 111050814744626707

n_iter: 333
ct: 1
hue_offset: 332
saturation: -0.43

num_attempts: 406
dur: 600
std: 56.71
size: 787818 (769.35 KiB)

xmin: -0.13887042012449435
xmax: -0.12828840954248377
ymin: 0.8122363477133967
ymax: 0.8181887286657776

contrast: 1.3
brightness: 0.05
saturation: 1.16
gamma: 0.93
gamma_r: 0.94
gamma_g: 0.92
gamma_b: 0.97
vignette: -21
temp: 7703