tweet_id: 1705115431177007590
masto_id: 111107517908592635

newton_power: 4
newton_const: 0

n_iter: 231
ct: 52
hue_offset: 179
saturation: -0.51

num_attempts: 111
dur: 852
std: 0.78
size: 697185 (680.84 KiB)

xmin: -0.19833246953690864
xmax: 1.0016675304630913
ymin: -1.313043566504791
ymax: -0.6380435665047911

contrast: 0.84
brightness: 0.03
saturation: 1.45
gamma: 1.04
gamma_r: 1.08
gamma_g: 1.1
gamma_b: 0.94
vignette: -41
temp: 6481