tweet_id: 1702603652395917357
masto_id: 111068271162257440

n_iter: 577
ct: 255
hue_offset: 251
saturation: 0.33

num_attempts: 274
dur: 604
std: 86.44
size: 839954 (820.27 KiB)

xmin: 0.12918825600519757
xmax: 0.13769889430306992
ymin: -1.1096091504730028
ymax: -1.1048219164304496

contrast: 1.35
brightness: 0.04
saturation: 0.74
gamma: 0.98
gamma_r: 1.08
gamma_g: 0.93
gamma_b: 1.02
vignette: 11
temp: 4721