tweet_id: 1704019229320601895
masto_id: 111090389569506644

n_iter: 724
ct: 216
hue_offset: 182
saturation: -0.18

num_attempts: 9
dur: 19
std: 114.88
size: 1098640 (1.05 MiB)

xmin: -1.1459471260430765
xmax: -1.1438351936249138
ymin: -0.26999222659695965
ymax: -0.26880426461174317

contrast: 1.16
brightness: -0.06
saturation: 1.23
gamma: 0.93
gamma_r: 0.94
gamma_g: 0.94
gamma_b: 0.95
vignette: 8
temp: 5048