tweet_id: 1702909974471397416
masto_id: 111073057527701588

newton_power: 7
newton_const: -8

n_iter: 203
ct: 12
hue_offset: 306
saturation: 0.15

num_attempts: 76
dur: 614
std: 20.64
size: 1365305 (1.3 MiB)

xmin: -0.7912070516696077
xmax: -0.784577217415464
ymin: -1.2507688334881202
ymax: -1.2470395517201645

contrast: 0.99
brightness: 0.01
saturation: 1.71
gamma: 1.01
gamma_r: 0.93
gamma_g: 0.91
gamma_b: 0.91
vignette: -38
temp: 6114