tweet_id: 1700209665995584004
masto_id: 111030865131296831

n_iter: 202
ct: 172
hue_offset: 126
saturation: -0.24

num_attempts: 8
dur: 2
std: 27.72
size: 440067 (429.75 KiB)

xmin: -1.5321154960011927
xmax: -1.4866609505466473
ymin: -0.11745533407381537
ymax: -0.09188715225563354

contrast: 1.45
brightness: -0.07
saturation: 0.79
gamma: 1.06
gamma_r: 0.9
gamma_g: 1.0
gamma_b: 0.92
vignette: 0
temp: 2204