tweet_id: 1704596759807418798
masto_id: 111099413500249143

n_iter: 280
ct: 255
hue_offset: 280
saturation: 0.14

num_attempts: 466
dur: 600
std: 47.74
size: 1062531 (1.01 MiB)

xmin: 0.5553915434597214
xmax: 0.565416606116363
ymin: 0.2370518545937701
ymax: 0.24269095233813098

contrast: 1.08
brightness: 0.02
saturation: 1.09
gamma: 1.02
gamma_r: 1.09
gamma_g: 1.0
gamma_b: 1.08
vignette: -25
temp: 7913