tweet_id: 1699877076348637481
masto_id: 111025668534563679

n_iter: 312
ct: 74
hue_offset: 117
saturation: -0.19

num_attempts: 1
dur: 2
std: 41.09
size: 1546547 (1.47 MiB)

xmin: -1.2853378799857011
xmax: -1.2181737008812235
ymin: -0.3343473979160738
ymax: -0.29656754716980516

contrast: 0.96
brightness: 0.06
saturation: 0.31
gamma: 0.91
gamma_r: 0.95
gamma_g: 1.09
gamma_b: 1.08
vignette: 30
temp: 3042