tweet_id: 1700698125042680022
masto_id: 111038497309213949

n_iter: 991
ct: 38
hue_offset: 257
saturation: 0.3

num_attempts: 106
dur: 177
std: 215.85
size: 1434710 (1.37 MiB)

xmin: -0.037394815203088516
xmax: -0.03668433562937626
ymin: -0.7802936733554002
ymax: -0.7798940285951871

contrast: 1.68
brightness: -0.07
saturation: 1.62
gamma: 0.9
gamma_r: 1.02
gamma_g: 1.03
gamma_b: 0.97
vignette: -21
temp: 3698