tweet_id: 1705175120090702189
masto_id: 111108450466900623

newton_power: 7
newton_const: -2

n_iter: 198
ct: 74
hue_offset: 309
saturation: -0.19

num_attempts: 77
dur: 643
std: 26.02
size: 1128631 (1.08 MiB)

xmin: -1.0522694358707827
xmax: -1.0071566539158954
ymin: 1.2557135308709433
ymax: 1.2810894707205673

contrast: 1.28
brightness: -0.07
saturation: 0.58
gamma: 0.93
gamma_r: 1.01
gamma_g: 0.94
gamma_b: 0.93
vignette: -14
temp: 2570