tweet_id: 1704963440798765484
masto_id: 111105143183121217

newton_power: 6
newton_const: 3

n_iter: 134
ct: 170
hue_offset: 257
saturation: 0.88

num_attempts: 101
dur: 605
std: 20.98
size: 952923 (930.59 KiB)

xmin: -0.6683714193996826
xmax: -0.5551638722298713
ymin: 1.053616992409537
ymax: 1.117296237692556

contrast: 1.0
brightness: 0.14
saturation: 0.46
gamma: 0.93
gamma_r: 1.01
gamma_g: 0.97
gamma_b: 0.95
vignette: -7
temp: 5831