tweet_id: 1701996039358537862
masto_id: 111058777454142982

n_iter: 939
ct: 73
hue_offset: 306
saturation: -0.13

num_attempts: 35
dur: 55
std: 26.49
size: 833422 (813.89 KiB)

xmin: -0.18579844244004784
xmax: -0.18526051882520114
ymin: 0.8335903647725817
ymax: 0.8338929468059331

contrast: 1.53
brightness: 0.07
saturation: 1.19
gamma: 1.0
gamma_r: 1.08
gamma_g: 1.09
gamma_b: 0.98
vignette: -3
temp: 7719