tweet_id: 1699606867205591544
masto_id: 111021446534081916

n_iter: 367
ct: 84
hue_offset: 247
saturation: 0.01

num_attempts: 10
dur: 4
std: 40.15
size: 703651 (687.16 KiB)

xmin: -0.7690494570444806
xmax: -0.35995854795357146
ymin: -0.7656999264197908
ymax: -0.5355862900561544

contrast: 0.77
brightness: 0.16
saturation: 1.07
gamma: 0.95
gamma_r: 1.08
gamma_g: 1.05
gamma_b: 0.95
vignette: 15
temp: 2664