tweet_id: 1706762648723837111
masto_id: 111133255618261867
subre_id: FAIL

n_iter: 407
ct: 189
hue_offset: 73
saturation: 0.4

num_attempts: 36
dur: 21
std: 30.3
size: 750711 (733.12 KiB)

xmin: -1.3576280758729669
xmax: 0.8923719241270331
ymin: -1.7291305838489315
ymax: -0.4635055838489315

contrast: 1.39
brightness: 0.06
saturation: 0.54
gamma: 0.99
gamma_r: 1.01
gamma_g: 0.97
gamma_b: 1.1
vignette: -24
temp: 3214