tweet_id: 1702819355527123432
masto_id: 111071641629014240

newton_power: 7
newton_const: 9

n_iter: 121
ct: 124
hue_offset: 182
saturation: 0.02

num_attempts: 59
dur: 602
std: 25.6
size: 1044537 (1020.06 KiB)

xmin: 1.0397127131773987
xmax: 1.0505430380871459
ymin: 0.3025561833537447
ymax: 0.3086482411154775

contrast: 1.45
brightness: 0.07
saturation: 1.3
gamma: 0.97
gamma_r: 1.1
gamma_g: 1.09
gamma_b: 1.04
vignette: -36
temp: 6398