tweet_id: 1701947009307980213
masto_id: 111058011194019933

newton_power: 7
newton_const: 0

n_iter: 91
ct: 85
hue_offset: 183
saturation: 0.02

num_attempts: 104
dur: 854
std: 1.25
size: 213785 (208.77 KiB)

xmin: -0.26855372783957954
xmax: 0.48144627216042046
ymin: 0.4216175534361333
ymax: 0.8434925534361333

contrast: 1.3
brightness: -0.07
saturation: 0.64
gamma: 1.02
gamma_r: 0.94
gamma_g: 1.04
gamma_b: 0.99
vignette: -4
temp: 5443