tweet_id: 1706775404688634155
masto_id: 111133454897514542
subre_id: FAIL

newton_power: 6
newton_const: 3

n_iter: 228
ct: 171
hue_offset: 218
saturation: -0.33

num_attempts: 77
dur: 601
std: 16.23
size: 649390 (634.17 KiB)

xmin: 2.2111604119082244
xmax: 2.2390673886524106
ymin: 0.07047662226181606
ymax: 0.0861742966804207

contrast: 1.0
brightness: 0.2
saturation: 0.57
gamma: 1.0
gamma_r: 1.02
gamma_g: 0.91
gamma_b: 1.08
vignette: 28
temp: 5645