tweet_id: 1699704549194264627
masto_id: 111022972858189806

n_iter: 445
ct: 255
hue_offset: 147
saturation: 0.5

num_attempts: 366
dur: 605
std: 68.06
size: 958117 (935.66 KiB)

xmin: 0.32053040632007157
xmax: 0.3273447163711789
ymin: -0.7019494057104774
ymax: -0.6981163563067295

contrast: 0.8
brightness: 0.11
saturation: 0.45
gamma: 0.91
gamma_r: 1.04
gamma_g: 0.95
gamma_b: 0.94
vignette: -24
temp: 5507