tweet_id: 1701031332325781514
masto_id: 111043703712208652

n_iter: 262
ct: 110
hue_offset: 144
saturation: -0.37

num_attempts: 15
dur: 9
std: 32.71
size: 1243741 (1.19 MiB)

xmin: -0.8135129984184208
xmax: -0.7666379984184208
ymin: -0.6583095312782601
ymax: -0.6319423437782601

contrast: 1.58
brightness: 0.17
saturation: 1.51
gamma: 0.92
gamma_r: 1.05
gamma_g: 1.08
gamma_b: 0.93
vignette: 8
temp: 7364