tweet_id: 1705029376494973142
masto_id: 111106173175302835

n_iter: 336
ct: 72
hue_offset: 210
saturation: -0.88

num_attempts: 46
dur: 29
std: 32.76
size: 1427476 (1.36 MiB)

xmin: -0.8130765279987004
xmax: -0.8097816350827202
ymin: 0.18700164083645943
ymax: 0.1888550181016983

contrast: 1.02
brightness: -0.08
saturation: 0.55
gamma: 0.92
gamma_r: 1.09
gamma_g: 1.01
gamma_b: 0.97
vignette: -18
temp: 4829