tweet_id: 1701822743354708240
masto_id: 111056069630737287

newton_power: 5
newton_const: -8

n_iter: 182
ct: 203
hue_offset: 170
saturation: 0.26

num_attempts: 94
dur: 604
std: 9.39
size: 1054356 (1.01 MiB)

xmin: -1.2319229774652778
xmax: -1.2256402549521888
ymin: 0.3079912730085552
ymax: 0.3115253044221678

contrast: 0.97
brightness: 0.08
saturation: 0.87
gamma: 1.0
gamma_r: 1.03
gamma_g: 1.05
gamma_b: 0.99
vignette: 32
temp: 3204