tweet_id: 1706318360047141041
masto_id: 111126313512439093
subre_id: /r/hourly_fractals/comments/16ru0ij/smile_digitalart_visualart/

n_iter: 483
ct: 1
hue_offset: 167
saturation: 0.79

num_attempts: 309
dur: 605
std: 66.96
size: 531436 (518.98 KiB)

xmin: 0.5527952888859455
xmax: 0.5577642329853244
ymin: -0.37142088510937254
ymax: -0.3686258540534719

contrast: 1.1
brightness: 0.21
saturation: 1.44
gamma: 1.1
gamma_r: 0.98
gamma_g: 1.08
gamma_b: 1.08
vignette: 2
temp: 3118