tweet_id: 1703289933723488315
masto_id: 111078994347933919

n_iter: 242
ct: 80
hue_offset: 215
saturation: -0.95

num_attempts: 29
dur: 14
std: 33.65
size: 2171488 (2.07 MiB)

xmin: -0.6439059527945579
xmax: -0.591580371399209
ymin: -0.9094257989716792
ymax: -0.8799926594367955

contrast: 0.9
brightness: -0.04
saturation: 1.6
gamma: 1.08
gamma_r: 0.95
gamma_g: 0.98
gamma_b: 1.08
vignette: -16
temp: 7553