tweet_id: 1704113074020728892
masto_id: 111091855936535221

n_iter: 627
ct: 167
hue_offset: 113
saturation: 0.38

num_attempts: 29
dur: 18
std: 71.98
size: 1850433 (1.76 MiB)

xmin: -0.22727115426515354
xmax: -0.22564909424893295
ymin: 0.7593868399547294
ymax: 0.7602992487138536

contrast: 1.48
brightness: 0.12
saturation: 0.47
gamma: 1.06
gamma_r: 0.99
gamma_g: 0.93
gamma_b: 1.06
vignette: -37
temp: 4236