tweet_id: 1705140441862004869
masto_id: 111107908598792002

n_iter: 427
ct: 1
hue_offset: 17
saturation: 0.06

num_attempts: 362
dur: 607
std: 48.85
size: 588494 (574.7 KiB)

xmin: 0.03684197554924573
xmax: 0.05176734868357409
ymin: 0.7724851868239986
ymax: 0.7808807092120583

contrast: 1.01
brightness: 0.1
saturation: 1.04
gamma: 0.96
gamma_r: 0.97
gamma_g: 1.01
gamma_b: 0.95
vignette: -20
temp: 7608