tweet_id: 1699696534005141598
masto_id: 111022847453026546

n_iter: 254
ct: 7
hue_offset: 103
saturation: 0.31

num_attempts: 10
dur: 5
std: 30.46
size: 696249 (679.93 KiB)

xmin: -1.3646437366027118
xmax: -0.8646437366027118
ymin: -0.7716564846474288
ymax: -0.49040648464742875

contrast: 1.35
brightness: 0.16
saturation: 1.47
gamma: 0.92
gamma_r: 1.05
gamma_g: 0.92
gamma_b: 0.94
vignette: -1
temp: 6873