tweet_id: 1703298170938167737
masto_id: 111079122966498117

n_iter: 587
ct: 1
hue_offset: 70
saturation: 0.48

num_attempts: 292
dur: 607
std: 71.03
size: 953922 (931.56 KiB)

xmin: 0.5439221137062291
xmax: 0.5512885962108331
ymin: -0.22664013303724118
ymax: -0.2224964866284014

contrast: 1.72
brightness: -0.09
saturation: 0.62
gamma: 0.99
gamma_r: 0.91
gamma_g: 0.93
gamma_b: 0.98
vignette: -41
temp: 2901