tweet_id: 1702806081452273908
masto_id: 111071434171812308

n_iter: 165
ct: 188
hue_offset: 266
saturation: 0.53

num_attempts: 3
dur: 1
std: 22.89
size: 839794 (820.11 KiB)

xmin: 0.03984671339925416
xmax: 0.33984671339925415
ymin: -1.2180184664390925
ymax: -1.0492684664390926

contrast: 1.1
brightness: -0.1
saturation: 0.66
gamma: 1.0
gamma_r: 0.96
gamma_g: 0.95
gamma_b: 0.91
vignette: 18
temp: 4993