tweet_id: 1699514740337201242
masto_id: 111020006986557698

n_iter: 231
ct: 23
hue_offset: 116
saturation: -0.5

num_attempts: 28
dur: 13
std: 35.27
size: 2110649 (2.01 MiB)

xmin: -0.3141681092069115
xmax: -0.22233137451303397
ymin: -1.0200546168968898
ymax: -0.9683964536315837

contrast: 1.7
brightness: -0.02
saturation: 1.67
gamma: 0.97
gamma_r: 0.99
gamma_g: 0.94
gamma_b: 0.96
vignette: 26
temp: 4931