tweet_id: 1699670589911269831
masto_id: 111022442217618761

n_iter: 960
ct: 76
hue_offset: 21
saturation: 0.83

num_attempts: 36
dur: 84
std: 17.82
size: 1155464 (1.1 MiB)

xmin: -0.7186747225117185
xmax: -0.7179860172775587
ymin: 0.3559385019131944
ymax: 0.3563258986074093

contrast: 0.93
brightness: 0.07
saturation: 1.08
gamma: 1.02
gamma_r: 0.92
gamma_g: 0.91
gamma_b: 1.09
vignette: 24
temp: 7672