tweet_id: 1706492700277571905
masto_id: 111129037525734981
subre_id: FAIL

n_iter: 300
ct: 210
hue_offset: 160
saturation: -0.18

num_attempts: 20
dur: 10
std: 42.33
size: 1739134 (1.66 MiB)

xmin: -1.1298208197603488
xmax: -0.9048208197603488
ymin: -0.653399944907797
ymax: -0.5268374449077969

contrast: 1.12
brightness: 0.08
saturation: 0.31
gamma: 1.05
gamma_r: 0.98
gamma_g: 1.07
gamma_b: 1.1
vignette: -29
temp: 6462