tweet_id: 1700584556867535251
masto_id: 111036723029367293

newton_power: 5
newton_const: 2

n_iter: 168
ct: 247
hue_offset: 145
saturation: -0.73

num_attempts: 93
dur: 601
std: 12.46
size: 663360 (647.81 KiB)

xmin: 0.515891300923871
xmax: 0.580407429956129
ymin: -1.1351265174249643
ymax: -1.098836194844319

contrast: 1.51
brightness: 0.03
saturation: 0.79
gamma: 1.02
gamma_r: 0.95
gamma_g: 1.1
gamma_b: 1.02
vignette: 3
temp: 5786