tweet_id: 1701719025758154946
masto_id: 111054448890166990

n_iter: 144
ct: 251
hue_offset: 345
saturation: -0.17

num_attempts: 5
dur: 1
std: 23.73
size: 1048878 (1.0 MiB)

xmin: -0.43255017846120314
xmax: -0.33027745118847585
ymin: -0.9837422379355172
ymax: -0.9262138288446081

contrast: 0.75
brightness: 0.04
saturation: 0.4
gamma: 1.0
gamma_r: 0.93
gamma_g: 1.02
gamma_b: 1.06
vignette: 2
temp: 5454