tweet_id: 1706400168587755806
masto_id: 111127591856686529
subre_id: /r/hourly_fractals/comments/16s2fd1/chin_up_lovely_humans_visualart_ai/

n_iter: 496
ct: 61
hue_offset: 198
saturation: -0.49

num_attempts: 28
dur: 10
std: 56.33
size: 1073536 (1.02 MiB)

xmin: -1.643823630226722
xmax: -1.297669784072876
ymin: -0.3832054336986377
ymax: -0.18849389523709922

contrast: 1.59
brightness: -0.09
saturation: 1.05
gamma: 1.03
gamma_r: 1.0
gamma_g: 1.07
gamma_b: 1.1
vignette: -16
temp: 2373