tweet_id: 1702353881764667711
masto_id: 111064368572103795

n_iter: 442
ct: 42
hue_offset: 145
saturation: 0.42

num_attempts: 14
dur: 12
std: 33.84
size: 885734 (864.97 KiB)

xmin: -1.411897115190965
xmax: 0.838102884809035
ymin: -1.5436745941986345
ymax: -0.2780495941986345

contrast: 1.65
brightness: 0.04
saturation: 0.64
gamma: 0.93
gamma_r: 0.91
gamma_g: 0.98
gamma_b: 0.91
vignette: -25
temp: 5052