tweet_id: 1701218495730520323
masto_id: 111046628078482895

n_iter: 531
ct: 1
hue_offset: 115
saturation: -0.83

num_attempts: 339
dur: 607
std: 59.12
size: 524528 (512.23 KiB)

xmin: 0.1264401400213222
xmax: 0.13333669174546015
ymin: 1.11518559026301
ymax: 1.1190649006078375

contrast: 1.32
brightness: 0.03
saturation: 0.7
gamma: 1.07
gamma_r: 1.09
gamma_g: 0.94
gamma_b: 0.97
vignette: 32
temp: 6465