tweet_id: 1705472563944567075
masto_id: 111113097946172927

n_iter: 564
ct: 255
hue_offset: 175
saturation: -0.14

num_attempts: 248
dur: 610
std: 89.16
size: 764906 (746.98 KiB)

xmin: 0.5091532392332367
xmax: 0.5144653242265966
ymin: 0.6052294028742531
ymax: 0.608217450683018

contrast: 1.51
brightness: 0.13
saturation: 0.56
gamma: 1.0
gamma_r: 0.94
gamma_g: 0.92
gamma_b: 1.05
vignette: -16
temp: 4162