tweet_id: FAIL
masto_id: 111089264454642617

n_iter: 360
ct: 255
hue_offset: 341
saturation: 0.65

num_attempts: 431
dur: 603
std: 70.19
size: 1529314 (1.46 MiB)

xmin: -0.548437321223515
xmax: -0.5432959330487077
ymin: 0.23229740351511619
ymax: 0.23518943436344522

contrast: 1.02
brightness: 0.07
saturation: 1.51
gamma: 0.93
gamma_r: 0.95
gamma_g: 1.01
gamma_b: 1.02
vignette: -41
temp: 7985