tweet_id: 1705653709676683619
masto_id: 111115928460493488

n_iter: 327
ct: 255
hue_offset: 164
saturation: 0.69

num_attempts: 497
dur: 600
std: 53.97
size: 1244542 (1.19 MiB)

xmin: -0.15374461501309633
xmax: -0.14917318644166777
ymin: 0.8267351115291475
ymax: 0.829306540100576

contrast: 0.86
brightness: 0.17
saturation: 0.3
gamma: 1.01
gamma_r: 1.05
gamma_g: 1.04
gamma_b: 0.9
vignette: -20
temp: 5965