tweet_id: 1700723130384236561
masto_id: 111038888207550449

n_iter: 352
ct: 104
hue_offset: 268
saturation: 0.69

num_attempts: 99
dur: 57
std: 34.69
size: 906112 (884.88 KiB)

xmin: -1.0558038261061884
xmax: 0.4441961738938116
ymin: -1.048721579503031
ymax: -0.2049715795030309

contrast: 0.98
brightness: 0.18
saturation: 1.02
gamma: 1.04
gamma_r: 1.01
gamma_g: 1.08
gamma_b: 0.96
vignette: 33
temp: 2508