tweet_id: 1705683902059225462
masto_id: 111116400112537570

n_iter: 605
ct: 255
hue_offset: 342
saturation: 0.18

num_attempts: 241
dur: 610
std: 55.3
size: 549299 (536.42 KiB)

xmin: -0.5432606560315405
xmax: -0.5204035131743976
ymin: -0.14944565858833214
ymax: -0.1365885157311893

contrast: 1.01
brightness: -0.0
saturation: 0.44
gamma: 0.99
gamma_r: 1.08
gamma_g: 0.92
gamma_b: 1.0
vignette: -29
temp: 4405