tweet_id: 1700601766893781155
masto_id: 111036991849955504

n_iter: 167
ct: 177
hue_offset: 75
saturation: 0.17

num_attempts: 19
dur: 13
std: 28.43
size: 852426 (832.45 KiB)

xmin: -1.2697483647131098
xmax: -1.2072483647131098
ymin: -0.42783773459282326
ymax: -0.39268148459282326

contrast: 0.79
brightness: 0.23
saturation: 0.93
gamma: 1.04
gamma_r: 0.91
gamma_g: 1.09
gamma_b: 0.98
vignette: 1
temp: 7048