tweet_id: 1702779829257392309
masto_id: 111071023965508427

n_iter: 992
ct: 138
hue_offset: 271
saturation: 0.88

num_attempts: 45
dur: 62
std: 158.73
size: 1700554 (1.62 MiB)

xmin: 0.31578612446225485
xmax: 0.31686110430638276
ymin: 0.5029236342397181
ymax: 0.50352831040204

contrast: 1.46
brightness: -0.0
saturation: 0.74
gamma: 1.06
gamma_r: 1.04
gamma_g: 1.05
gamma_b: 0.9
vignette: -45
temp: 7157