tweet_id: 1704782222602232275
masto_id: FAIL

newton_power: 6
newton_const: 9

n_iter: 108
ct: 235
hue_offset: 303
saturation: 0.59

num_attempts: 98
dur: 601
std: 12.25
size: 1092445 (1.04 MiB)

xmin: 1.9846115442918189
xmax: 1.9974870807725056
ymin: -0.11398665087463167
ymax: -0.10674416160424541

contrast: 1.41
brightness: 0.12
saturation: 0.91
gamma: 0.92
gamma_r: 0.97
gamma_g: 1.08
gamma_b: 1.0
vignette: -45
temp: 5891