tweet_id: 1702064343200764232
masto_id: 111059844539020305

newton_power: 7
newton_const: 10

n_iter: 232
ct: 143
hue_offset: 96
saturation: 0.71

num_attempts: 72
dur: 600
std: 27.89
size: 741202 (723.83 KiB)

xmin: -0.01712177914718449
xmax: 0.6495448875194821
ymin: -0.06642684915947439
ymax: 0.3085731508405256

contrast: 0.7
brightness: 0.19
saturation: 0.82
gamma: 1.09
gamma_r: 1.03
gamma_g: 1.05
gamma_b: 0.91
vignette: -2
temp: 7313