tweet_id: 1703387090413662215
masto_id: 111080512400148239

n_iter: 397
ct: 172
hue_offset: 289
saturation: -0.75

num_attempts: 55
dur: 28
std: 59.3
size: 1362830 (1.3 MiB)

xmin: 0.019529738551147258
xmax: 0.020008150224392084
ymin: 0.6411248516121699
ymax: 0.6413939581783701

contrast: 1.74
brightness: 0.08
saturation: 1.05
gamma: 1.07
gamma_r: 1.0
gamma_g: 1.01
gamma_b: 0.93
vignette: -2
temp: 6993