tweet_id: 1701447866235977879
masto_id: 111050212086261731

n_iter: 406
ct: 177
hue_offset: 219
saturation: -0.64

num_attempts: 52
dur: 32
std: 30.09
size: 545156 (532.38 KiB)

xmin: -1.038602868987694
xmax: 1.211397131012306
ymin: -1.4059192172461463
ymax: -0.14029421724614632

contrast: 1.06
brightness: 0.17
saturation: 0.93
gamma: 0.98
gamma_r: 0.92
gamma_g: 0.97
gamma_b: 1.01
vignette: -3
temp: 4698