tweet_id: 1700317963642171404
masto_id: 111032557234610399

n_iter: 473
ct: 206
hue_offset: 104
saturation: 0.45

num_attempts: 114
dur: 118
std: 30.17
size: 153633 (150.03 KiB)

xmin: -1.334563597550458
xmax: -1.2264554894423498
ymin: -0.008623316158262506
ymax: 0.05218749465254831

contrast: 1.14
brightness: -0.06
saturation: 1.2
gamma: 0.97
gamma_r: 0.98
gamma_g: 1.09
gamma_b: 1.03
vignette: -21
temp: 7500