tweet_id: 1704446245400633619
masto_id: 111097061888728126

n_iter: 498
ct: 1
hue_offset: 78
saturation: 0.98

num_attempts: 343
dur: 607
std: 77.57
size: 958982 (936.51 KiB)

xmin: 0.13100595825956995
xmax: 0.13968274784742246
ymin: -1.1093426020982209
ymax: -1.104461907955054

contrast: 0.91
brightness: 0.07
saturation: 1.26
gamma: 1.04
gamma_r: 0.94
gamma_g: 1.07
gamma_b: 1.0
vignette: -15
temp: 2532