tweet_id: 1706231832570675682
masto_id: 111124961625340200
subre_id: FAIL

newton_power: 4
newton_const: 8

n_iter: 132
ct: 173
hue_offset: 292
saturation: 0.36

num_attempts: 118
dur: 601
std: 7.21
size: 940889 (918.84 KiB)

xmin: 0.5328847318478092
xmax: 0.5947404019509019
ymin: -0.32683978102777056
ymax: -0.2920459665947809

contrast: 1.13
brightness: 0.1
saturation: 1.55
gamma: 0.92
gamma_r: 0.97
gamma_g: 0.95
gamma_b: 1.09
vignette: -40
temp: 3765