tweet_id: 1701788225625305410
masto_id: 111055530271648049

n_iter: 442
ct: 1
hue_offset: 216
saturation: 0.07

num_attempts: 405
dur: 603
std: 43.82
size: 619302 (604.79 KiB)

xmin: -0.5779260265049448
xmax: -0.5719109889109599
ymin: 0.6261902805085304
ymax: 0.6295737391551469

contrast: 0.91
brightness: -0.03
saturation: 0.46
gamma: 1.03
gamma_r: 0.99
gamma_g: 0.96
gamma_b: 1.04
vignette: 21
temp: 5128