tweet_id: 1702595593128854000
masto_id: 111068145240616775

n_iter: 409
ct: 141
hue_offset: 0
saturation: -0.59

num_attempts: 9
dur: 6
std: 31.0
size: 2129356 (2.03 MiB)

xmin: -0.23465947545453414
xmax: -0.17215947545453414
ymin: -1.097600062017769
ymax: -1.062443812017769

contrast: 1.06
brightness: 0.12
saturation: 0.98
gamma: 0.99
gamma_r: 0.98
gamma_g: 1.02
gamma_b: 0.98
vignette: -23
temp: 2119