tweet_id: 1701063475210895801
masto_id: 111044206019838923

n_iter: 529
ct: 255
hue_offset: 107
saturation: 0.55

num_attempts: 301
dur: 605
std: 72.22
size: 1139089 (1.09 MiB)

xmin: 0.43760571597221265
xmax: 0.44788849232182704
ymin: -0.5742993932741101
ymax: -0.5685153315774519

contrast: 0.93
brightness: -0.04
saturation: 1.26
gamma: 0.99
gamma_r: 0.91
gamma_g: 0.98
gamma_b: 1.04
vignette: -5
temp: 2678