tweet_id: 1702987399746249042
masto_id: 111074267198748327

n_iter: 462
ct: 247
hue_offset: 170
saturation: 0.89

num_attempts: 11
dur: 11
std: 34.03
size: 1913465 (1.82 MiB)

xmin: -0.23074816559465727
xmax: -0.12099206803368166
ymin: -1.1112625537078114
ymax: -1.0495247488297625

contrast: 0.84
brightness: 0.2
saturation: 1.18
gamma: 0.95
gamma_r: 0.93
gamma_g: 1.01
gamma_b: 1.08
vignette: -14
temp: 2961