tweet_id: 1705917993912504577
masto_id: 111120057790218381
subre_id: /r/hourly_fractals/comments/16qw8xi/cheers_to_a_fantastic_sunday_machinelearning/

n_iter: 470
ct: 104
hue_offset: 210
saturation: -0.09

num_attempts: 2
dur: 3
std: 90.07
size: 1509701 (1.44 MiB)

xmin: 0.6006593771853326
xmax: 0.6506593771853326
ymin: -1.1554259317531081
ymax: -1.1273009317531082

contrast: 1.7
brightness: 0.05
saturation: 1.24
gamma: 1.0
gamma_r: 0.98
gamma_g: 1.1
gamma_b: 1.05
vignette: -19
temp: 6950