tweet_id: 1702172488690536563
masto_id: 111061534277666509

n_iter: 192
ct: 39
hue_offset: 244
saturation: -0.2

num_attempts: 6
dur: 1
std: 31.7
size: 1600286 (1.53 MiB)

xmin: 0.46191882932960526
xmax: 0.5219188293296053
ymin: -1.232670342074059
ymax: -1.198920342074059

contrast: 1.54
brightness: -0.0
saturation: 1.29
gamma: 1.05
gamma_r: 1.02
gamma_g: 0.97
gamma_b: 1.02
vignette: 25
temp: 3362