tweet_id: 1705144652465422431
masto_id: 111107974313175468

newton_power: 5
newton_const: 10

n_iter: 239
ct: 240
hue_offset: 112
saturation: -0.12

num_attempts: 97
dur: 601
std: 10.35
size: 293820 (286.93 KiB)

xmin: -0.29532151224667347
xmax: -0.28620297121323884
ymin: -0.5507436245090493
ymax: -0.5456144451777424

contrast: 1.41
brightness: -0.0
saturation: 0.6
gamma: 0.97
gamma_r: 1.1
gamma_g: 0.99
gamma_b: 1.08
vignette: -1
temp: 7393