tweet_id: 1702776209027858475
masto_id: 111070967374674762

n_iter: 405
ct: 235
hue_offset: 222
saturation: 0.91

num_attempts: 2
dur: 0
std: 25.27
size: 440622 (430.29 KiB)

xmin: -1.4990182758355806
xmax: -0.7490182758355806
ymin: -1.1255842017353272
ymax: -0.7037092017353272

contrast: 1.49
brightness: -0.09
saturation: 1.44
gamma: 0.97
gamma_r: 1.0
gamma_g: 1.03
gamma_b: 1.09
vignette: -32
temp: 2365