tweet_id: 1705658026525434150
masto_id: 111115995978131321

newton_power: 3
newton_const: -5

n_iter: 200
ct: 63
hue_offset: 73
saturation: 0.33

num_attempts: 281
dur: 600
std: 4.01
size: 885844 (865.08 KiB)

xmin: -1.8716487150640728
xmax: -1.8628510611051285
ymin: 0.2542062550360167
ymax: 0.25915493538792284

contrast: 1.54
brightness: 0.12
saturation: 1.71
gamma: 1.01
gamma_r: 1.02
gamma_g: 1.02
gamma_b: 0.92
vignette: -35
temp: 3563