tweet_id: 1704680316982686023
masto_id: 111100719196196078

n_iter: 306
ct: 211
hue_offset: 10
saturation: 0.64

num_attempts: 1
dur: 0
std: 25.37
size: 953210 (930.87 KiB)

xmin: 0.22294265179335238
xmax: 1.1229426517933523
ymin: -1.5355798785386283
ymax: -1.0293298785386282

contrast: 1.51
brightness: 0.14
saturation: 0.34
gamma: 0.99
gamma_r: 1.05
gamma_g: 1.07
gamma_b: 1.07
vignette: -32
temp: 3127