tweet_id: 1703092221120299161
masto_id: FAIL

newton_power: 5
newton_const: 0

n_iter: 241
ct: 34
hue_offset: 333
saturation: 0.72

num_attempts: 90
dur: 857
std: 0.5
size: 551736 (538.8 KiB)

xmin: -0.23923604472817805
xmax: -0.15923604472817804
ymin: -0.3423141730760453
ymax: -0.2973141730760453

contrast: 1.66
brightness: 0.05
saturation: 1.56
gamma: 0.93
gamma_r: 1.07
gamma_g: 1.0
gamma_b: 0.92
vignette: -16
temp: 7791