tweet_id: 1699467244781081074
masto_id: FAIL

newton_power: 4
newton_const: -9

n_iter: 244
ct: 214
hue_offset: 284
saturation: -0.7

num_attempts: 116
dur: 600
std: 7.53
size: 657111 (641.71 KiB)

xmin: 1.6232815694594578
xmax: 1.629933454160123
ymin: -1.4995536814967125
ymax: -1.4958119963525884

contrast: 1.02
brightness: 0.16
saturation: 0.98
gamma: 1.0
gamma_r: 0.98
gamma_g: 1.06
gamma_b: 1.04
vignette: 20
temp: 2293