tweet_id: 1700605151491363109
masto_id: 111037044632724290

n_iter: 911
ct: 36
hue_offset: 313
saturation: 0.78

num_attempts: 55
dur: 88
std: 90.09
size: 1931303 (1.84 MiB)

xmin: -0.5335778539918397
xmax: -0.5331706049590561
ymin: -0.5029819583828614
ymax: -0.5027528808019207

contrast: 1.62
brightness: -0.02
saturation: 0.53
gamma: 1.1
gamma_r: 0.98
gamma_g: 1.01
gamma_b: 1.04
vignette: -44
temp: 4557