tweet_id: 1704083746159513870
masto_id: 111091397650493082

n_iter: 461
ct: 255
hue_offset: 183
saturation: -0.19

num_attempts: 253
dur: 605
std: 74.31
size: 1059026 (1.01 MiB)

xmin: -0.2137628957866664
xmax: -0.20935275245700818
ymin: 0.7487481990595519
ymax: 0.7512289046824847

contrast: 1.53
brightness: -0.05
saturation: 0.68
gamma: 0.92
gamma_r: 1.01
gamma_g: 1.0
gamma_b: 0.96
vignette: 27
temp: 5009