tweet_id: 1704778119130091722
masto_id: 111102247184170875

n_iter: 268
ct: 1
hue_offset: 299
saturation: -0.99

num_attempts: 522
dur: 601
std: 49.89
size: 873943 (853.46 KiB)

xmin: -0.21617556374410163
xmax: -0.2106045331034331
ymin: -1.0078432988317279
ymax: -1.0047095940963517

contrast: 1.17
brightness: -0.02
saturation: 0.65
gamma: 1.01
gamma_r: 1.0
gamma_g: 1.03
gamma_b: 0.99
vignette: -22
temp: 6235