tweet_id: 1704451074927759744
masto_id: 111097137430929139

newton_power: 3
newton_const: 0

n_iter: 202
ct: 222
hue_offset: 258
saturation: -0.38

num_attempts: 205
dur: 851
std: 0.67
size: 514492 (502.43 KiB)

xmin: -1.872053701034146
xmax: -0.6720537010341461
ymin: -0.6073703354015727
ymax: 0.06762966459842723

contrast: 1.52
brightness: 0.2
saturation: 1.03
gamma: 1.09
gamma_r: 1.01
gamma_g: 0.93
gamma_b: 1.07
vignette: 23
temp: 3309