tweet_id: 1700701216836120972
masto_id: 111038545706570219

n_iter: 435
ct: 1
hue_offset: 30
saturation: -0.95

num_attempts: 385
dur: 603
std: 27.05
size: 1055237 (1.01 MiB)

xmin: 0.24125795591634747
xmax: 0.2633574034301596
ymin: 0.9519756251346165
ymax: 0.9644065643611359

contrast: 1.64
brightness: 0.2
saturation: 1.11
gamma: 0.98
gamma_r: 1.08
gamma_g: 0.91
gamma_b: 0.99
vignette: 14
temp: 6757