tweet_id: 1704994749181243713
masto_id: 111105632087067028

newton_power: 5
newton_const: 0

n_iter: 157
ct: 174
hue_offset: 346
saturation: 0.54

num_attempts: 93
dur: 857
std: 2.16
size: 379007 (370.12 KiB)

xmin: -2.0712432967419905
xmax: -0.07124329674199048
ymin: -1.1868404530921612
ymax: -0.06184045309216124

contrast: 0.8
brightness: -0.02
saturation: 1.6
gamma: 1.05
gamma_r: 1.03
gamma_g: 0.99
gamma_b: 1.03
vignette: -5
temp: 5702