tweet_id: 1706258173500539305
masto_id: 111125373203406643
subre_id: FAIL

n_iter: 346
ct: 1
hue_offset: 270
saturation: -0.59

num_attempts: 450
dur: 600
std: 31.42
size: 1038709 (1014.36 KiB)

xmin: -0.5621412174850435
xmax: -0.5552801540202065
ymin: 0.23365628893701706
ymax: 0.23751563713598792

contrast: 0.7
brightness: 0.06
saturation: 1.41
gamma: 1.09
gamma_r: 1.03
gamma_g: 0.99
gamma_b: 0.95
vignette: 16
temp: 2999