tweet_id: 1705761330438049891
masto_id: 111117610001126766

newton_power: 4
newton_const: -5

n_iter: 129
ct: 218
hue_offset: 339
saturation: 0.98

num_attempts: 116
dur: 602
std: 8.78
size: 976647 (953.76 KiB)

xmin: 1.5633983779495821
xmax: 1.8491126636638677
ymin: -1.8305159425043782
ymax: -1.6698016567900926

contrast: 0.72
brightness: 0.16
saturation: 0.83
gamma: 1.04
gamma_r: 0.95
gamma_g: 0.96
gamma_b: 1.07
vignette: -31
temp: 6350