tweet_id: 1703440657023369444
masto_id: FAIL

n_iter: 340
ct: 148
hue_offset: 343
saturation: 0.5

num_attempts: 19
dur: 7
std: 21.88
size: 1303701 (1.24 MiB)

xmin: -1.6392198831077136
xmax: -1.5800093567919242
ymin: -0.05738537699479407
ymax: -0.024079455942162493

contrast: 1.41
brightness: 0.08
saturation: 1.1
gamma: 0.97
gamma_r: 0.91
gamma_g: 1.05
gamma_b: 1.08
vignette: -44
temp: 3284