tweet_id: 1700041041070490040
masto_id: 111028230478558046

newton_power: 3
newton_const: 7

n_iter: 224
ct: 100
hue_offset: 276
saturation: 0.14

num_attempts: 255
dur: 602
std: 4.09
size: 789266 (770.77 KiB)

xmin: 2.2976194583791996
xmax: 2.3276194583791994
ymin: -0.464482171324907
ymax: -0.447607171324907

contrast: 1.61
brightness: -0.04
saturation: 1.66
gamma: 1.06
gamma_r: 0.92
gamma_g: 0.95
gamma_b: 0.95
vignette: 10
temp: 7038