tweet_id: 1701339625913012396
masto_id: 111048520855914277

newton_power: 4
newton_const: -6

n_iter: 209
ct: 34
hue_offset: 152
saturation: -0.48

num_attempts: 115
dur: 602
std: 8.83
size: 680599 (664.65 KiB)

xmin: 1.5908799584940656
xmax: 1.6076397350303784
ymin: 1.5914280688835425
ymax: 1.6008554431852184

contrast: 1.47
brightness: 0.18
saturation: 1.25
gamma: 1.03
gamma_r: 1.08
gamma_g: 1.08
gamma_b: 1.09
vignette: 7
temp: 6100