tweet_id: 1705325793503506753
masto_id: 111110804714902186

newton_power: 5
newton_const: 4

n_iter: 197
ct: 8
hue_offset: 37
saturation: 0.91

num_attempts: 105
dur: 600
std: 9.18
size: 1241877 (1.18 MiB)

xmin: 0.38044624684976824
xmax: 0.38892082312095466
ymin: 1.919892575590206
ymax: 1.9246595247427485

contrast: 1.13
brightness: 0.15
saturation: 0.42
gamma: 1.08
gamma_r: 0.95
gamma_g: 0.93
gamma_b: 1.04
vignette: -32
temp: 5651