tweet_id: 1703051519883362807
masto_id: 111075269143332971

n_iter: 566
ct: 35
hue_offset: 304
saturation: -0.07

num_attempts: 37
dur: 50
std: 18.03
size: 1249781 (1.19 MiB)

xmin: -0.20843569798083905
xmax: -0.2071233620228338
ymin: -0.8320950856873688
ymax: -0.8313568967109908

contrast: 1.12
brightness: 0.03
saturation: 0.75
gamma: 1.0
gamma_r: 1.09
gamma_g: 1.1
gamma_b: 1.09
vignette: -16
temp: 5296