tweet_id: 1700681737280340402
masto_id: 111038241213568595

n_iter: 519
ct: 114
hue_offset: 74
saturation: 0.48

num_attempts: 17
dur: 15
std: 116.26
size: 697601 (681.25 KiB)

xmin: -0.1868071334336241
xmax: -0.18608822617266077
ymin: -0.8161630359188687
ymax: -0.8157586505845769

contrast: 0.73
brightness: 0.07
saturation: 0.68
gamma: 1.02
gamma_r: 1.04
gamma_g: 0.95
gamma_b: 0.98
vignette: 1
temp: 5908