tweet_id: 1699593351157231642
masto_id: 111021235196542894

n_iter: 560
ct: 137
hue_offset: 228
saturation: -0.27

num_attempts: 6
dur: 19
std: 127.43
size: 956589 (934.17 KiB)

xmin: -0.09140432779398289
xmax: -0.08923748055671311
ymin: -0.869156214908021
ymax: -0.8679373633370567

contrast: 1.01
brightness: -0.0
saturation: 1.29
gamma: 0.92
gamma_r: 1.06
gamma_g: 1.08
gamma_b: 1.02
vignette: 13
temp: 2398