tweet_id: 1700524191546540335
masto_id: 111035779694933254

newton_power: 4
newton_const: -3

n_iter: 142
ct: 25
hue_offset: 116
saturation: -0.37

num_attempts: 139
dur: 600
std: 8.63
size: 1122809 (1.07 MiB)

xmin: 1.3633222144310553
xmax: 1.3853002364090772
ymin: -1.1464946057204872
ymax: -1.13413196835785

contrast: 0.84
brightness: -0.09
saturation: 1.03
gamma: 1.06
gamma_r: 1.02
gamma_g: 1.02
gamma_b: 0.92
vignette: 26
temp: 6109