tweet_id: 1705826633599623555
masto_id: FAIL

n_iter: 306
ct: 107
hue_offset: 322
saturation: -0.36

num_attempts: 11
dur: 5
std: 24.72
size: 1693597 (1.62 MiB)

xmin: 0.7031755710910801
xmax: 0.8906755710910801
ymin: -1.3080136431831897
ymax: -1.2025448931831897

contrast: 1.17
brightness: -0.02
saturation: 1.03
gamma: 0.98
gamma_r: 1.01
gamma_g: 0.93
gamma_b: 0.91
vignette: 15
temp: 4798