tweet_id: 1702599637520023748
masto_id: 111068208557947592

n_iter: 433
ct: 180
hue_offset: 37
saturation: 0.29

num_attempts: 40
dur: 37
std: 15.95
size: 587982 (574.2 KiB)

xmin: -2.1102125996116317
xmax: -0.7768792662782984
ymin: -0.34663222471618926
ymax: 0.40336777528381074

contrast: 0.81
brightness: -0.04
saturation: 0.38
gamma: 1.05
gamma_r: 0.96
gamma_g: 0.99
gamma_b: 1.07
vignette: 22
temp: 7392