tweet_id: 1705524244015186341
masto_id: 111113905433177450

n_iter: 243
ct: 117
hue_offset: 192
saturation: -0.14

num_attempts: 31
dur: 29
std: 20.06
size: 639255 (624.27 KiB)

xmin: -0.31664078758145475
xmax: -0.2523550732957405
ymin: -0.9053426996649281
ymax: -0.8691819853792138

contrast: 1.16
brightness: 0.01
saturation: 0.71
gamma: 0.93
gamma_r: 1.01
gamma_g: 0.96
gamma_b: 0.96
vignette: -17
temp: 7541