tweet_id: 1703108558311600512
masto_id: 111076160313199998

n_iter: 302
ct: 101
hue_offset: 351
saturation: -0.79

num_attempts: 7
dur: 4
std: 42.4
size: 2294106 (2.19 MiB)

xmin: -0.32938878959004336
xmax: -0.23364410873897953
ymin: -1.0271084018444692
ymax: -0.9732520188657457

contrast: 1.53
brightness: 0.03
saturation: 0.77
gamma: 0.97
gamma_r: 0.99
gamma_g: 1.04
gamma_b: 0.92
vignette: 11
temp: 3667