tweet_id: 1702996204185850311
masto_id: 111074404915895095

n_iter: 481
ct: 1
hue_offset: 301
saturation: 0.88

num_attempts: 312
dur: 604
std: 79.06
size: 1458360 (1.39 MiB)

xmin: -0.36994664256706833
xmax: -0.3634213570858285
ymin: 0.6552410774093214
ymax: 0.6589115504925187

contrast: 0.83
brightness: -0.05
saturation: 1.18
gamma: 1.07
gamma_r: 0.94
gamma_g: 0.95
gamma_b: 1.08
vignette: -39
temp: 3009