tweet_id: 1704566863039000598
masto_id: 111098946389834487

n_iter: 594
ct: 255
hue_offset: 75
saturation: 0.01

num_attempts: 216
dur: 602
std: 83.91
size: 992261 (969.0 KiB)

xmin: 0.2295925155546752
xmax: 0.23459877337695303
ymin: -0.9616100201793598
ymax: -0.9587940001543285

contrast: 1.43
brightness: -0.0
saturation: 0.62
gamma: 1.07
gamma_r: 0.97
gamma_g: 1.0
gamma_b: 1.06
vignette: -24
temp: 6268