tweet_id: 1700994200526049639
masto_id: 111043123645982534

n_iter: 425
ct: 79
hue_offset: 296
saturation: -0.6

num_attempts: 4
dur: 2
std: 29.93
size: 986122 (963.01 KiB)

xmin: -2.1028532549381733
xmax: -1.2028532549381734
ymin: -0.5102967463120525
ymax: -0.004046746312052485

contrast: 1.05
brightness: 0.11
saturation: 0.36
gamma: 0.92
gamma_r: 0.94
gamma_g: 1.09
gamma_b: 1.03
vignette: -33
temp: 5815