tweet_id: 1705230864320434528
masto_id: 111109321343168931

n_iter: 418
ct: 255
hue_offset: 190
saturation: -0.81

num_attempts: 299
dur: 603
std: 41.34
size: 448908 (438.39 KiB)

xmin: -0.08263924459187999
xmax: -0.07097743701170506
ymin: -1.144971918846193
ymax: -1.1384121520823447

contrast: 1.15
brightness: 0.02
saturation: 1.33
gamma: 1.06
gamma_r: 1.09
gamma_g: 1.06
gamma_b: 0.94
vignette: -13
temp: 3142