tweet_id: 1701421837115154841
masto_id: 111049805351353715

n_iter: 447
ct: 128
hue_offset: 275
saturation: 0.25

num_attempts: 15
dur: 14
std: 40.14
size: 1060450 (1.01 MiB)

xmin: 0.19051272419662713
xmax: 0.1946279505340757
ymin: 0.5751460067665617
ymax: 0.5774608215813765

contrast: 1.22
brightness: 0.06
saturation: 0.85
gamma: 1.03
gamma_r: 1.07
gamma_g: 1.0
gamma_b: 1.08
vignette: -6
temp: 4509