tweet_id: 1700066939115368499
masto_id: 111028635140045846

n_iter: 572
ct: 1
hue_offset: 188
saturation: 0.86

num_attempts: 278
dur: 600
std: 50.85
size: 820618 (801.38 KiB)

xmin: -0.5707104864707806
xmax: -0.5322489480092422
ymin: 0.3119148910825398
ymax: 0.33354950646715514

contrast: 0.74
brightness: 0.09
saturation: 0.39
gamma: 1.09
gamma_r: 1.08
gamma_g: 0.95
gamma_b: 1.1
vignette: -10
temp: 6408