tweet_id: 1700390683884797953
masto_id: 111033693594422846

n_iter: 206
ct: 209
hue_offset: 46
saturation: -0.68

num_attempts: 2
dur: 1
std: 27.42
size: 973262 (950.45 KiB)

xmin: -1.5309126725477498
xmax: -1.0309126725477498
ymin: -0.5202018237979833
ymax: -0.2389518237979833

contrast: 1.16
brightness: -0.01
saturation: 1.09
gamma: 0.91
gamma_r: 0.99
gamma_g: 1.04
gamma_b: 0.95
vignette: -17
temp: 7006