tweet_id: 1700766812357456324
masto_id: 111039570533150888

newton_power: 5
newton_const: 0

n_iter: 181
ct: 115
hue_offset: 280
saturation: -0.74

num_attempts: 104
dur: 853
std: 1.26
size: 465195 (454.29 KiB)

xmin: -1.6617235247960402
xmax: -0.4617235247960403
ymin: -0.8939057710069271
ymax: -0.2189057710069272

contrast: 1.56
brightness: 0.15
saturation: 0.68
gamma: 1.07
gamma_r: 0.93
gamma_g: 0.97
gamma_b: 1.0
vignette: 23
temp: 4594