tweet_id: 1701905609623269412
masto_id: 111057364344033878

n_iter: 733
ct: 65
hue_offset: 76
saturation: 0.61

num_attempts: 81
dur: 114
std: 22.42
size: 968942 (946.23 KiB)

xmin: -0.7014994253370546
xmax: -0.6894512325659702
ymin: -0.37748190121019554
ymax: -0.3707047927764606

contrast: 1.68
brightness: 0.1
saturation: 1.13
gamma: 0.9
gamma_r: 0.92
gamma_g: 0.95
gamma_b: 1.0
vignette: 8
temp: 2206