tweet_id: 1704618199189508399
masto_id: 111099748496038145

n_iter: 145
ct: 90
hue_offset: 6
saturation: 0.68

num_attempts: 10
dur: 3
std: 24.11
size: 2371462 (2.26 MiB)

xmin: -1.0735327537081873
xmax: -1.014322227392398
ymin: -0.5292729247944528
ymax: -0.4959670037418212

contrast: 1.04
brightness: 0.21
saturation: 1.44
gamma: 0.91
gamma_r: 1.05
gamma_g: 1.05
gamma_b: 1.07
vignette: -48
temp: 7575