tweet_id: 1700687794937499984
masto_id: 111038336015194277

newton_power: 4
newton_const: 5

n_iter: 216
ct: 55
hue_offset: 230
saturation: -0.02

num_attempts: 120
dur: 600
std: 6.85
size: 1094731 (1.04 MiB)

xmin: 0.7611220129611791
xmax: 0.8861220129611791
ymin: -0.383065033507646
ymax: -0.312752533507646

contrast: 0.92
brightness: 0.21
saturation: 0.91
gamma: 1.08
gamma_r: 1.05
gamma_g: 1.03
gamma_b: 1.08
vignette: -45
temp: 5517