tweet_id: 1704415827829875187
masto_id: 111096586456195163

n_iter: 372
ct: 1
hue_offset: 5
saturation: 0.97

num_attempts: 347
dur: 602
std: 39.81
size: 1084013 (1.03 MiB)

xmin: -0.6407981918359535
xmax: -0.6282195754837523
ymin: -0.5032786828719263
ymax: -0.4962032111738131

contrast: 0.97
brightness: -0.09
saturation: 1.03
gamma: 0.9
gamma_r: 0.93
gamma_g: 1.01
gamma_b: 0.93
vignette: -39
temp: 5341