tweet_id: 1702452572399763893
masto_id: 111065910551917098

n_iter: 545
ct: 1
hue_offset: 285
saturation: 0.06

num_attempts: 227
dur: 607
std: 57.68
size: 1069602 (1.02 MiB)

xmin: 0.573842553372506
xmax: 0.5799494236015137
ymin: 0.2311552925800593
ymax: 0.23459040708387607

contrast: 1.72
brightness: 0.22
saturation: 0.78
gamma: 1.03
gamma_r: 1.04
gamma_g: 0.99
gamma_b: 1.06
vignette: -26
temp: 5339