tweet_id: 1699613907512431047
masto_id: 111021556468713363

n_iter: 530
ct: 255
hue_offset: 274
saturation: 0.14

num_attempts: 197
dur: 608
std: 74.89
size: 1122164 (1.07 MiB)

xmin: -0.5341357008654215
xmax: -0.5258023675320882
ymin: 0.3963838407208211
ymax: 0.4010713407208211

contrast: 1.31
brightness: 0.19
saturation: 1.57
gamma: 0.95
gamma_r: 0.93
gamma_g: 1.06
gamma_b: 0.98
vignette: -15
temp: 3773