tweet_id: 1706037568951783807
masto_id: 111121926113542927
subre_id: /r/hourly_fractals/comments/16r7b01/feeling_the_burning_ship_vibes_today_visualart/

n_iter: 180
ct: 197
hue_offset: 202
saturation: 0.26

num_attempts: 7
dur: 3
std: 28.74
size: 1877663 (1.79 MiB)

xmin: -0.23550756992957567
xmax: -0.15656020150852304
ymin: -1.0332723574678047
ymax: -0.9888644627309625

contrast: 1.5
brightness: 0.1
saturation: 0.43
gamma: 1.02
gamma_r: 1.1
gamma_g: 0.99
gamma_b: 1.06
vignette: 14
temp: 6986