tweet_id: 1702698504756535535
masto_id: 111069753346759092

newton_power: 3
newton_const: 3

n_iter: 167
ct: 6
hue_offset: 246
saturation: 0.33

num_attempts: 240
dur: 600
std: 4.16
size: 775054 (756.89 KiB)

xmin: -0.32507570860720536
xmax: -0.28560202439667903
ymin: -1.0558346386882969
ymax: -1.0336306913198758

contrast: 1.2
brightness: 0.04
saturation: 1.63
gamma: 0.99
gamma_r: 1.02
gamma_g: 0.95
gamma_b: 1.08
vignette: 20
temp: 7329