tweet_id: 1699739034665529729
masto_id: 111023511612337339

newton_power: 5
newton_const: -8

n_iter: 177
ct: 48
hue_offset: 79
saturation: -0.04

num_attempts: 93
dur: 601
std: 11.2
size: 1275874 (1.22 MiB)

xmin: -1.0126898563795157
xmax: -1.0053638490535084
ymin: 0.12488812589485487
ymax: 0.129009005015734

contrast: 0.95
brightness: 0.09
saturation: 1.62
gamma: 0.95
gamma_r: 0.91
gamma_g: 1.0
gamma_b: 1.0
vignette: -31
temp: 5999