tweet_id: 1701207397144895831
masto_id: 111046454683803755

n_iter: 472
ct: 66
hue_offset: 141
saturation: -0.48

num_attempts: 2
dur: 4
std: 28.83
size: 444223 (433.81 KiB)

xmin: -1.2618732078570207
xmax: -1.2018732078570207
ymin: -0.3172256810817953
ymax: -0.28347568108179527

contrast: 1.12
brightness: -0.08
saturation: 1.05
gamma: 0.99
gamma_r: 1.1
gamma_g: 0.95
gamma_b: 1.01
vignette: -35
temp: 4608