tweet_id: 1702670451304997153
masto_id: 111069314998107093

newton_power: 7
newton_const: -2

n_iter: 112
ct: 248
hue_offset: 134
saturation: -0.11

num_attempts: 87
dur: 601
std: 18.32
size: 1096774 (1.05 MiB)

xmin: -2.0977350962252945
xmax: -2.091612647245703
ymin: 0.02181708892420886
ymax: 0.02526096647522927

contrast: 0.86
brightness: 0.08
saturation: 0.79
gamma: 0.91
gamma_r: 0.96
gamma_g: 0.91
gamma_b: 1.02
vignette: 26
temp: 7868