tweet_id: 1700492519207772651
masto_id: 111035284804805518

n_iter: 528
ct: 1
hue_offset: 157
saturation: 0.73

num_attempts: 296
dur: 604
std: 66.47
size: 504382 (492.56 KiB)

xmin: -0.04729824574336394
xmax: -0.03248343092854913
ymin: -0.7739882464788602
ymax: -0.7656549131455269

contrast: 0.82
brightness: 0.02
saturation: 1.14
gamma: 0.94
gamma_r: 1.09
gamma_g: 0.91
gamma_b: 0.96
vignette: -3
temp: 2370