tweet_id: 1700157597871960089
masto_id: 111030051578669123

n_iter: 499
ct: 255
hue_offset: 94
saturation: 0.34

num_attempts: 252
dur: 601
std: 41.0
size: 280752 (274.17 KiB)

xmin: -0.5159485280126661
xmax: -0.507455959010543
ymin: -0.08626252833127324
ymax: -0.08148545826757897

contrast: 1.43
brightness: 0.16
saturation: 0.75
gamma: 1.0
gamma_r: 0.92
gamma_g: 1.07
gamma_b: 1.08
vignette: 4
temp: 2260