tweet_id: 1702118387285942342
masto_id: 111060688929366062

n_iter: 368
ct: 12
hue_offset: 50
saturation: -0.78

num_attempts: 1
dur: 2
std: 53.31
size: 1390985 (1.33 MiB)

xmin: -0.4168686932272756
xmax: 0.03313130677272441
ymin: -1.1679657347720698
ymax: -0.9148407347720697

contrast: 1.59
brightness: 0.18
saturation: 0.52
gamma: 1.0
gamma_r: 1.0
gamma_g: 1.04
gamma_b: 1.05
vignette: 15
temp: 3974