tweet_id: 1702784832181551383
masto_id: 111071102289694638

n_iter: 422
ct: 1
hue_offset: 80
saturation: -0.75

num_attempts: 270
dur: 608
std: 48.47
size: 1180170 (1.13 MiB)

xmin: 0.5389155666900067
xmax: 0.5430822333566734
ymin: 0.1905534114998073
ymax: 0.19289716149980732

contrast: 0.7
brightness: 0.08
saturation: 1.27
gamma: 0.93
gamma_r: 1.1
gamma_g: 0.94
gamma_b: 0.94
vignette: 30
temp: 5343