tweet_id: 1701814153516908663
masto_id: 111055935415744500

n_iter: 489
ct: 8
hue_offset: 106
saturation: -0.17

num_attempts: 42
dur: 37
std: 105.14
size: 1323395 (1.26 MiB)

xmin: -1.246080937383928
xmax: -1.2433374531589623
ymin: 0.05475499888316193
ymax: 0.05629820875970514

contrast: 1.01
brightness: -0.0
saturation: 0.63
gamma: 0.98
gamma_r: 1.08
gamma_g: 0.96
gamma_b: 1.09
vignette: -13
temp: 3510