tweet_id: 1699363739957342620
masto_id: 111017647572750905

n_iter: 214
ct: 54
hue_offset: 81
saturation: -0.43

num_attempts: 31
dur: 14
std: 25.91
size: 2064052 (1.97 MiB)

xmin: -1.0837833004949524
xmax: -0.8190774181420113
ymin: -0.8439565010854031
ymax: -0.6950594422618737

contrast: 0.88
brightness: 0.02
saturation: 1.06
gamma: 1.06
gamma_r: 0.96
gamma_g: 1.07
gamma_b: 0.98
vignette: -12
temp: 6107