tweet_id: 1702517329815277696
masto_id: 111066922477145667

newton_power: 5
newton_const: -4

n_iter: 232
ct: 12
hue_offset: 216
saturation: 0.46

num_attempts: 88
dur: 604
std: 11.71
size: 913810 (892.39 KiB)

xmin: -0.8587395628587489
xmax: -0.8466427886652005
ymin: -0.2724821844360439
ymax: -0.26567774895217294

contrast: 1.79
brightness: 0.05
saturation: 0.98
gamma: 1.08
gamma_r: 0.97
gamma_g: 1.07
gamma_b: 1.09
vignette: 6
temp: 3099