tweet_id: 1705804722668724566
masto_id: 111118287884060395

n_iter: 366
ct: 255
hue_offset: 230
saturation: 0.01

num_attempts: 381
dur: 605
std: 43.6
size: 281278 (274.69 KiB)

xmin: 0.5028868327826181
xmax: 0.5351448972987471
ymin: -0.42556999591722233
ymax: -0.40742483462689977

contrast: 1.3
brightness: 0.2
saturation: 1.11
gamma: 1.07
gamma_r: 0.92
gamma_g: 1.04
gamma_b: 0.96
vignette: 0
temp: 7318