tweet_id: 1705568769735602407
masto_id: 111114601281341562

newton_power: 4
newton_const: -2

n_iter: 81
ct: 150
hue_offset: 177
saturation: 0.13

num_attempts: 112
dur: 609
std: 7.5
size: 952737 (930.41 KiB)

xmin: -0.15443751529596383
xmax: -0.1305331328258443
ymin: 0.5026983829471967
ymax: 0.5161445980866389

contrast: 1.24
brightness: 0.21
saturation: 0.57
gamma: 1.03
gamma_r: 0.94
gamma_g: 1.0
gamma_b: 0.92
vignette: -38
temp: 7920