tweet_id: 1702538909350064484
masto_id: 111067259543618008

n_iter: 772
ct: 35
hue_offset: 84
saturation: -0.8

num_attempts: 7
dur: 10
std: 18.51
size: 602846 (588.72 KiB)

xmin: 0.05346469224987782
xmax: 0.05434925660193443
ymin: -0.6708742993486181
ymax: -0.6703767319005862

contrast: 0.97
brightness: 0.0
saturation: 1.27
gamma: 1.09
gamma_r: 1.08
gamma_g: 1.01
gamma_b: 0.91
vignette: 1
temp: 5161