tweet_id: 1706189448826769723
masto_id: 111124299235091739
subre_id: /r/hourly_fractals/comments/16rk6a2/cheers_to_a_fantastic_monday_deeplearning/

n_iter: 343
ct: 159
hue_offset: 349
saturation: 0.72

num_attempts: 14
dur: 9
std: 42.43
size: 746439 (728.94 KiB)

xmin: -1.1551282044179452
xmax: -0.03012820441794517
ymin: -1.0948195570314034
ymax: -0.46200705703140343

contrast: 0.74
brightness: -0.03
saturation: 1.5
gamma: 0.97
gamma_r: 1.07
gamma_g: 1.02
gamma_b: 0.91
vignette: -1
temp: 3005