tweet_id: 1701702001854185683
masto_id: 111054182919744802

newton_power: 7
newton_const: -10

n_iter: 122
ct: 155
hue_offset: 80
saturation: 0.52

num_attempts: 79
dur: 607
std: 22.23
size: 611266 (596.94 KiB)

xmin: 0.009835252593594301
xmax: 0.017251816252432373
ymin: -0.787189917596687
ymax: -0.7830181005385906

contrast: 1.21
brightness: 0.11
saturation: 0.89
gamma: 0.97
gamma_r: 0.99
gamma_g: 0.91
gamma_b: 0.93
vignette: -1
temp: 3513