tweet_id: 1705506987016855556
masto_id: 111113635824863346

newton_power: 5
newton_const: -10

n_iter: 233
ct: 12
hue_offset: 330
saturation: 0.19

num_attempts: 107
dur: 601
std: 10.92
size: 1032341 (1008.15 KiB)

xmin: -2.055706085202464
xmax: -2.010593303247577
ymin: -0.23665261130583093
ymax: -0.21127667145620688

contrast: 1.49
brightness: 0.06
saturation: 1.11
gamma: 1.07
gamma_r: 0.99
gamma_g: 0.97
gamma_b: 1.09
vignette: 18
temp: 3660