tweet_id: 1704437322173817293
masto_id: 111096922264688244

n_iter: 146
ct: 232
hue_offset: 7
saturation: 0.57

num_attempts: 4
dur: 2
std: 21.8
size: 476219 (465.06 KiB)

xmin: -0.5876949501470083
xmax: 0.16230504985299166
ymin: -1.1585062863297058
ymax: -0.7366312863297058

contrast: 1.65
brightness: -0.02
saturation: 0.66
gamma: 0.92
gamma_r: 0.99
gamma_g: 1.01
gamma_b: 0.91
vignette: -3
temp: 4235