tweet_id: 1704389705121550732
masto_id: 111096178361022626

newton_power: 4
newton_const: -8

n_iter: 254
ct: 63
hue_offset: 177
saturation: 0.68

num_attempts: 102
dur: 602
std: 8.75
size: 1002354 (978.86 KiB)

xmin: 0.9320047430072989
xmax: 0.9383674153296743
ymin: 0.47456140525066726
ymax: 0.4781404084320034

contrast: 0.71
brightness: 0.1
saturation: 0.84
gamma: 1.08
gamma_r: 1.06
gamma_g: 0.96
gamma_b: 0.93
vignette: 18
temp: 7184