tweet_id: 1700179458802798596
masto_id: 111030393137096748

n_iter: 269
ct: 12
hue_offset: 82
saturation: 0.93

num_attempts: 10
dur: 4
std: 43.44
size: 981964 (958.95 KiB)

xmin: 0.6185016231844562
xmax: 0.6974489916055089
ymin: -1.1353603722392471
ymax: -1.090952477502405

contrast: 1.63
brightness: 0.1
saturation: 0.49
gamma: 1.0
gamma_r: 0.93
gamma_g: 0.96
gamma_b: 1.0
vignette: -48
temp: 7359