tweet_id: 1700364332343668855
masto_id: 111033281841595672

n_iter: 357
ct: 191
hue_offset: 51
saturation: -0.46

num_attempts: 12
dur: 12
std: 25.97
size: 753609 (735.95 KiB)

xmin: -0.43650335846964117
xmax: -0.12881105077733346
ymin: -0.8153204463368433
ymax: -0.6422435232599202

contrast: 1.41
brightness: -0.03
saturation: 0.6
gamma: 1.04
gamma_r: 1.07
gamma_g: 0.99
gamma_b: 1.05
vignette: -46
temp: 4799