tweet_id: 1701547107172098361
masto_id: 111051762712379390

n_iter: 387
ct: 1
hue_offset: 162
saturation: -0.59

num_attempts: 349
dur: 601
std: 62.18
size: 1362568 (1.3 MiB)

xmin: 0.44340079496021056
xmax: 0.4475587991182147
ymin: -0.5713350596526842
ymax: -0.5689961823138068

contrast: 1.17
brightness: 0.17
saturation: 0.99
gamma: 1.08
gamma_r: 1.09
gamma_g: 1.06
gamma_b: 1.05
vignette: -14
temp: 5264