tweet_id: 1701580686707097659
masto_id: FAIL

n_iter: 326
ct: 255
hue_offset: 105
saturation: -0.88

num_attempts: 423
dur: 603
std: 59.68
size: 905429 (884.21 KiB)

xmin: 0.343967184652179
xmax: 0.34913514330850975
ymin: 0.6548799718861456
ymax: 0.6577869486303316

contrast: 1.18
brightness: -0.06
saturation: 0.67
gamma: 1.06
gamma_r: 1.01
gamma_g: 0.97
gamma_b: 0.95
vignette: 24
temp: 6465