tweet_id: 1701097972014952620
masto_id: 111044745083818739

newton_power: 4
newton_const: -2

n_iter: 122
ct: 195
hue_offset: 11
saturation: -0.64

num_attempts: 106
dur: 610
std: 7.86
size: 972954 (950.15 KiB)

xmin: 0.9074194102971624
xmax: 1.0612655641433162
ymin: 1.0024905861444577
ymax: 1.0890290476829192

contrast: 1.28
brightness: 0.08
saturation: 1.29
gamma: 0.95
gamma_r: 0.92
gamma_g: 1.03
gamma_b: 1.09
vignette: 33
temp: 4671