tweet_id: FAIL
masto_id: 111089508510632578

n_iter: 457
ct: 255
hue_offset: 316
saturation: 0.41

num_attempts: 344
dur: 608
std: 72.09
size: 933510 (911.63 KiB)

xmin: 0.29094291602378686
xmax: 0.29635563591553243
ymin: -0.7035843107340765
ymax: -0.7005396557949696

contrast: 1.58
brightness: 0.12
saturation: 1.29
gamma: 0.98
gamma_r: 1.08
gamma_g: 1.09
gamma_b: 1.02
vignette: -1
temp: 2625