tweet_id: 1705395896186474990
masto_id: 111111900036819398

n_iter: 426
ct: 255
hue_offset: 27
saturation: 0.13

num_attempts: 348
dur: 601
std: 67.31
size: 803396 (784.57 KiB)

xmin: -0.27742862067948715
xmax: -0.26992393024796746
ymin: -0.7304080823419372
ymax: -0.7261866939742074

contrast: 0.79
brightness: 0.04
saturation: 0.98
gamma: 1.0
gamma_r: 1.05
gamma_g: 1.08
gamma_b: 1.05
vignette: -9
temp: 4961