tweet_id: 1702059975483527397
masto_id: 111059776310428437

n_iter: 602
ct: 1
hue_offset: 7
saturation: 0.92

num_attempts: 275
dur: 602
std: 49.7
size: 858535 (838.41 KiB)

xmin: -0.08697664486461099
xmax: -0.07922470688011486
ymin: -1.1537812217811194
ymax: -1.1494207566648404

contrast: 1.11
brightness: 0.17
saturation: 0.82
gamma: 0.99
gamma_r: 1.09
gamma_g: 1.08
gamma_b: 0.95
vignette: 9
temp: 2642