tweet_id: 1703833886386745800
masto_id: 111087493617656565

n_iter: 395
ct: 75
hue_offset: 218
saturation: 0.25

num_attempts: 51
dur: 31
std: 32.09
size: 1007992 (984.37 KiB)

xmin: 0.05176724772858243
xmax: 0.14959333468510416
ymin: -1.2009975256908334
ymax: -1.14597035177779

contrast: 0.9
brightness: -0.09
saturation: 1.53
gamma: 1.04
gamma_r: 1.08
gamma_g: 0.99
gamma_b: 0.96
vignette: -2
temp: 2222