tweet_id: 1699428397951209685
masto_id: 111018657913016229

n_iter: 266
ct: 244
hue_offset: 316
saturation: -0.21

num_attempts: 57
dur: 29
std: 80.71
size: 598373 (584.35 KiB)

xmin: -1.2144141864456701
xmax: -1.213118010165696
ymin: 0.13313268545298507
ymax: 0.1338617846104705

contrast: 1.31
brightness: 0.17
saturation: 1.3
gamma: 1.01
gamma_r: 0.94
gamma_g: 0.97
gamma_b: 0.96
vignette: 24
temp: 4341