tweet_id: 1700903888398737652
masto_id: 111041712292569505

n_iter: 197
ct: 241
hue_offset: 25
saturation: 0.85

num_attempts: 1
dur: 2
std: 24.24
size: 680230 (664.29 KiB)

xmin: 0.57425848702667
xmax: 0.62113348702667
ymin: -1.1270605432903833
ymax: -1.1006933557903833

contrast: 1.1
brightness: 0.02
saturation: 0.83
gamma: 0.93
gamma_r: 0.97
gamma_g: 1.03
gamma_b: 1.07
vignette: 2
temp: 7077