tweet_id: 1702129902529437770
masto_id: 111060868795487672

n_iter: 310
ct: 188
hue_offset: 354
saturation: 0.45

num_attempts: 38
dur: 24
std: 72.15
size: 960020 (937.52 KiB)

xmin: -0.819629333386314
xmax: -0.8132901891707831
ymin: 0.17590734601479951
ymax: 0.17947311463603566

contrast: 1.52
brightness: 0.16
saturation: 0.73
gamma: 1.06
gamma_r: 1.02
gamma_g: 1.09
gamma_b: 0.93
vignette: -41
temp: 2261