tweet_id: 1700787268280037419
masto_id: 111039890314307754

n_iter: 1008
ct: 254
hue_offset: 83
saturation: 0.94

num_attempts: 56
dur: 94
std: 34.88
size: 926515 (904.8 KiB)

xmin: 0.32603567253489896
xmax: 0.32653195045053174
ymin: 0.5752988639774546
ymax: 0.5755780203049979

contrast: 0.75
brightness: 0.08
saturation: 1.7
gamma: 0.98
gamma_r: 0.91
gamma_g: 1.07
gamma_b: 0.97
vignette: 26
temp: 4816