tweet_id: 1701818504679452779
masto_id: 111056003327148530

n_iter: 345
ct: 255
hue_offset: 42
saturation: -0.95

num_attempts: 360
dur: 610
std: 56.09
size: 1025721 (1001.68 KiB)

xmin: -0.42038515707007806
xmax: -0.41410572221921466
ymin: -0.6187132364289761
ymax: -0.6151810543253654

contrast: 0.96
brightness: 0.18
saturation: 1.66
gamma: 1.01
gamma_r: 0.96
gamma_g: 0.93
gamma_b: 0.94
vignette: 26
temp: 6633