tweet_id: 1701598296236863855
masto_id: 111052562541895160

n_iter: 445
ct: 249
hue_offset: 165
saturation: 0.23

num_attempts: 5
dur: 3
std: 66.97
size: 1518925 (1.45 MiB)

xmin: 0.03304116004512547
xmax: 0.12304116004512547
ymin: -1.1434976424496968
ymax: -1.0928726424496968

contrast: 1.77
brightness: 0.13
saturation: 0.76
gamma: 0.97
gamma_r: 1.01
gamma_g: 1.06
gamma_b: 0.91
vignette: 32
temp: 4093