tweet_id: 1702030008603000998
masto_id: 111059308052022932

n_iter: 320
ct: 1
hue_offset: 81
saturation: -0.44

num_attempts: 430
dur: 607
std: 50.53
size: 618519 (604.02 KiB)

xmin: -0.1744787920024109
xmax: -0.16574516754826243
ymin: 0.7421542627577611
ymax: 0.7470669265132196

contrast: 1.09
brightness: 0.12
saturation: 1.14
gamma: 0.99
gamma_r: 1.05
gamma_g: 0.94
gamma_b: 1.02
vignette: 3
temp: 3980