tweet_id: 1703087044501668288
masto_id: 111075824115617002

n_iter: 299
ct: 255
hue_offset: 217
saturation: 0.09

num_attempts: 545
dur: 605
std: 54.82
size: 578468 (564.91 KiB)

xmin: 0.557046332523087
xmax: 0.5614467725670914
ymin: 0.3603236604257354
ymax: 0.36279890795048786

contrast: 1.57
brightness: 0.08
saturation: 1.27
gamma: 0.96
gamma_r: 1.0
gamma_g: 0.93
gamma_b: 0.93
vignette: -5
temp: 3210