tweet_id: 1703483728838656480
masto_id: FAIL

newton_power: 4
newton_const: 6

n_iter: 111
ct: 127
hue_offset: 110
saturation: 0.65

num_attempts: 116
dur: 600
std: 7.43
size: 918367 (896.84 KiB)

xmin: -1.0916026790901072
xmax: -0.9639431046220222
ymin: 0.26730606748001673
ymax: 0.3391145781183146

contrast: 1.51
brightness: 0.15
saturation: 1.28
gamma: 0.98
gamma_r: 1.04
gamma_g: 0.91
gamma_b: 1.01
vignette: 7
temp: 4878