tweet_id: 1699459336009867486
masto_id: 111019141252202712

n_iter: 760
ct: 180
hue_offset: 258
saturation: 0.08

num_attempts: 35
dur: 54
std: 22.79
size: 380181 (371.27 KiB)

xmin: -0.43054206191560995
xmax: -0.42912462747195296
ymin: 0.5964323859155614
ymax: 0.5972296927901184

contrast: 0.89
brightness: 0.09
saturation: 0.52
gamma: 0.98
gamma_r: 0.99
gamma_g: 0.94
gamma_b: 1.08
vignette: 2
temp: 5540