tweet_id: 1705796281833250831
masto_id: 111118156167367366

n_iter: 442
ct: 113
hue_offset: 176
saturation: -0.84

num_attempts: 4
dur: 2
std: 34.14
size: 1055197 (1.01 MiB)

xmin: -1.9959123313416922
xmax: -1.2459123313416922
ymin: -0.389818053015335
ymax: 0.03205694698466499

contrast: 1.02
brightness: 0.17
saturation: 0.83
gamma: 1.03
gamma_r: 0.98
gamma_g: 0.95
gamma_b: 1.01
vignette: -32
temp: 5340