tweet_id: 1701085376373305573
masto_id: 111044548115600612

n_iter: 323
ct: 154
hue_offset: 308
saturation: 0.77

num_attempts: 9
dur: 10
std: 25.65
size: 432690 (422.55 KiB)

xmin: -1.9099375270591852
xmax: 0.3400624729408148
ymin: -1.4077753140912792
ymax: -0.1421503140912792

contrast: 1.52
brightness: -0.06
saturation: 1.15
gamma: 1.06
gamma_r: 1.02
gamma_g: 1.01
gamma_b: 0.99
vignette: -10
temp: 6252