tweet_id: 1704770033304629519
masto_id: 111102120848489214

n_iter: 400
ct: 86
hue_offset: 167
saturation: -0.74

num_attempts: 9
dur: 18
std: 47.5
size: 560388 (547.25 KiB)

xmin: -0.9779046201476673
xmax: -0.6317507739938212
ymin: -0.6705468489067876
ymax: -0.4758353104452492

contrast: 1.72
brightness: -0.08
saturation: 1.66
gamma: 1.07
gamma_r: 0.98
gamma_g: 0.99
gamma_b: 0.99
vignette: -29
temp: 7947