tweet_id: 1703772792531906591
masto_id: FAIL

n_iter: 360
ct: 79
hue_offset: 39
saturation: 0.05

num_attempts: 21
dur: 15
std: 28.79
size: 994444 (971.14 KiB)

xmin: -1.310234337061551
xmax: 0.939765662938449
ymin: -1.2301055233001363
ymax: 0.03551947669986366

contrast: 0.85
brightness: 0.19
saturation: 0.62
gamma: 0.91
gamma_r: 0.94
gamma_g: 0.98
gamma_b: 1.03
vignette: -39
temp: 6972