tweet_id: 1703302551930822773
masto_id: 111079191580714457

newton_power: 6
newton_const: -4

n_iter: 130
ct: 74
hue_offset: 331
saturation: 0.71

num_attempts: 87
dur: 608
std: 15.8
size: 1202294 (1.15 MiB)

xmin: -0.05494916756077961
xmax: 0.0038743618509850947
ymin: 1.303993518027815
ymax: 1.3370817533219328

contrast: 1.29
brightness: -0.04
saturation: 1.21
gamma: 0.93
gamma_r: 0.99
gamma_g: 0.96
gamma_b: 0.95
vignette: -19
temp: 4430