tweet_id: 1700088597137826144
masto_id: FAIL

n_iter: 323
ct: 56
hue_offset: 45
saturation: -0.47

num_attempts: 22
dur: 16
std: 26.89
size: 734107 (716.9 KiB)

xmin: -1.3620087627365611
xmax: 0.8879912372634389
ymin: -1.387897871652968
ymax: -0.12227287165296796

contrast: 0.95
brightness: 0.16
saturation: 1.4
gamma: 1.0
gamma_r: 0.93
gamma_g: 1.01
gamma_b: 0.96
vignette: -7
temp: 3474