tweet_id: 1701301894201876554
masto_id: 111047931287372170

n_iter: 329
ct: 122
hue_offset: 86
saturation: -0.44

num_attempts: 259
dur: 206
std: 38.58
size: 920404 (898.83 KiB)

xmin: 0.3814132853039971
xmax: 0.3821890804940669
ymin: 0.15542637572513707
ymax: 0.15586276051955134

contrast: 1.6
brightness: 0.1
saturation: 0.32
gamma: 0.98
gamma_r: 1.01
gamma_g: 0.95
gamma_b: 1.08
vignette: -7
temp: 6426