tweet_id: 1700821876900049173
masto_id: 111040431058122294

n_iter: 390
ct: 1
hue_offset: 350
saturation: 0.84

num_attempts: 385
dur: 606
std: 61.07
size: 772274 (754.17 KiB)

xmin: 0.17677209478906653
xmax: 0.1810138763373168
ymin: 1.0600508231274262
ymax: 1.062436825248317

contrast: 1.38
brightness: 0.2
saturation: 1.46
gamma: 0.97
gamma_r: 0.96
gamma_g: 0.92
gamma_b: 0.98
vignette: 31
temp: 5826