tweet_id: 1700450774059544970
masto_id: 111034632557087183

n_iter: 222
ct: 140
hue_offset: 6
saturation: -0.54

num_attempts: 16
dur: 8
std: 28.28
size: 1084722 (1.03 MiB)

xmin: 0.186257680944383
xmax: 0.467507680944383
ymin: -1.2696442428443668
ymax: -1.1114411178443668

contrast: 1.66
brightness: -0.07
saturation: 1.59
gamma: 0.93
gamma_r: 0.93
gamma_g: 0.97
gamma_b: 0.95
vignette: 21
temp: 6858