tweet_id: 1704691668614775252
masto_id: 111100896522902027

newton_power: 6
newton_const: 9

n_iter: 141
ct: 100
hue_offset: 12
saturation: -0.56

num_attempts: 84
dur: 601
std: 12.83
size: 1273249 (1.21 MiB)

xmin: -0.3589569026896884
xmax: -0.09808733747229709
ymin: -1.0779795743813394
ymax: -0.9312404439465568

contrast: 1.17
brightness: 0.01
saturation: 0.39
gamma: 0.96
gamma_r: 1.0
gamma_g: 0.92
gamma_b: 1.02
vignette: -43
temp: 3303