tweet_id: 1705321558623789171
masto_id: 111110738606305480

n_iter: 483
ct: 1
hue_offset: 249
saturation: -0.01

num_attempts: 389
dur: 600
std: 58.12
size: 740558 (723.2 KiB)

xmin: -0.462640941312501
xmax: -0.4371632343061316
ymin: -0.5584069327294863
ymax: -0.5440757225384034

contrast: 0.87
brightness: 0.02
saturation: 1.32
gamma: 0.98
gamma_r: 1.06
gamma_g: 1.04
gamma_b: 1.02
vignette: 25
temp: 2078