tweet_id: 1706654486129762791
masto_id: 111131565505639139
subre_id: FAIL

n_iter: 527
ct: 1
hue_offset: 75
saturation: -0.65

num_attempts: 236
dur: 612
std: 71.79
size: 1442992 (1.38 MiB)

xmin: -0.1367253309686549
xmax: -0.13088591491026075
ymin: 0.7633221414448448
ymax: 0.7666068129776915

contrast: 1.32
brightness: 0.0
saturation: 1.31
gamma: 0.99
gamma_r: 0.99
gamma_g: 0.96
gamma_b: 0.99
vignette: -6
temp: 7975