tweet_id: 1706590201353785538
masto_id: 111130561005813897
subre_id: FAIL

n_iter: 349
ct: 1
hue_offset: 247
saturation: -0.64

num_attempts: 374
dur: 602
std: 61.95
size: 723934 (706.97 KiB)

xmin: -0.5451586489417302
xmax: -0.5378460346821323
ymin: 0.19533824134139932
ymax: 0.1994515868624231

contrast: 1.57
brightness: -0.06
saturation: 1.2
gamma: 0.95
gamma_r: 1.07
gamma_g: 0.98
gamma_b: 0.98
vignette: 7
temp: 2046