tweet_id: FAIL
masto_id: 111089289303230740

newton_power: 7
newton_const: 0

n_iter: 81
ct: 144
hue_offset: 233
saturation: 0.49

num_attempts: 72
dur: 601
std: 3.21
size: 67240 (65.66 KiB)

xmin: -2.716245010397425
xmax: 0.28375498960257506
ymin: 0.19909892819662423
ymax: 1.8865989281966242

contrast: 1.15
brightness: 0.03
saturation: 0.69
gamma: 1.08
gamma_r: 1.09
gamma_g: 0.97
gamma_b: 1.07
vignette: 1
temp: 4060