tweet_id: 1701221080772354551
masto_id: 111046668615429599

newton_power: 6
newton_const: -9

n_iter: 102
ct: 152
hue_offset: 102
saturation: 0.28

num_attempts: 78
dur: 603
std: 26.43
size: 756528 (738.8 KiB)

xmin: -2.263695336196175
xmax: -2.248769963061847
ymin: 1.571520844341666
ymax: 1.5799163667297256

contrast: 1.29
brightness: 0.07
saturation: 1.72
gamma: 0.92
gamma_r: 1.1
gamma_g: 0.99
gamma_b: 0.92
vignette: -9
temp: 5884