tweet_id: 1703808539171688731
masto_id: FAIL

n_iter: 953
ct: 250
hue_offset: 226
saturation: -0.75

num_attempts: 62
dur: 90
std: 18.98
size: 768133 (750.13 KiB)

xmin: -1.1330456838882923
xmax: -1.1269201096157042
ymin: 0.27137033242165276
ymax: 0.27481596794998353

contrast: 0.96
brightness: 0.17
saturation: 0.66
gamma: 1.09
gamma_r: 0.92
gamma_g: 1.02
gamma_b: 1.09
vignette: -7
temp: 4192