tweet_id: 1699610296803844514
masto_id: 111021500066524630

n_iter: 781
ct: 29
hue_offset: 309
saturation: 0.67

num_attempts: 52
dur: 121
std: 46.48
size: 1274716 (1.22 MiB)

xmin: -1.2448454727942984
xmax: -1.2410431914254771
ymin: 0.10861062132216315
ymax: 0.11074940459212512

contrast: 1.41
brightness: -0.07
saturation: 1.13
gamma: 1.02
gamma_r: 0.95
gamma_g: 1.05
gamma_b: 1.04
vignette: 7
temp: 6088