tweet_id: 1703332739494134271
masto_id: 111079663245786094

newton_power: 4
newton_const: 10

n_iter: 180
ct: 89
hue_offset: 197
saturation: 0.49

num_attempts: 122
dur: 602
std: 8.0
size: 871722 (851.29 KiB)

xmin: 1.8947702021725492
xmax: 1.917075034886304
ymin: 0.03564248290477545
ymax: 0.04818895130626244

contrast: 1.7
brightness: 0.06
saturation: 1.58
gamma: 0.97
gamma_r: 1.04
gamma_g: 1.01
gamma_b: 1.1
vignette: 11
temp: 4043