tweet_id: 1704045290989224040
masto_id: 111090796760645602

n_iter: 289
ct: 71
hue_offset: 333
saturation: 0.66

num_attempts: 9
dur: 7
std: 42.68
size: 1114350 (1.06 MiB)

xmin: 0.5638124132043485
xmax: 0.8006545184675063
ymin: -1.1821087918304825
ymax: -1.0488851076199561

contrast: 1.32
brightness: -0.02
saturation: 1.19
gamma: 0.95
gamma_r: 0.95
gamma_g: 0.92
gamma_b: 0.99
vignette: -22
temp: 4731