tweet_id: 1701774489111998495
masto_id: 111055315645545566

newton_power: 6
newton_const: 7

n_iter: 103
ct: 203
hue_offset: 227
saturation: 0.41

num_attempts: 83
dur: 634
std: 12.62
size: 928607 (906.84 KiB)

xmin: -0.5835026910807324
xmax: -0.5771735771566817
ymin: -1.15749913499304
ymax: -1.1539390084107615

contrast: 1.43
brightness: -0.05
saturation: 1.21
gamma: 1.07
gamma_r: 1.01
gamma_g: 1.05
gamma_b: 1.0
vignette: -17
temp: 4366