tweet_id: 1705532858851352581
masto_id: 111114040047893708

n_iter: 492
ct: 1
hue_offset: 332
saturation: 0.93

num_attempts: 261
dur: 600
std: 72.97
size: 1015890 (992.08 KiB)

xmin: 0.5405053832979867
xmax: 0.5530053832979867
ymin: -0.3145907697779595
ymax: -0.30755951977795953

contrast: 1.5
brightness: 0.11
saturation: 1.43
gamma: 0.99
gamma_r: 0.98
gamma_g: 0.98
gamma_b: 1.08
vignette: -28
temp: 4209