tweet_id: 1706586002876506402
masto_id: 111130495526766171
subre_id: FAIL

n_iter: 177
ct: 49
hue_offset: 104
saturation: 0.04

num_attempts: 24
dur: 16
std: 21.67
size: 660619 (645.14 KiB)

xmin: 0.34318191641927065
xmax: 0.39581349536663907
ymin: 0.18815647979451522
ymax: 0.21776174295240996

contrast: 1.3
brightness: 0.16
saturation: 0.56
gamma: 1.09
gamma_r: 1.07
gamma_g: 1.03
gamma_b: 0.94
vignette: -18
temp: 4531