tweet_id: 1703997065397756127
masto_id: 111090043302007564

newton_power: 4
newton_const: -8

n_iter: 176
ct: 44
hue_offset: 297
saturation: -0.07

num_attempts: 134
dur: 602
std: 7.14
size: 1031052 (1006.89 KiB)

xmin: 1.4084053961462164
xmax: 1.4356781234189437
ymin: -1.0274257770997361
ymax: -1.012084868008827

contrast: 1.32
brightness: 0.05
saturation: 1.12
gamma: 1.08
gamma_r: 1.01
gamma_g: 1.07
gamma_b: 0.96
vignette: -17
temp: 6687