tweet_id: 1703449497571885342
masto_id: 111081487504960217

n_iter: 332
ct: 255
hue_offset: 217
saturation: -0.33

num_attempts: 415
dur: 607
std: 59.02
size: 1532670 (1.46 MiB)

xmin: 0.486236069082552
xmax: 0.4913907082578097
ymin: -0.07388758020694208
ymax: -0.0709880956708596

contrast: 1.23
brightness: -0.03
saturation: 1.15
gamma: 1.1
gamma_r: 1.09
gamma_g: 0.98
gamma_b: 0.98
vignette: -34
temp: 2538