tweet_id: 1702308196163997766
masto_id: 111063654800321536

newton_power: 3
newton_const: -7

n_iter: 78
ct: 61
hue_offset: 45
saturation: -0.4

num_attempts: 271
dur: 601
std: 4.05
size: 1019274 (995.38 KiB)

xmin: 0.5632659875296704
xmax: 0.8632659875296704
ymin: -1.339705168971335
ymax: -1.1709551689713351

contrast: 1.56
brightness: 0.21
saturation: 1.32
gamma: 1.07
gamma_r: 1.1
gamma_g: 1.05
gamma_b: 1.05
vignette: -37
temp: 4811