tweet_id: 1704475324476723373
masto_id: 111097516094179540

n_iter: 899
ct: 63
hue_offset: 285
saturation: -0.36

num_attempts: 2
dur: 1
std: 29.45
size: 1507097 (1.44 MiB)

xmin: 0.15199741346023776
xmax: 0.1524199784296018
ymin: -0.6075261518011443
ymax: -0.607288459005877

contrast: 1.26
brightness: -0.05
saturation: 0.42
gamma: 0.99
gamma_r: 1.02
gamma_g: 1.02
gamma_b: 1.1
vignette: -24
temp: 5373