tweet_id: 1699956548121030895
masto_id: 111026910196786508

n_iter: 910
ct: 183
hue_offset: 270
saturation: 0.11

num_attempts: 116
dur: 194
std: 128.45
size: 1841130 (1.76 MiB)

xmin: -0.2731200791692321
xmax: -0.27260824295682007
ymin: 0.6383920182913985
ymax: 0.6386799261608802

contrast: 0.72
brightness: 0.16
saturation: 1.59
gamma: 1.0
gamma_r: 1.02
gamma_g: 0.98
gamma_b: 0.91
vignette: -30
temp: 7954