tweet_id: 1705873451242627307
masto_id: 111119361787633206

n_iter: 150
ct: 48
hue_offset: 349
saturation: -0.45

num_attempts: 7
dur: 4
std: 20.79
size: 1924512 (1.84 MiB)

xmin: -1.035531101274543
xmax: -0.6264401921836338
ymin: -1.06572662487783
ymax: -0.8356129885141937

contrast: 1.22
brightness: 0.08
saturation: 0.49
gamma: 0.91
gamma_r: 0.98
gamma_g: 0.98
gamma_b: 0.95
vignette: -29
temp: 4842