tweet_id: 1704321213366141098
masto_id: 111095108256494206

n_iter: 136
ct: 83
hue_offset: 59
saturation: 0.6

num_attempts: 126
dur: 47
std: 27.05
size: 612955 (598.59 KiB)

xmin: -0.7366012325709939
xmax: -0.7360925855720112
ymin: -0.13777924399608366
ymax: -0.1374931300591559

contrast: 0.92
brightness: 0.16
saturation: 0.74
gamma: 0.96
gamma_r: 1.05
gamma_g: 0.93
gamma_b: 1.07
vignette: 30
temp: 6269