tweet_id: 1701175834571059600
masto_id: 111045961589768258

n_iter: 460
ct: 119
hue_offset: 348
saturation: 0.72

num_attempts: 12
dur: 13
std: 73.91
size: 1956491 (1.87 MiB)

xmin: -1.0034485509751605
xmax: -0.8987973881844629
ymin: -0.62272610858672
ymax: -0.5638598295169525

contrast: 1.2
brightness: -0.09
saturation: 1.28
gamma: 0.91
gamma_r: 0.91
gamma_g: 0.95
gamma_b: 0.96
vignette: 23
temp: 2441