tweet_id: 1700913139343061203
masto_id: 111041856985730930

n_iter: 582
ct: 255
hue_offset: 358
saturation: 0.07

num_attempts: 248
dur: 606
std: 65.34
size: 915129 (893.68 KiB)

xmin: 0.2805936274928902
xmax: 0.32360438018106225
ymin: -0.7090440605990257
ymax: -0.6848505122119289

contrast: 1.09
brightness: 0.18
saturation: 1.34
gamma: 1.07
gamma_r: 1.09
gamma_g: 1.07
gamma_b: 0.92
vignette: -10
temp: 6129