tweet_id: 1701425886283890924
masto_id: 111049868643699953

n_iter: 510
ct: 1
hue_offset: 111
saturation: 0.61

num_attempts: 282
dur: 600
std: 78.6
size: 1050441 (1.0 MiB)

xmin: 0.5162556801881033
xmax: 0.523732315702122
ymin: -0.4211115928812035
ymax: -0.41690598540456797

contrast: 0.73
brightness: -0.09
saturation: 1.17
gamma: 0.9
gamma_r: 0.92
gamma_g: 1.08
gamma_b: 1.08
vignette: -33
temp: 6656