tweet_id: 1705778787718434906
masto_id: 111117882745632706

newton_power: 3
newton_const: -6

n_iter: 212
ct: 56
hue_offset: 51
saturation: -0.25

num_attempts: 246
dur: 600
std: 4.15
size: 868073 (847.73 KiB)

xmin: 0.7051904943147083
xmax: 0.7157725048967188
ymin: -1.8170495827041508
ymax: -1.81109720175177

contrast: 1.15
brightness: -0.08
saturation: 0.65
gamma: 1.08
gamma_r: 0.96
gamma_g: 1.05
gamma_b: 0.9
vignette: -20
temp: 7700