tweet_id: 1703242185230159992
masto_id: 111078248370194986

newton_power: 7
newton_const: -1

n_iter: 157
ct: 163
hue_offset: 101
saturation: 0.2

num_attempts: 66
dur: 605
std: 24.84
size: 1365092 (1.3 MiB)

xmin: -0.9561399435247284
xmax: -0.9474190132921703
ymin: 1.4605639593838435
ymax: 1.4654694826396575

contrast: 1.46
brightness: 0.14
saturation: 1.19
gamma: 0.9
gamma_r: 1.09
gamma_g: 1.05
gamma_b: 0.95
vignette: -46
temp: 5625