tweet_id: 1700248089959768184
masto_id: FAIL

n_iter: 429
ct: 255
hue_offset: 165
saturation: -0.74

num_attempts: 322
dur: 600
std: 39.29
size: 924289 (902.63 KiB)

xmin: 0.051829166776286684
xmax: 0.0953074276458519
ymin: -0.7960193376755595
ymax: -0.7715628159364292

contrast: 1.26
brightness: 0.2
saturation: 1.14
gamma: 1.08
gamma_r: 1.05
gamma_g: 1.01
gamma_b: 1.08
vignette: -48
temp: 6679