tweet_id: 1704359480211767648
masto_id: 111095706086753357

newton_power: 4
newton_const: -10

n_iter: 80
ct: 129
hue_offset: 23
saturation: -0.32

num_attempts: 141
dur: 604
std: 8.0
size: 666937 (651.31 KiB)

xmin: 1.221078614672197
xmax: 1.2348400825621053
ymin: -1.7392255308531945
ymax: -1.7314847051651212

contrast: 1.66
brightness: 0.05
saturation: 1.47
gamma: 1.09
gamma_r: 1.08
gamma_g: 0.95
gamma_b: 1.01
vignette: -13
temp: 6552