tweet_id: 1706104918669496666
masto_id: 111122978461893298
subre_id: /r/hourly_fractals/comments/16rdp7g/another_monday_another_burning_ship_mathematics/

n_iter: 455
ct: 20
hue_offset: 269
saturation: -0.24

num_attempts: 1
dur: 2
std: 60.62
size: 1917598 (1.83 MiB)

xmin: 0.44043798252358535
xmax: 0.491574346159949
ymin: -1.180986915064464
ymax: -1.1522227105190095

contrast: 1.13
brightness: 0.17
saturation: 0.46
gamma: 1.09
gamma_r: 0.91
gamma_g: 0.98
gamma_b: 1.06
vignette: 4
temp: 5974