tweet_id: 1701512687690117211
masto_id: 111051224873270147

n_iter: 692
ct: 71
hue_offset: 342
saturation: 0.59

num_attempts: 114
dur: 110
std: 63.24
size: 1214331 (1.16 MiB)

xmin: -0.5516833762573699
xmax: -0.5512732880884135
ymin: -0.5606521338520346
ymax: -0.5604214592569967

contrast: 1.62
brightness: 0.04
saturation: 1.7
gamma: 0.93
gamma_r: 0.91
gamma_g: 0.98
gamma_b: 0.9
vignette: -10
temp: 6259