tweet_id: 1705886515484840239
masto_id: 111119565947688415
subre_id: /r/hourly_fractals/comments/16qu002/have_an_awesome_sunday_fractals_ai/

n_iter: 264
ct: 174
hue_offset: 216
saturation: -0.11

num_attempts: 6
dur: 6
std: 43.83
size: 1869870 (1.78 MiB)

xmin: 0.5427494045431724
xmax: 0.5976274533236603
ymin: -1.146168523047037
ymax: -1.1152996206080128

contrast: 1.11
brightness: 0.03
saturation: 0.48
gamma: 1.0
gamma_r: 0.98
gamma_g: 1.1
gamma_b: 1.03
vignette: -22
temp: 6910