tweet_id: 1706159051300589998
masto_id: 111123824274865280
subre_id: /r/hourly_fractals/comments/16ri1tx/ever_heard_of_this_burning_ship_mathematics/

n_iter: 387
ct: 30
hue_offset: 46
saturation: 0.11

num_attempts: 85
dur: 34
std: 29.01
size: 642642 (627.58 KiB)

xmin: -2.11073622457587
xmax: 0.13926377542412993
ymin: -1.1535346199176104
ymax: 0.11209038008238958

contrast: 1.54
brightness: 0.12
saturation: 0.89
gamma: 0.94
gamma_r: 1.0
gamma_g: 1.02
gamma_b: 1.05
vignette: -29
temp: 2307