tweet_id: 1704506485751910619
masto_id: 111098002875449638

n_iter: 409
ct: 1
hue_offset: 351
saturation: 0.19

num_attempts: 386
dur: 607
std: 54.36
size: 462650 (451.81 KiB)

xmin: -0.5747153656051327
xmax: -0.5663646349161974
ymin: -0.6045487948968375
ymax: -0.5998515088843115

contrast: 1.73
brightness: 0.2
saturation: 0.93
gamma: 0.94
gamma_r: 1.0
gamma_g: 1.01
gamma_b: 0.95
vignette: -13
temp: 4372