tweet_id: 1706732770654142745
masto_id: 111132788783975406
subre_id: FAIL

n_iter: 479
ct: 121
hue_offset: 35
saturation: 0.11

num_attempts: 2
dur: 0
std: 29.82
size: 795345 (776.7 KiB)

xmin: -1.8933828318104329
xmax: -0.3933828318104329
ymin: -1.5712076192709854
ymax: -0.7274576192709854

contrast: 0.97
brightness: -0.1
saturation: 0.9
gamma: 0.96
gamma_r: 0.97
gamma_g: 0.94
gamma_b: 1.06
vignette: -22
temp: 2878