tweet_id: 1702667761627898165
masto_id: 111069272973968354

n_iter: 322
ct: 1
hue_offset: 14
saturation: 0.2

num_attempts: 520
dur: 602
std: 40.48
size: 895504 (874.52 KiB)

xmin: 0.24389655848860903
xmax: 0.29151560610765664
ymin: -0.7187936103875562
ymax: -0.6920078961018419

contrast: 0.97
brightness: 0.15
saturation: 0.61
gamma: 0.96
gamma_r: 0.94
gamma_g: 0.92
gamma_b: 1.08
vignette: 32
temp: 7056