tweet_id: 1702417447012237320
masto_id: 111065361649962308

n_iter: 556
ct: 131
hue_offset: 329
saturation: -0.33

num_attempts: 63
dur: 52
std: 92.12
size: 404779 (395.29 KiB)

xmin: -0.9787784715683634
xmax: -0.9775619265561979
ymin: 0.24874572313523524
ymax: 0.2494300297045783

contrast: 1.01
brightness: -0.0
saturation: 1.34
gamma: 0.9
gamma_r: 1.05
gamma_g: 0.99
gamma_b: 0.92
vignette: -15
temp: 6454