tweet_id: 1706657101475348877
masto_id: 111131606387010921
subre_id: FAIL

newton_power: 6
newton_const: 9

n_iter: 138
ct: 22
hue_offset: 250
saturation: -0.05

num_attempts: 89
dur: 600
std: 16.99
size: 1449434 (1.38 MiB)

xmin: 1.086352915767268
xmax: 1.1009870621087314
ymin: 1.5346536672175541
ymax: 1.5428853745346274

contrast: 1.1
brightness: 0.13
saturation: 0.71
gamma: 0.93
gamma_r: 1.09
gamma_g: 0.91
gamma_b: 0.92
vignette: -39
temp: 5098