tweet_id: 1701329824407581178
masto_id: 111048367816811561

n_iter: 267
ct: 93
hue_offset: 266
saturation: 0.01

num_attempts: 54
dur: 33
std: 84.14
size: 1016196 (992.38 KiB)

xmin: -0.22485076213876454
xmax: -0.22399879195772088
ymin: -0.7194981971147982
ymax: -0.7190189638879612

contrast: 0.98
brightness: 0.01
saturation: 1.42
gamma: 0.95
gamma_r: 0.99
gamma_g: 1.01
gamma_b: 1.07
vignette: -26
temp: 4452