tweet_id: 1699666463379120261
masto_id: 111022377620804588

n_iter: 444
ct: 228
hue_offset: 225
saturation: 0.34

num_attempts: 80
dur: 57
std: 49.43
size: 1383305 (1.32 MiB)

xmin: -1.4474652656381768
xmax: -1.3537152656381768
ymin: -0.3443585944141263
ymax: -0.2916242194141263

contrast: 0.81
brightness: -0.08
saturation: 1.02
gamma: 1.04
gamma_r: 1.01
gamma_g: 0.99
gamma_b: 1.0
vignette: -9
temp: 4953