tweet_id: 1705718363765322216
masto_id: 111116938627530834

newton_power: 5
newton_const: -4

n_iter: 124
ct: 247
hue_offset: 292
saturation: -0.45

num_attempts: 110
dur: 602
std: 11.2
size: 912236 (890.86 KiB)

xmin: 1.6692565650657443
xmax: 1.6814269504612818
ymin: 1.2735025975081036
ymax: 1.2803484392930935

contrast: 0.73
brightness: 0.02
saturation: 1.04
gamma: 0.94
gamma_r: 0.99
gamma_g: 1.01
gamma_b: 1.07
vignette: -14
temp: 5859