tweet_id: 1704385873633042810
masto_id: 111096118408647284

n_iter: 634
ct: 255
hue_offset: 84
saturation: 0.07

num_attempts: 261
dur: 608
std: 99.65
size: 717831 (701.01 KiB)

xmin: 0.10398376656831054
xmax: 0.1100443726289166
ymin: -1.1234624187228663
ymax: -1.1200533278137754

contrast: 1.3
brightness: 0.15
saturation: 1.63
gamma: 1.03
gamma_r: 0.96
gamma_g: 0.97
gamma_b: 1.03
vignette: -5
temp: 4887