tweet_id: 1702931657437614084
masto_id: 111073396302121428

n_iter: 283
ct: 107
hue_offset: 351
saturation: 0.57

num_attempts: 65
dur: 44
std: 31.1
size: 1246619 (1.19 MiB)

xmin: -0.5513656257386432
xmax: -0.5507338140185358
ymin: 0.5684408372971697
ymax: 0.5687962313897301

contrast: 1.74
brightness: 0.04
saturation: 0.56
gamma: 1.0
gamma_r: 0.93
gamma_g: 0.98
gamma_b: 0.98
vignette: -43
temp: 5308