tweet_id: 1706378870436532588
masto_id: 111127258960050468
subre_id: /r/hourly_fractals/comments/16s08zt/have_a_great_day_visualart_programming/

n_iter: 528
ct: 1
hue_offset: 307
saturation: 0.0

num_attempts: 303
dur: 602
std: 62.63
size: 486046 (474.65 KiB)

xmin: 0.18651079254485614
xmax: 0.20444801227579784
ymin: 0.8983224172167641
ymax: 0.9084121033154188

contrast: 1.17
brightness: -0.07
saturation: 1.33
gamma: 0.98
gamma_r: 0.97
gamma_g: 0.98
gamma_b: 1.04
vignette: -46
temp: 6809