tweet_id: 1702493006144868497
masto_id: 111066542458410643

n_iter: 814
ct: 71
hue_offset: 143
saturation: 0.92

num_attempts: 61
dur: 74
std: 49.04
size: 1016342 (992.52 KiB)

xmin: -1.3632349762503748
xmax: -1.3618854485850578
ymin: 0.030985999147020493
ymax: 0.031745108458761384

contrast: 1.04
brightness: 0.07
saturation: 1.27
gamma: 0.99
gamma_r: 1.01
gamma_g: 1.0
gamma_b: 0.95
vignette: -11
temp: 4034