tweet_id: 1701184562053669166
masto_id: FAIL

n_iter: 420
ct: 255
hue_offset: 28
saturation: 0.94

num_attempts: 301
dur: 602
std: 66.69
size: 657768 (642.35 KiB)

xmin: 0.52762866579805
xmax: 0.535161622483549
ymin: -0.38139277731511445
ymax: -0.37715548917952124

contrast: 1.78
brightness: 0.06
saturation: 1.43
gamma: 1.04
gamma_r: 1.06
gamma_g: 1.05
gamma_b: 1.05
vignette: 26
temp: 3080