tweet_id: 1706370480922386784
masto_id: FAIL
subre_id: /r/hourly_fractals/comments/16rze1p/have_an_awesome_monday_visualart_digitalart/

n_iter: 261
ct: 173
hue_offset: 275
saturation: 0.67

num_attempts: 21
dur: 13
std: 23.39
size: 1617867 (1.54 MiB)

xmin: -0.8299482150559805
xmax: -0.781561118281787
ymin: -0.9773205560046965
ymax: -0.9501028140692126

contrast: 0.9
brightness: 0.1
saturation: 1.29
gamma: 0.99
gamma_r: 0.95
gamma_g: 1.05
gamma_b: 1.04
vignette: 10
temp: 3303