tweet_id: 1704204465065316801
masto_id: 111093283935637378

n_iter: 326
ct: 255
hue_offset: 256
saturation: -0.56

num_attempts: 435
dur: 600
std: 46.72
size: 605986 (591.78 KiB)

xmin: -0.11532401213653665
xmax: -0.08633850489015983
ymin: -0.7683964590328175
ymax: -0.7520921112067306

contrast: 1.67
brightness: -0.08
saturation: 1.2
gamma: 1.04
gamma_r: 1.06
gamma_g: 1.09
gamma_b: 0.92
vignette: 22
temp: 5079