tweet_id: 1705705245081559130
masto_id: 111116733538920538

n_iter: 268
ct: 67
hue_offset: 137
saturation: -0.89

num_attempts: 48
dur: 29
std: 25.83
size: 324361 (316.76 KiB)

xmin: -1.1774445374019207
xmax: -0.6774445374019207
ymin: -0.5744130625274488
ymax: -0.29316306252744884

contrast: 1.77
brightness: -0.01
saturation: 1.34
gamma: 1.03
gamma_r: 0.96
gamma_g: 0.97
gamma_b: 1.08
vignette: 2
temp: 6446