tweet_id: 1701727809985527947
masto_id: 111054586208276949

n_iter: 315
ct: 1
hue_offset: 155
saturation: 0.03

num_attempts: 495
dur: 604
std: 35.14
size: 1182837 (1.13 MiB)

xmin: -0.5298481708211489
xmax: -0.5229037263767045
ymin: -0.12436279696736574
ymax: -0.12045654696736574

contrast: 0.99
brightness: 0.15
saturation: 1.22
gamma: 1.06
gamma_r: 1.08
gamma_g: 1.05
gamma_b: 0.94
vignette: -36
temp: 4003