tweet_id: 1701611426971066731
masto_id: 111052767857591090

newton_power: 4
newton_const: -10

n_iter: 150
ct: 86
hue_offset: 87
saturation: 0.77

num_attempts: 101
dur: 613
std: 7.89
size: 722598 (705.66 KiB)

xmin: -1.0737319610061125
xmax: -1.0458249842619265
ymin: 1.4828352532919156
ymax: 1.4985329277105202

contrast: 1.45
brightness: 0.09
saturation: 0.61
gamma: 0.96
gamma_r: 1.07
gamma_g: 1.07
gamma_b: 0.98
vignette: -5
temp: 3015