tweet_id: 1705035757138624979
masto_id: 111106272897850488

newton_power: 3
newton_const: 10

n_iter: 132
ct: 87
hue_offset: 234
saturation: 0.62

num_attempts: 251
dur: 600
std: 3.98
size: 565679 (552.42 KiB)

xmin: 0.2595965650182901
xmax: 0.27645049760255974
ymin: 0.1392090122479206
ymax: 0.14868934932657227

contrast: 0.98
brightness: -0.09
saturation: 0.54
gamma: 1.01
gamma_r: 0.9
gamma_g: 0.96
gamma_b: 1.09
vignette: -9
temp: 5667