tweet_id: 1699316282234195994
masto_id: 111016906151700011

newton_power: 5
newton_const: -8

n_iter: 114
ct: 10
hue_offset: 2
saturation: 0.19

num_attempts: 92
dur: 600
std: 11.37
size: 950854 (928.57 KiB)

xmin: 2.2945533557142035
xmax: 2.326299387460235
ymin: -1.367125119472571
ymax: -1.3492679766154283

contrast: 1.5
brightness: -0.08
saturation: 0.61
gamma: 0.92
gamma_r: 1.08
gamma_g: 0.93
gamma_b: 1.0
vignette: -9
temp: 7825