tweet_id: 1699527733099782204
masto_id: 111020210082071535

newton_power: 7
newton_const: -7

n_iter: 144
ct: 233
hue_offset: 265
saturation: -0.02

num_attempts: 79
dur: 606
std: 20.25
size: 1057917 (1.01 MiB)

xmin: 0.7597031042164422
xmax: 0.7677893575857144
ymin: -0.5291689114092526
ymax: -0.5246203938890369

contrast: 1.2
brightness: 0.15
saturation: 1.07
gamma: 1.04
gamma_r: 1.07
gamma_g: 1.06
gamma_b: 1.09
vignette: -48
temp: 4325