tweet_id: 1705502730330964081
masto_id: 111113569302161060

n_iter: 365
ct: 255
hue_offset: 216
saturation: -0.64

num_attempts: 397
dur: 601
std: 57.82
size: 1008677 (985.04 KiB)

xmin: 0.546507122857693
xmax: 0.556507122857693
ymin: -0.3881436857494449
ymax: -0.3825186857494449

contrast: 1.08
brightness: 0.23
saturation: 1.29
gamma: 0.91
gamma_r: 0.98
gamma_g: 1.0
gamma_b: 1.05
vignette: 30
temp: 3839