tweet_id: 1692237138966766041
masto_id: 110906294450222907

n_iter: 261
ct: 27
hue_offset: 126
saturation: -0.67

num_attempts: 42
dur: 15
std: 36.59
size: 2142563 (2.04 MiB)

xmin: -0.3752447049356258
xmax: -0.30266405977433547
ymin: -1.0579412099491765
ymax: -1.0171145970459508

contrast: 1.17
brightness: 0.19
saturation: 1.56
gamma: 0.91
gamma_r: 1.08
gamma_g: 1.08
gamma_b: 0.99
vignette: -37
temp: 7850