tweet_id: 1694622951729975365
masto_id: 110943572742540134

n_iter: 439
ct: 234
hue_offset: 152
saturation: -0.14

num_attempts: 13
dur: 14
std: 61.77
size: 1345372 (1.28 MiB)

xmin: -0.12855465722918025
xmax: -0.023903494438482567
ymin: -1.079609644881548
ymax: -1.0207433658117806

contrast: 1.59
brightness: -0.07
saturation: 1.02
gamma: 0.92
gamma_r: 0.95
gamma_g: 0.99
gamma_b: 0.96
vignette: -10
temp: 4180