tweet_id: 1695200141274165293
masto_id: 110952591421179301

n_iter: 682
ct: 140
hue_offset: 111
saturation: 0.43

num_attempts: 8
dur: 8
std: 33.73
size: 1420018 (1.35 MiB)

xmin: 0.3732262284156582
xmax: 0.37597348116291096
ymin: 0.3683228659148494
ymax: 0.3698681955851791

contrast: 1.75
brightness: 0.02
saturation: 0.79
gamma: 0.92
gamma_r: 1.01
gamma_g: 0.9
gamma_b: 0.95
vignette: -26
temp: 2383