tweet_id: 1698427481487978881
masto_id: 111003018558168489

n_iter: 219
ct: 12
hue_offset: 333
saturation: 0.15

num_attempts: 28
dur: 11
std: 23.28
size: 1227957 (1.17 MiB)

xmin: -1.195046756852909
xmax: -0.8488929106990629
ymin: -0.8780693506591253
ymax: -0.6833578121975868

contrast: 1.06
brightness: -0.1
saturation: 0.95
gamma: 0.93
gamma_r: 0.9
gamma_g: 0.92
gamma_b: 1.04
vignette: 6
temp: 2219