tweet_id: 1698738811575087427
masto_id: 111007883005915595

n_iter: 331
ct: 255
hue_offset: 211
saturation: -0.49

num_attempts: 489
dur: 601
std: 41.54
size: 657093 (641.69 KiB)

xmin: -0.38182126844543984
xmax: -0.36812263830845354
ymin: -0.700395034906716
ymax: -0.6926895554546612

contrast: 1.25
brightness: 0.03
saturation: 1.51
gamma: 1.08
gamma_r: 1.09
gamma_g: 1.09
gamma_b: 1.1
vignette: -32
temp: 4704