tweet_id: 1698047957323624649
masto_id: 110997088551691374

newton_power: 4
newton_const: 10

n_iter: 210
ct: 139
hue_offset: 4
saturation: -0.92

num_attempts: 114
dur: 603
std: 6.41
size: 985233 (962.14 KiB)

xmin: 0.21416472130229458
xmax: 0.37205945814439983
ymin: 1.7661469564809122
ymax: 1.8549627459545965

contrast: 1.54
brightness: 0.05
saturation: 0.39
gamma: 1.08
gamma_r: 1.06
gamma_g: 1.03
gamma_b: 1.01
vignette: -17
temp: 3576