tweet_id: 1693799757875941548
masto_id: 110930710305061136

n_iter: 519
ct: 1
hue_offset: 241
saturation: -0.27

num_attempts: 253
dur: 600
std: 76.94
size: 977669 (954.75 KiB)

xmin: -0.5448203515898755
xmax: -0.5375739747782813
ymin: -0.17222781843663482
ymax: -0.1681517314801131

contrast: 1.18
brightness: -0.02
saturation: 1.74
gamma: 1.09
gamma_r: 1.05
gamma_g: 0.94
gamma_b: 1.04
vignette: 24
temp: 3377