tweet_id: 1697504380218695809
masto_id: 110988595127076771

newton_power: 5
newton_const: 3

n_iter: 191
ct: 85
hue_offset: 313
saturation: -0.1

num_attempts: 107
dur: 603
std: 9.44
size: 968551 (945.85 KiB)

xmin: 0.5729582439935825
xmax: 0.6064777970662082
ymin: 0.7919514703100097
ymax: 0.8108062189133616

contrast: 0.78
brightness: 0.21
saturation: 0.63
gamma: 1.01
gamma_r: 1.1
gamma_g: 0.98
gamma_b: 0.92
vignette: -21
temp: 6872