tweet_id: 1697202356192993680
masto_id: 110983876065508835

newton_power: 6
newton_const: 1

n_iter: 95
ct: 171
hue_offset: 66
saturation: 0.24

num_attempts: 89
dur: 604
std: 14.75
size: 927659 (905.92 KiB)

xmin: 0.056410465657649844
xmax: 0.0625080266332596
ymin: 0.5106191194229717
ymax: 0.5140489974717521

contrast: 1.76
brightness: -0.09
saturation: 0.92
gamma: 1.02
gamma_r: 1.03
gamma_g: 1.03
gamma_b: 0.96
vignette: -31
temp: 2076