tweet_id: 1696650202663236005
masto_id: 110975248865771395

n_iter: 364
ct: 150
hue_offset: 46
saturation: -0.54

num_attempts: 1
dur: 0
std: 19.83
size: 764180 (746.27 KiB)

xmin: 0.15555307990749956
xmax: 0.15598753195485482
ymin: -0.6389352074648238
ymax: -0.6386908281881865

contrast: 1.49
brightness: -0.1
saturation: 1.68
gamma: 0.99
gamma_r: 0.98
gamma_g: 1.08
gamma_b: 0.92
vignette: 8
temp: 6927