tweet_id: 1697044979472892320
masto_id: 110981416889204884

n_iter: 139
ct: 214
hue_offset: 234
saturation: -0.44

num_attempts: 17
dur: 5
std: 21.57
size: 1876470 (1.79 MiB)

xmin: -1.0174769789978073
xmax: -0.8129315244523527
ymin: -0.8110525864286962
ymax: -0.6959957682468779

contrast: 1.44
brightness: 0.01
saturation: 0.74
gamma: 0.99
gamma_r: 1.01
gamma_g: 0.97
gamma_b: 1.01
vignette: -24
temp: 5885