tweet_id: 1695975980723212547
masto_id: 110964713889310722

newton_power: 6
newton_const: 7

n_iter: 239
ct: 173
hue_offset: 164
saturation: 0.63

num_attempts: 75
dur: 614
std: 15.28
size: 804074 (785.23 KiB)

xmin: -0.6099127391683368
xmax: 2.3900872608316632
ymin: -0.18648640585282505
ymax: 1.501013594147175

contrast: 1.48
brightness: 0.08
saturation: 0.51
gamma: 1.03
gamma_r: 1.01
gamma_g: 1.02
gamma_b: 0.93
vignette: -10
temp: 6949