tweet_id: 1696779629074284677
masto_id: 110977270787378138

newton_power: 7
newton_const: -6

n_iter: 75
ct: 85
hue_offset: 71
saturation: 0.34

num_attempts: 81
dur: 616
std: 32.54
size: 570808 (557.43 KiB)

xmin: -0.24630866109170313
xmax: -0.2393074942305596
ymin: 0.05254306540515774
ymax: 0.056481221764550976

contrast: 1.33
brightness: 0.07
saturation: 0.7
gamma: 1.0
gamma_r: 1.07
gamma_g: 0.99
gamma_b: 0.93
vignette: -23
temp: 2790