tweet_id: 1693262984175566953
masto_id: 110922323262295650

n_iter: 198
ct: 64
hue_offset: 263
saturation: 0.77

num_attempts: 7
dur: 2
std: 23.12
size: 959227 (936.75 KiB)

xmin: -1.2243592719285632
xmax: 0.2756407280714368
ymin: -1.3309047638643843
ymax: -0.4871547638643843

contrast: 1.65
brightness: 0.2
saturation: 0.66
gamma: 0.97
gamma_r: 1.09
gamma_g: 0.96
gamma_b: 0.91
vignette: -28
temp: 6652