tweet_id: 1696261841180377187
masto_id: 110969180349971690

n_iter: 454
ct: 1
hue_offset: 71
saturation: 0.37

num_attempts: 385
dur: 600
std: 51.54
size: 807928 (788.99 KiB)

xmin: 0.23607395931567288
xmax: 0.24397909765559384
ymin: -1.0892712679627454
ymax: -1.0848246276465399

contrast: 1.51
brightness: -0.06
saturation: 0.69
gamma: 0.98
gamma_r: 1.03
gamma_g: 0.92
gamma_b: 1.03
vignette: -25
temp: 5132