tweet_id: 1694525818385670606
masto_id: 110942055098964021

newton_power: 4
newton_const: -3

n_iter: 150
ct: 37
hue_offset: 355
saturation: 0.14

num_attempts: 129
dur: 603
std: 8.06
size: 729481 (712.38 KiB)

xmin: 1.4483610692282154
xmax: 1.4766629560206683
ymin: -1.164144214486385
ymax: -1.1482244031656301

contrast: 1.72
brightness: 0.22
saturation: 0.77
gamma: 0.99
gamma_r: 1.08
gamma_g: 0.97
gamma_b: 0.95
vignette: -6
temp: 7302