tweet_id: 1695084064615571814
masto_id: 110950777770548866

n_iter: 525
ct: 255
hue_offset: 112
saturation: 0.27

num_attempts: 247
dur: 601
std: 57.43
size: 528740 (516.35 KiB)

xmin: 0.5715597543071067
xmax: 0.5779700107173631
ymin: -0.4573943786440686
ymax: -0.4537886094132994

contrast: 1.06
brightness: 0.2
saturation: 0.57
gamma: 1.05
gamma_r: 0.97
gamma_g: 0.92
gamma_b: 0.93
vignette: -6
temp: 7070