tweet_id: 1698548635372326955
masto_id: 111004911586412270

n_iter: 152
ct: 90
hue_offset: 146
saturation: 0.34

num_attempts: 17
dur: 6
std: 22.46
size: 1229055 (1.17 MiB)

xmin: 0.5685338686297206
xmax: 0.6810338686297206
ymin: -1.3023140014353487
ymax: -1.2390327514353487

contrast: 1.34
brightness: 0.18
saturation: 0.55
gamma: 0.97
gamma_r: 1.09
gamma_g: 1.0
gamma_b: 0.92
vignette: -16
temp: 3301