tweet_id: 1695322099420729558
masto_id: 110954496976678442

n_iter: 990
ct: 76
hue_offset: 324
saturation: -0.3

num_attempts: 104
dur: 235
std: 127.5
size: 1577806 (1.5 MiB)

xmin: 0.19714767159929059
xmax: 0.20949335061163626
ymin: -0.5530741460625472
ymax: -0.5461297016181028

contrast: 0.95
brightness: 0.11
saturation: 0.35
gamma: 1.09
gamma_r: 0.99
gamma_g: 1.1
gamma_b: 1.07
vignette: -39
temp: 5513