tweet_id: 1697797248359575824
masto_id: 110993171122366145

n_iter: 451
ct: 149
hue_offset: 243
saturation: 0.29

num_attempts: 50
dur: 41
std: 59.53
size: 324147 (316.55 KiB)

xmin: -0.7718026829324536
xmax: -0.7707444818742525
ymin: 0.10006169367948248
ymax: 0.10065693177472057

contrast: 0.81
brightness: -0.09
saturation: 1.45
gamma: 0.99
gamma_r: 1.09
gamma_g: 1.08
gamma_b: 0.96
vignette: -21
temp: 5635