tweet_id: 1693927948993348053
masto_id: 110932713313544554

n_iter: 429
ct: 144
hue_offset: 271
saturation: 0.01

num_attempts: 6
dur: 7
std: 51.55
size: 1803788 (1.72 MiB)

xmin: -1.080147961840699
xmax: -1.0185041262242607
ymin: -0.5661845775982941
ymax: -0.5315099200640475

contrast: 0.93
brightness: 0.15
saturation: 0.91
gamma: 1.05
gamma_r: 0.99
gamma_g: 1.01
gamma_b: 1.01
vignette: -38
temp: 5125