tweet_id: 1695381575553208655
masto_id: 110955426402301986

n_iter: 871
ct: 6
hue_offset: 87
saturation: 0.62

num_attempts: 9
dur: 17
std: 31.61
size: 1274426 (1.22 MiB)

xmin: -1.3557712601445457
xmax: -1.354636830195595
ymin: -0.05814158842850903
ymax: -0.05750347158222428

contrast: 1.3
brightness: 0.1
saturation: 0.48
gamma: 1.03
gamma_r: 1.08
gamma_g: 1.04
gamma_b: 0.94
vignette: 12
temp: 2475