tweet_id: 1698506311229477170
masto_id: 111004250234216772

n_iter: 575
ct: 66
hue_offset: 279
saturation: 0.0

num_attempts: 17
dur: 10
std: 70.58
size: 871397 (850.97 KiB)

xmin: -0.7280876835902905
xmax: -0.7276539381988353
ymin: 0.24027769404857668
ymax: 0.24052167583127024

contrast: 0.9
brightness: 0.21
saturation: 0.86
gamma: 0.96
gamma_r: 1.08
gamma_g: 0.93
gamma_b: 1.02
vignette: -3
temp: 2167