tweet_id: 1695843382646485028
masto_id: 110962642066430748

newton_power: 7
newton_const: -2

n_iter: 147
ct: 1
hue_offset: 101
saturation: 0.51

num_attempts: 71
dur: 600
std: 22.37
size: 691373 (675.17 KiB)

xmin: 2.1975043142616117
xmax: 2.4832185999758973
ymin: 1.0915276196349315
ymax: 1.252241905349217

contrast: 1.02
brightness: 0.01
saturation: 0.99
gamma: 1.06
gamma_r: 1.08
gamma_g: 1.04
gamma_b: 1.01
vignette: -3
temp: 2301