tweet_id: 1699108163708944778
masto_id: 111013654262530908

newton_power: 7
newton_const: -10

n_iter: 212
ct: 1
hue_offset: 171
saturation: -0.18

num_attempts: 63
dur: 600
std: 22.37
size: 1041551 (1017.14 KiB)

xmin: -0.09748890346733541
xmax: -0.05061390346733541
ymin: -1.0562205276997645
ymax: -1.0298533401997645

contrast: 1.12
brightness: 0.22
saturation: 0.9
gamma: 0.99
gamma_r: 0.95
gamma_g: 1.03
gamma_b: 0.92
vignette: -18
temp: 7733