tweet_id: 1695060311047291391
masto_id: 110950406565434119

newton_power: 7
newton_const: 8

n_iter: 203
ct: 209
hue_offset: 112
saturation: 0.11

num_attempts: 65
dur: 611
std: 20.46
size: 848187 (828.31 KiB)

xmin: -2.6697488013444666
xmax: -2.658298419665077
ymin: 1.1249492229452707
ymax: 1.1313900626399271

contrast: 1.56
brightness: 0.17
saturation: 1.25
gamma: 1.0
gamma_r: 0.92
gamma_g: 1.04
gamma_b: 0.92
vignette: 7
temp: 6862