tweet_id: 1694204181907726708
masto_id: 110937029477714022

n_iter: 1002
ct: 104
hue_offset: 229
saturation: 0.88

num_attempts: 38
dur: 100
std: 34.78
size: 604362 (590.2 KiB)

xmin: -1.3044314335814877
xmax: -1.1963233254733796
ymin: 0.15157745164738667
ymax: 0.21238826245819747

contrast: 1.4
brightness: -0.07
saturation: 0.94
gamma: 1.03
gamma_r: 0.95
gamma_g: 0.99
gamma_b: 0.99
vignette: 27
temp: 2644