tweet_id: 1698647947288904157
masto_id: 111006463246117637

n_iter: 445
ct: 255
hue_offset: 358
saturation: -0.91

num_attempts: 361
dur: 604
std: 67.83
size: 678157 (662.26 KiB)

xmin: 0.21437618262516978
xmax: 0.22151903976802692
ymin: -0.963406986673787
ymax: -0.9593891295309298

contrast: 1.39
brightness: 0.17
saturation: 0.53
gamma: 0.92
gamma_r: 0.91
gamma_g: 0.98
gamma_b: 1.05
vignette: -26
temp: 4480