tweet_id: 1694684383091839338
masto_id: 110944532767243091

n_iter: 157
ct: 142
hue_offset: 292
saturation: -0.01

num_attempts: 69
dur: 34
std: 22.38
size: 1462938 (1.4 MiB)

xmin: 0.1379271723875637
xmax: 0.19488919770401938
ymin: -1.1964891732117282
ymax: -1.164448033971222

contrast: 1.15
brightness: 0.13
saturation: 0.8
gamma: 1.09
gamma_r: 0.92
gamma_g: 0.97
gamma_b: 1.06
vignette: -17
temp: 4732