tweet_id: 1692349842595401864
masto_id: 110908055375441024

n_iter: 560
ct: 255
hue_offset: 283
saturation: -0.22

num_attempts: 208
dur: 613
std: 85.6
size: 1098911 (1.05 MiB)

xmin: -0.415530105942443
xmax: -0.4051941886297815
ymin: 0.5951409681935851
ymax: 0.6009549216819572

contrast: 1.46
brightness: 0.02
saturation: 0.6
gamma: 0.93
gamma_r: 0.92
gamma_g: 1.09
gamma_b: 1.06
vignette: -48
temp: 6039