tweet_id: 1696358970620035074
masto_id: 110970698135507724

n_iter: 420
ct: 255
hue_offset: 230
saturation: 0.13

num_attempts: 332
dur: 603
std: 60.27
size: 1040987 (1016.59 KiB)

xmin: -0.2413990005385287
xmax: -0.234099730465536
ymin: 1.0654857558769697
ymax: 1.0695915952930282

contrast: 1.07
brightness: 0.07
saturation: 0.33
gamma: 1.05
gamma_r: 0.96
gamma_g: 0.93
gamma_b: 0.94
vignette: 28
temp: 7314