tweet_id: 1692486968179855505
masto_id: 110910197985189152

n_iter: 323
ct: 1
hue_offset: 104
saturation: 0.79

num_attempts: 603
dur: 602
std: 44.52
size: 590132 (576.3 KiB)

xmin: 0.14080938918323405
xmax: 0.15655742067929704
ymin: -1.106215711884341
ymax: -1.0973574441678056

contrast: 1.62
brightness: 0.04
saturation: 1.58
gamma: 0.93
gamma_r: 1.1
gamma_g: 1.01
gamma_b: 0.92
vignette: 26
temp: 2145