tweet_id: 1695408578750779418
masto_id: 110955848384204216

n_iter: 247
ct: 169
hue_offset: 287
saturation: 0.33

num_attempts: 5
dur: 5
std: 27.39
size: 1492143 (1.42 MiB)

xmin: -0.9512390992434729
xmax: -0.8594023645495954
ymin: -0.8120076822309341
ymax: -0.760349518965628

contrast: 1.39
brightness: 0.02
saturation: 1.17
gamma: 1.08
gamma_r: 1.1
gamma_g: 1.01
gamma_b: 1.08
vignette: -28
temp: 2070