tweet_id: 1699010164316340713
masto_id: 111012122897220797

n_iter: 607
ct: 255
hue_offset: 243
saturation: 0.67

num_attempts: 202
dur: 608
std: 62.58
size: 431207 (421.1 KiB)

xmin: -0.2003873976847954
xmax: -0.18494338224077997
ymin: -1.0457081903559964
ymax: -1.0370209316687378

contrast: 1.54
brightness: -0.06
saturation: 0.43
gamma: 0.91
gamma_r: 0.92
gamma_g: 1.09
gamma_b: 0.91
vignette: 9
temp: 2338