tweet_id: 1693453362149400919
masto_id: 110925298121112258

n_iter: 556
ct: 1
hue_offset: 59
saturation: -0.27

num_attempts: 284
dur: 609
std: 45.14
size: 1015583 (991.78 KiB)

xmin: 0.5991841053238285
xmax: 0.6156450106736228
ymin: -0.3096682740886765
ymax: -0.30040901482941723

contrast: 1.04
brightness: 0.13
saturation: 1.58
gamma: 0.95
gamma_r: 1.04
gamma_g: 0.91
gamma_b: 0.92
vignette: -25
temp: 5627