tweet_id: 1693578438328639495
masto_id: 110927252308134048

newton_power: 7
newton_const: 6

n_iter: 252
ct: 115
hue_offset: 183
saturation: 0.36

num_attempts: 78
dur: 604
std: 23.62
size: 1095254 (1.04 MiB)

xmin: -1.1562198084664268
xmax: -1.129671135900055
ymin: 0.7393594979116469
ymax: 0.7542931262302309

contrast: 0.9
brightness: 0.16
saturation: 1.71
gamma: 1.03
gamma_r: 1.07
gamma_g: 1.04
gamma_b: 1.02
vignette: 17
temp: 5473