tweet_id: 1694303264672555109
masto_id: 110938577730550128

newton_power: 5
newton_const: 6

n_iter: 73
ct: 137
hue_offset: 224
saturation: -0.43

num_attempts: 105
dur: 609
std: 8.95
size: 1165759 (1.11 MiB)

xmin: -2.0202274973529035
xmax: -2.0105344440411104
ymin: -1.637392315880406
ymax: -1.6319399733925224

contrast: 0.82
brightness: -0.06
saturation: 0.85
gamma: 1.08
gamma_r: 1.09
gamma_g: 1.07
gamma_b: 1.0
vignette: 27
temp: 6833