tweet_id: 1698984083152404555
masto_id: 111011715467941590

newton_power: 7
newton_const: -8

n_iter: 104
ct: 84
hue_offset: 302
saturation: 0.88

num_attempts: 75
dur: 612
std: 18.93
size: 1347906 (1.29 MiB)

xmin: 1.7554263368879095
xmax: 1.7796198852750063
ymin: 0.7662493750659896
ymax: 0.7798582460337314

contrast: 0.77
brightness: -0.1
saturation: 1.37
gamma: 1.06
gamma_r: 0.91
gamma_g: 0.99
gamma_b: 1.09
vignette: -32
temp: 7095