tweet_id: 1693665654715432988
masto_id: 110928615071523796

n_iter: 417
ct: 1
hue_offset: 189
saturation: 0.96

num_attempts: 317
dur: 609
std: 59.98
size: 1069451 (1.02 MiB)

xmin: -0.2390621334824623
xmax: -0.23009352361699145
ymin: -0.7333090004599588
ymax: -0.7282641574106314

contrast: 0.73
brightness: -0.07
saturation: 1.59
gamma: 1.03
gamma_r: 0.93
gamma_g: 1.0
gamma_b: 1.07
vignette: 16
temp: 2542