tweet_id: 1697318918489256015
masto_id: 110985697332974864

n_iter: 603
ct: 255
hue_offset: 123
saturation: -0.73

num_attempts: 214
dur: 600
std: 54.78
size: 1371378 (1.31 MiB)

xmin: 0.4675063831988151
xmax: 0.4731561007129394
ymin: -0.575392166703495
ymax: -0.5722142006018001

contrast: 0.96
brightness: -0.01
saturation: 0.36
gamma: 0.94
gamma_r: 0.92
gamma_g: 0.97
gamma_b: 0.91
vignette: 33
temp: 7517