tweet_id: 1698380027979874521
masto_id: 111002277177896535

newton_power: 4
newton_const: 3

n_iter: 245
ct: 206
hue_offset: 10
saturation: -0.89

num_attempts: 119
dur: 600
std: 6.53
size: 1098696 (1.05 MiB)

xmin: 0.055699223698792544
xmax: 0.06394098194055078
ymin: -0.038839678302254654
ymax: -0.034203689291265646

contrast: 1.75
brightness: -0.01
saturation: 0.47
gamma: 1.0
gamma_r: 0.92
gamma_g: 1.04
gamma_b: 0.96
vignette: -45
temp: 7528