tweet_id: 1693656481873441120
masto_id: 110928471804735251

n_iter: 181
ct: 51
hue_offset: 26
saturation: 0.55

num_attempts: 21
dur: 10
std: 21.31
size: 1145999 (1.09 MiB)

xmin: 0.36401717150849455
xmax: 0.41695834797908277
ymin: -1.2029463648193364
ymax: -1.1731669530546305

contrast: 0.86
brightness: 0.13
saturation: 1.13
gamma: 1.05
gamma_r: 0.95
gamma_g: 1.03
gamma_b: 1.06
vignette: -40
temp: 4704