tweet_id: 1696700573012066708
masto_id: 110976035657015562

newton_power: 4
newton_const: -10

n_iter: 149
ct: 70
hue_offset: 101
saturation: 0.45

num_attempts: 108
dur: 600
std: 6.64
size: 1137617 (1.08 MiB)

xmin: -0.8815901173542917
xmax: -0.858776429141364
ymin: 1.1206559176909683
ymax: 1.1334886173107401

contrast: 1.13
brightness: 0.09
saturation: 0.32
gamma: 1.01
gamma_r: 0.97
gamma_g: 0.94
gamma_b: 0.99
vignette: -38
temp: 4553