tweet_id: 1696555623549460986
masto_id: 110973771441456133

n_iter: 262
ct: 40
hue_offset: 35
saturation: 0.44

num_attempts: 4
dur: 3
std: 35.08
size: 1281183 (1.22 MiB)

xmin: -0.6611505766464323
xmax: 0.23884942335356774
ymin: -1.168765816419389
ymax: -0.6625158164193891

contrast: 0.88
brightness: 0.05
saturation: 0.35
gamma: 1.04
gamma_r: 0.91
gamma_g: 1.0
gamma_b: 0.96
vignette: -31
temp: 5930