tweet_id: 1694882326067487219
masto_id: 110947625599671934

n_iter: 878
ct: 1
hue_offset: 289
saturation: 0.58

num_attempts: 56
dur: 41
std: 36.11
size: 939451 (917.43 KiB)

xmin: -1.164383515791689
xmax: -1.1624227314779636
ymin: -0.20293709142461624
ymax: -0.20183415024814566

contrast: 0.82
brightness: -0.07
saturation: 0.31
gamma: 1.04
gamma_r: 1.06
gamma_g: 0.92
gamma_b: 0.96
vignette: -31
temp: 5007