tweet_id: 1698367216566345843
masto_id: 111002076897732935

n_iter: 136
ct: 245
hue_offset: 273
saturation: -0.06

num_attempts: 29
dur: 10
std: 22.7
size: 816634 (797.49 KiB)

xmin: 0.6220055338186556
xmax: 0.8362912481043699
ymin: -1.2292320377732069
ymax: -1.1086963234874927

contrast: 1.12
brightness: -0.01
saturation: 0.58
gamma: 0.99
gamma_r: 0.97
gamma_g: 1.0
gamma_b: 1.04
vignette: -7
temp: 3408