tweet_id: 1696568204439548405
masto_id: FAIL

newton_power: 6
newton_const: 4

n_iter: 204
ct: 206
hue_offset: 91
saturation: -0.22

num_attempts: 80
dur: 603
std: 13.93
size: 905940 (884.71 KiB)

xmin: 0.734736070255432
xmax: 0.788790124309486
ymin: -1.0306393757366448
ymax: -1.0002339703312393

contrast: 1.48
brightness: 0.04
saturation: 0.37
gamma: 0.91
gamma_r: 1.1
gamma_g: 0.99
gamma_b: 0.95
vignette: -35
temp: 7722