tweet_id: 1695653181978538273
masto_id: 110959670116271415

n_iter: 966
ct: 151
hue_offset: 58
saturation: -0.82

num_attempts: 10
dur: 14
std: 169.13
size: 1734627 (1.65 MiB)

xmin: 0.07123017260808373
xmax: 0.0727499294469895
ymin: 0.6160073081059265
ymax: 0.6168621713278111

contrast: 1.25
brightness: 0.18
saturation: 0.7
gamma: 1.06
gamma_r: 1.04
gamma_g: 1.09
gamma_b: 0.91
vignette: -39
temp: 7901