tweet_id: 1693988153894588655
masto_id: 110933654079925382

n_iter: 353
ct: 76
hue_offset: 92
saturation: -0.81

num_attempts: 19
dur: 20
std: 56.44
size: 1993095 (1.9 MiB)

xmin: -0.09336711692265132
xmax: -0.04223075328628768
ymin: -1.0259844600385701
ymax: -0.9972202554931155

contrast: 1.13
brightness: 0.02
saturation: 1.64
gamma: 0.94
gamma_r: 1.0
gamma_g: 0.93
gamma_b: 1.07
vignette: -14
temp: 2847