tweet_id: 1698144541247979965
masto_id: 110998597583202327

n_iter: 678
ct: 188
hue_offset: 171
saturation: 0.55

num_attempts: 3
dur: 3
std: 116.94
size: 1775000 (1.69 MiB)

xmin: -0.3401146917699611
xmax: -0.33949940181456967
ymin: -0.6123513824605878
ymax: -0.6120052818606802

contrast: 1.39
brightness: 0.06
saturation: 1.51
gamma: 1.09
gamma_r: 1.1
gamma_g: 0.91
gamma_b: 1.09
vignette: 11
temp: 4135