tweet_id: 1693121092041179433
masto_id: 110920106123481608

n_iter: 505
ct: 1
hue_offset: 332
saturation: 0.96

num_attempts: 351
dur: 600
std: 58.8
size: 577018 (563.49 KiB)

xmin: 0.05311421700029362
xmax: 0.0708919947780714
ymin: -1.1312265587167616
ymax: -1.1212265587167616

contrast: 1.54
brightness: 0.01
saturation: 0.5
gamma: 1.1
gamma_r: 1.04
gamma_g: 0.96
gamma_b: 1.06
vignette: -47
temp: 2369