tweet_id: 1695649320446599204
masto_id: 110959609734389634

n_iter: 352
ct: 67
hue_offset: 247
saturation: -0.25

num_attempts: 1
dur: 0
std: 38.22
size: 2442162 (2.33 MiB)

xmin: -0.8277498388024271
xmax: -0.7563212673738557
ymin: -0.8133132262509843
ymax: -0.773134654822413

contrast: 1.37
brightness: 0.22
saturation: 1.04
gamma: 1.06
gamma_r: 0.99
gamma_g: 1.01
gamma_b: 1.01
vignette: -36
temp: 6111