tweet_id: 1693959554109694321
masto_id: 110933207220591480

n_iter: 265
ct: 171
hue_offset: 314
saturation: 0.7

num_attempts: 30
dur: 19
std: 30.59
size: 1327764 (1.27 MiB)

xmin: 0.5185457576301835
xmax: 1.0185457576301835
ymin: -1.3030467843310451
ymax: -1.0217967843310451

contrast: 0.8
brightness: 0.16
saturation: 0.99
gamma: 1.06
gamma_r: 1.05
gamma_g: 1.0
gamma_b: 0.97
vignette: 30
temp: 3627