tweet_id: 1696694077113463098
masto_id: 110975934074406403

n_iter: 406
ct: 220
hue_offset: 240
saturation: -0.25

num_attempts: 14
dur: 8
std: 52.61
size: 832878 (813.36 KiB)

xmin: -0.23097874073796776
xmax: -0.20517228912506452
ymin: 0.7823111026195848
ymax: 0.7968272316518429

contrast: 1.37
brightness: -0.05
saturation: 1.19
gamma: 1.02
gamma_r: 1.02
gamma_g: 0.95
gamma_b: 1.1
vignette: -8
temp: 6354