tweet_id: 1697745922187288972
masto_id: 110992369235427695

newton_power: 5
newton_const: 3

n_iter: 178
ct: 97
hue_offset: 313
saturation: -0.56

num_attempts: 102
dur: 600
std: 11.75
size: 1067644 (1.02 MiB)

xmin: 0.6592581087844751
xmax: 0.6694621904171282
ymin: -1.5892798064059082
ymax: -1.5835400104875408

contrast: 1.46
brightness: -0.09
saturation: 0.75
gamma: 0.99
gamma_r: 1.07
gamma_g: 1.07
gamma_b: 0.96
vignette: -35
temp: 2566