tweet_id: 1694533046538567755
masto_id: 110942168068983848

n_iter: 494
ct: 12
hue_offset: 24
saturation: 0.72

num_attempts: 2
dur: 2
std: 33.8
size: 970078 (947.34 KiB)

xmin: -1.3632620671523625
xmax: 0.8867379328476375
ymin: -1.8508525514375342
ymax: -0.5852275514375342

contrast: 1.12
brightness: 0.08
saturation: 0.99
gamma: 0.9
gamma_r: 1.04
gamma_g: 1.05
gamma_b: 0.95
vignette: -21
temp: 6518