tweet_id: 1696831575990702413
masto_id: 110978082548753119

n_iter: 671
ct: 41
hue_offset: 216
saturation: -0.01

num_attempts: 3
dur: 10
std: 165.72
size: 1472962 (1.4 MiB)

xmin: -1.241840425068223
xmax: -1.2411883220359439
ymin: 0.08837286759313612
ymax: 0.08873967554879311

contrast: 1.3
brightness: 0.14
saturation: 0.91
gamma: 1.0
gamma_r: 1.08
gamma_g: 0.92
gamma_b: 0.98
vignette: 21
temp: 7603