tweet_id: 1695688085328060761
masto_id: 110960215456633450

n_iter: 544
ct: 1
hue_offset: 6
saturation: 0.55

num_attempts: 270
dur: 614
std: 67.84
size: 917770 (896.26 KiB)

xmin: 0.2246478429008616
xmax: 0.22897684722986592
ymin: -1.1153544097118242
ymax: -1.1129193447767594

contrast: 0.98
brightness: -0.01
saturation: 0.91
gamma: 0.97
gamma_r: 1.07
gamma_g: 0.91
gamma_b: 1.06
vignette: -4
temp: 7414