tweet_id: 1694471218701721957
masto_id: 110941201918988887

n_iter: 463
ct: 138
hue_offset: 50
saturation: -0.71

num_attempts: 3
dur: 1
std: 43.24
size: 2110274 (2.01 MiB)

xmin: -0.4589513720959122
xmax: -0.4040733233154244
ymin: -1.0046832931346503
ymax: -0.9738143906956259

contrast: 1.6
brightness: -0.01
saturation: 1.37
gamma: 1.07
gamma_r: 1.06
gamma_g: 0.96
gamma_b: 0.93
vignette: 17
temp: 4296