tweet_id: 1697737152455454746
masto_id: FAIL

n_iter: 852
ct: 252
hue_offset: 353
saturation: -0.21

num_attempts: 72
dur: 93
std: 23.56
size: 1183998 (1.13 MiB)

xmin: -0.6661869044343534
xmax: -0.6657508896098493
ymin: 0.4608915876168522
ymax: 0.46113684595563575

contrast: 1.67
brightness: 0.15
saturation: 0.94
gamma: 0.95
gamma_r: 0.97
gamma_g: 0.96
gamma_b: 1.08
vignette: -41
temp: 2806