tweet_id: 1695019755043012729
masto_id: 110949772940392142

n_iter: 935
ct: 104
hue_offset: 158
saturation: 0.63

num_attempts: 25
dur: 52
std: 28.74
size: 753398 (735.74 KiB)

xmin: 0.32360541354548467
xmax: 0.3258614767152534
ymin: -0.044415196014708114
ymax: -0.04314616048171319

contrast: 1.47
brightness: 0.19
saturation: 0.55
gamma: 1.08
gamma_r: 1.08
gamma_g: 0.99
gamma_b: 1.01
vignette: 11
temp: 4419