tweet_id: 1692025638549442843
masto_id: 110902989735661024

n_iter: 255
ct: 23
hue_offset: 282
saturation: -0.74

num_attempts: 20
dur: 9
std: 39.84
size: 1856697 (1.77 MiB)

xmin: 0.016546042357452162
xmax: 0.09031653416073085
ymin: -1.0950468162228437
ymax: -1.0535509145834994

contrast: 0.81
brightness: -0.02
saturation: 0.78
gamma: 0.95
gamma_r: 0.91
gamma_g: 1.06
gamma_b: 0.91
vignette: -38
temp: 6607