tweet_id: 1694955220709544378
masto_id: 110948764405427326

n_iter: 132
ct: 21
hue_offset: 86
saturation: 0.66

num_attempts: 38
dur: 13
std: 21.84
size: 2011865 (1.92 MiB)

xmin: -0.8248163347245325
xmax: -0.6998163347245325
ymin: -0.8034178331542259
ymax: -0.7331053331542259

contrast: 1.42
brightness: 0.17
saturation: 1.29
gamma: 0.99
gamma_r: 1.05
gamma_g: 0.91
gamma_b: 0.98
vignette: 25
temp: 5151