tweet_id: 1697343736898895888
masto_id: 110986084987222326

n_iter: 400
ct: 127
hue_offset: 109
saturation: -0.4

num_attempts: 9
dur: 9
std: 100.38
size: 1442600 (1.38 MiB)

xmin: -0.7180478364855682
xmax: -0.7166570159014236
ymin: -0.21634376711369896
ymax: -0.2155614305351176

contrast: 1.54
brightness: -0.03
saturation: 0.9
gamma: 0.93
gamma_r: 0.95
gamma_g: 0.91
gamma_b: 0.97
vignette: -47
temp: 4054