tweet_id: 1697887789453308024
masto_id: 110994585869636782

n_iter: 140
ct: 17
hue_offset: 304
saturation: -0.81

num_attempts: 4
dur: 1
std: 35.05
size: 803890 (785.05 KiB)

xmin: -0.2394298084525519
xmax: -0.236302365137462
ymin: -0.65100145981194
ymax: -0.6492422729472019

contrast: 1.66
brightness: 0.02
saturation: 1.08
gamma: 1.07
gamma_r: 1.05
gamma_g: 1.06
gamma_b: 0.96
vignette: 5
temp: 5734