tweet_id: 1693155692805591465
masto_id: 110920646922926551

newton_power: 4
newton_const: 5

n_iter: 202
ct: 185
hue_offset: 313
saturation: -0.08

num_attempts: 124
dur: 600
std: 7.5
size: 807075 (788.16 KiB)

xmin: -0.27525860390650836
xmax: -0.24017088460826275
ymin: -0.4418052578191678
ymax: -0.42206841571390463

contrast: 1.31
brightness: 0.09
saturation: 1.25
gamma: 1.03
gamma_r: 1.05
gamma_g: 0.92
gamma_b: 0.97
vignette: -14
temp: 7180