tweet_id: 1698103921808433321
masto_id: 110997963097769939

n_iter: 625
ct: 1
hue_offset: 285
saturation: -0.28

num_attempts: 215
dur: 608
std: 68.76
size: 1353242 (1.29 MiB)

xmin: 0.12476523540963003
xmax: 0.13718759565807723
ymin: -0.7679015192069453
ymax: -0.7609139415671937

contrast: 1.51
brightness: -0.0
saturation: 1.14
gamma: 1.1
gamma_r: 1.03
gamma_g: 1.05
gamma_b: 1.07
vignette: -27
temp: 2549