tweet_id: 1698519926430949843
masto_id: 111004462975873644

n_iter: 416
ct: 65
hue_offset: 150
saturation: 0.43

num_attempts: 9
dur: 8
std: 31.9
size: 600862 (586.78 KiB)

xmin: -0.3950872512415411
xmax: -0.31473010838439824
ymin: -0.8723707015192279
ymax: -0.827169808662085

contrast: 1.48
brightness: 0.08
saturation: 1.25
gamma: 0.97
gamma_r: 1.08
gamma_g: 0.97
gamma_b: 1.09
vignette: -13
temp: 5071