tweet_id: 1697616143752581286
masto_id: FAIL

n_iter: 921
ct: 225
hue_offset: 79
saturation: 0.74

num_attempts: 5
dur: 1
std: 37.09
size: 1017471 (993.62 KiB)

xmin: -0.30187723133510413
xmax: -0.30092416962435836
ymin: -0.6557706286361152
ymax: -0.6552345314238207

contrast: 1.65
brightness: -0.03
saturation: 1.05
gamma: 0.99
gamma_r: 0.92
gamma_g: 0.96
gamma_b: 1.07
vignette: -43
temp: 3204