tweet_id: 1695250212648886754
masto_id: 110953373799104854

newton_power: 7
newton_const: 10

n_iter: 219
ct: 219
hue_offset: 166
saturation: 0.84

num_attempts: 57
dur: 603
std: 21.15
size: 1006945 (983.34 KiB)

xmin: -2.6042121538134175
xmax: -2.5197051115598965
ymin: 1.221355881779158
ymax: 1.2688910930467638

contrast: 1.59
brightness: 0.07
saturation: 0.32
gamma: 1.01
gamma_r: 1.1
gamma_g: 1.09
gamma_b: 1.04
vignette: -46
temp: 7894