tweet_id: 1695920742242631988
masto_id: 110963850875186570

n_iter: 497
ct: 246
hue_offset: 91
saturation: -0.61

num_attempts: 28
dur: 24
std: 20.93
size: 616255 (601.81 KiB)

xmin: 0.47643352669093186
xmax: 0.5597668600242652
ymin: -0.8057409465554384
ymax: -0.7588659465554384

contrast: 1.71
brightness: 0.14
saturation: 0.49
gamma: 1.05
gamma_r: 1.04
gamma_g: 1.07
gamma_b: 0.97
vignette: -43
temp: 7695