tweet_id: 1691818021583552986
masto_id: 110899745880473535

n_iter: 512
ct: 181
hue_offset: 111
saturation: 0.35

num_attempts: 23
dur: 43
std: 41.11
size: 984591 (961.51 KiB)

xmin: -0.9803115167922731
xmax: -0.9777275374641078
ymin: -0.2763969375520303
ymax: -0.2749434491799373

contrast: 1.62
brightness: -0.1
saturation: 0.78
gamma: 0.98
gamma_r: 0.93
gamma_g: 0.92
gamma_b: 1.07
vignette: 5
temp: 3611