tweet_id: 1699092397815165200
masto_id: 111013407858713964

n_iter: 193
ct: 175
hue_offset: 292
saturation: -0.78

num_attempts: 16
dur: 8
std: 30.05
size: 1990413 (1.9 MiB)

xmin: -1.4296349301225304
xmax: -1.3726729048060746
ymin: -0.2781891115385995
ymax: -0.24614797229809315

contrast: 1.15
brightness: 0.05
saturation: 0.78
gamma: 1.04
gamma_r: 0.99
gamma_g: 0.91
gamma_b: 1.02
vignette: 8
temp: 5154