tweet_id: 1694475511857049691
masto_id: 110941269135275402

n_iter: 532
ct: 14
hue_offset: 160
saturation: 0.58

num_attempts: 67
dur: 65
std: 126.5
size: 1519060 (1.45 MiB)

xmin: -1.2362402413958822
xmax: -1.2345846122568094
ymin: 0.11423760927323956
ymax: 0.11516890066396804

contrast: 1.48
brightness: 0.19
saturation: 1.12
gamma: 0.9
gamma_r: 0.9
gamma_g: 0.99
gamma_b: 1.0
vignette: -42
temp: 5317