tweet_id: 1693535901253595454
masto_id: 110926587573886243

n_iter: 493
ct: 250
hue_offset: 350
saturation: 0.23

num_attempts: 5
dur: 6
std: 22.79
size: 1393119 (1.33 MiB)

xmin: -1.1322864289023975
xmax: -1.0714756180915868
ymin: -0.585445229594175
ymax: -0.5512391485130939

contrast: 1.52
brightness: 0.09
saturation: 1.29
gamma: 1.08
gamma_r: 0.97
gamma_g: 0.91
gamma_b: 0.94
vignette: -11
temp: 2926