tweet_id: 1695015033728626961
masto_id: 110949699021666658

n_iter: 215
ct: 158
hue_offset: 220
saturation: -0.66

num_attempts: 3
dur: 0
std: 20.87
size: 498718 (487.03 KiB)

xmin: -1.5355980412212682
xmax: -0.7855980412212682
ymin: -1.0554746842204303
ymax: -0.6335996842204303

contrast: 1.17
brightness: -0.05
saturation: 1.63
gamma: 0.95
gamma_r: 1.09
gamma_g: 1.05
gamma_b: 0.96
vignette: 0
temp: 7235