tweet_id: 1696438885016899713
masto_id: 110971946778097600

n_iter: 492
ct: 20
hue_offset: 280
saturation: -0.79

num_attempts: 2
dur: 1
std: 21.06
size: 1287584 (1.23 MiB)

xmin: -0.3855281091029483
xmax: -0.3843997593145139
ymin: 0.6596901482684954
ymax: 0.6603248450244897

contrast: 1.27
brightness: 0.14
saturation: 0.52
gamma: 0.91
gamma_r: 0.94
gamma_g: 1.01
gamma_b: 1.07
vignette: 25
temp: 2363