tweet_id: 1691917598081073580
masto_id: 110901301889305063

newton_power: 4
newton_const: 5

n_iter: 102
ct: 109
hue_offset: 78
saturation: -0.31

num_attempts: 116
dur: 602
std: 7.6
size: 851341 (831.39 KiB)

xmin: -0.1470486291742792
xmax: -0.12621529584094585
ymin: 1.9638973665840584
ymax: 1.9756161165840584

contrast: 1.3
brightness: -0.08
saturation: 0.92
gamma: 0.96
gamma_r: 1.08
gamma_g: 1.03
gamma_b: 1.03
vignette: -7
temp: 2805