tweet_id: 1699237352424554538
masto_id: 111015672773933795

newton_power: 7
newton_const: -2

n_iter: 158
ct: 173
hue_offset: 180
saturation: -0.84

num_attempts: 73
dur: 603
std: 24.91
size: 699581 (683.18 KiB)

xmin: 0.4682488687049946
xmax: 0.48226756029377965
ymin: -1.4819315206619526
ymax: -1.474046006643261

contrast: 0.97
brightness: 0.18
saturation: 1.71
gamma: 1.04
gamma_r: 1.09
gamma_g: 0.94
gamma_b: 0.96
vignette: -1
temp: 7252