tweet_id: 1698466361398194188
masto_id: FAIL

n_iter: 284
ct: 255
hue_offset: 283
saturation: 0.09

num_attempts: 516
dur: 601
std: 48.61
size: 1167542 (1.11 MiB)

xmin: 0.1659971597096921
xmax: 0.177901921614454
ymin: -0.8565206566628827
ymax: -0.8498242280914541

contrast: 0.71
brightness: -0.03
saturation: 1.53
gamma: 0.95
gamma_r: 1.07
gamma_g: 0.96
gamma_b: 1.07
vignette: 21
temp: 5533