tweet_id: 1697159857680339358
masto_id: 110983211909999035

n_iter: 348
ct: 219
hue_offset: 203
saturation: -0.68

num_attempts: 21
dur: 14
std: 28.62
size: 722694 (705.76 KiB)

xmin: -1.3871373189028526
xmax: 0.8628626810971474
ymin: -1.3877515854917806
ymax: -0.12212658549178057

contrast: 1.14
brightness: 0.02
saturation: 0.47
gamma: 1.0
gamma_r: 1.07
gamma_g: 1.02
gamma_b: 1.02
vignette: 13
temp: 4086