tweet_id: 1694264530891587955
masto_id: 110937972357180055

n_iter: 1012
ct: 57
hue_offset: 164
saturation: -0.82

num_attempts: 17
dur: 45
std: 18.34
size: 481589 (470.3 KiB)

xmin: -1.251671105609521
xmax: -1.2511990735113385
ymin: -0.1124795991914731
ymax: -0.11221408113624534

contrast: 1.58
brightness: -0.08
saturation: 0.83
gamma: 1.02
gamma_r: 1.01
gamma_g: 1.04
gamma_b: 0.9
vignette: 1
temp: 6227