tweet_id: 1697794250363359609
masto_id: 110993124286692351

n_iter: 142
ct: 225
hue_offset: 298
saturation: 0.25

num_attempts: 59
dur: 27
std: 22.87
size: 1265680 (1.21 MiB)

xmin: 0.13674298632508464
xmax: 0.18411140737771622
ymin: -1.154057337627893
ymax: -1.1274126007857879

contrast: 0.83
brightness: -0.0
saturation: 0.4
gamma: 1.01
gamma_r: 0.92
gamma_g: 1.07
gamma_b: 1.08
vignette: -11
temp: 2093