tweet_id: 1698828724974788869
masto_id: 111009288037943992

n_iter: 489
ct: 255
hue_offset: 263
saturation: 0.92

num_attempts: 243
dur: 601
std: 65.82
size: 1206353 (1.15 MiB)

xmin: 0.10209942317697562
xmax: 0.10689558624651999
ymin: -0.7952083614035775
ymax: -0.7925105196769588

contrast: 1.01
brightness: 0.07
saturation: 1.45
gamma: 1.08
gamma_r: 1.03
gamma_g: 0.99
gamma_b: 0.95
vignette: -20
temp: 7825