tweet_id: 1698833113592578404
masto_id: 111009356544545260

newton_power: 3
newton_const: 2

n_iter: 203
ct: 75
hue_offset: 174
saturation: 0.38

num_attempts: 247
dur: 600
std: 4.05
size: 283772 (277.12 KiB)

xmin: -1.0718761798712155
xmax: -1.064300422295458
ymin: -1.364858234041193
ymax: -1.3605968704048295

contrast: 1.59
brightness: 0.15
saturation: 0.29
gamma: 0.95
gamma_r: 1.01
gamma_g: 0.95
gamma_b: 0.91
vignette: 9
temp: 6887