tweet_id: 1692120382445396150
masto_id: 110904470151993326

n_iter: 251
ct: 34
hue_offset: 148
saturation: -0.3

num_attempts: 35
dur: 21
std: 42.82
size: 1192026 (1.14 MiB)

xmin: 0.1365414618442813
xmax: 0.1587636840665035
ymin: 0.6053297064111618
ymax: 0.6178297064111617

contrast: 1.59
brightness: 0.15
saturation: 1.38
gamma: 1.04
gamma_r: 0.96
gamma_g: 0.93
gamma_b: 0.92
vignette: 19
temp: 3287