tweet_id: 1692478322603626520
masto_id: 110910062868247120

n_iter: 354
ct: 202
hue_offset: 267
saturation: -0.75

num_attempts: 5
dur: 4
std: 27.75
size: 295261 (288.34 KiB)

xmin: -0.20303635568899514
xmax: 0.5469636443110049
ymin: -1.125375083539348
ymax: -0.7035000835393479

contrast: 0.97
brightness: -0.06
saturation: 1.26
gamma: 0.95
gamma_r: 0.91
gamma_g: 1.01
gamma_b: 1.05
vignette: 18
temp: 2428