tweet_id: 1697349026193047579
masto_id: 110986167744816092

n_iter: 334
ct: 255
hue_offset: 128
saturation: -0.96

num_attempts: 363
dur: 600
std: 52.67
size: 1078607 (1.03 MiB)

xmin: -0.4743747911729943
xmax: -0.46579110018586983
ymin: -0.05277569827335582
ymax: -0.04794737209309831

contrast: 1.39
brightness: 0.16
saturation: 0.56
gamma: 1.02
gamma_r: 0.92
gamma_g: 0.91
gamma_b: 0.94
vignette: -18
temp: 5843