tweet_id: 1693397249118613526
masto_id: 110924421251258916

newton_power: 3
newton_const: 9

n_iter: 174
ct: 236
hue_offset: 14
saturation: 0.54

num_attempts: 266
dur: 601
std: 3.95
size: 764596 (746.68 KiB)

xmin: -0.7954011275092836
xmax: -0.7866928546500673
ymin: -0.9310412084355453
ymax: -0.9261428049522361

contrast: 1.42
brightness: 0.22
saturation: 1.33
gamma: 1.02
gamma_r: 0.93
gamma_g: 0.91
gamma_b: 1.09
vignette: -17
temp: 7744