tweet_id: 1697836533414568198
masto_id: FAIL

newton_power: 7
newton_const: 2

n_iter: 256
ct: 146
hue_offset: 91
saturation: 0.1

num_attempts: 89
dur: 615
std: 22.02
size: 1292758 (1.23 MiB)

xmin: -0.3034416149404602
xmax: -0.297300366219887
ymin: -1.0463690163102473
ymax: -1.0429145639049249

contrast: 0.72
brightness: 0.01
saturation: 1.45
gamma: 0.92
gamma_r: 0.93
gamma_g: 0.97
gamma_b: 0.91
vignette: -33
temp: 6935