tweet_id: 1696628555617313159
masto_id: 110974910459387269

newton_power: 6
newton_const: -9

n_iter: 182
ct: 133
hue_offset: 293
saturation: -0.1

num_attempts: 86
dur: 603
std: 14.39
size: 916526 (895.04 KiB)

xmin: -0.15878728998427594
xmax: -0.12670172848694972
ymin: 0.6300097987277256
ymax: 0.6480579270699716

contrast: 0.82
brightness: 0.2
saturation: 0.43
gamma: 0.98
gamma_r: 1.03
gamma_g: 1.08
gamma_b: 1.09
vignette: -34
temp: 4557