tweet_id: 1695929572498276534
masto_id: 110963988780045415

n_iter: 506
ct: 1
hue_offset: 117
saturation: -0.99

num_attempts: 231
dur: 604
std: 76.58
size: 1243080 (1.19 MiB)

xmin: -0.5323467162982407
xmax: -0.5215940281261977
ymin: -0.3990612845279875
ymax: -0.3930128974312133

contrast: 0.84
brightness: 0.15
saturation: 0.63
gamma: 1.06
gamma_r: 1.01
gamma_g: 0.98
gamma_b: 0.93
vignette: -37
temp: 3045