tweet_id: 1695325643196813458
masto_id: 110954552309370647

n_iter: 518
ct: 1
hue_offset: 102
saturation: -0.46

num_attempts: 288
dur: 602
std: 94.6
size: 1350688 (1.29 MiB)

xmin: 0.14459992466297455
xmax: 0.1491453792084291
ymin: 0.7519692357325245
ymax: 0.7545260539143427

contrast: 1.27
brightness: -0.06
saturation: 0.62
gamma: 0.99
gamma_r: 0.94
gamma_g: 1.04
gamma_b: 1.05
vignette: -27
temp: 4378