tweet_id: 1692456787918688383
masto_id: 110909726514124010

n_iter: 485
ct: 1
hue_offset: 288
saturation: 0.34

num_attempts: 297
dur: 604
std: 61.38
size: 1170629 (1.12 MiB)

xmin: 0.541890774346995
xmax: 0.547500872523713
ymin: -0.4589772714816931
ymax: -0.45582159125728916

contrast: 1.22
brightness: 0.14
saturation: 0.79
gamma: 0.92
gamma_r: 0.95
gamma_g: 0.95
gamma_b: 1.03
vignette: -22
temp: 4280