tweet_id: 1695873511087313203
masto_id: 110963112787053151

newton_power: 7
newton_const: -10

n_iter: 95
ct: 31
hue_offset: 207
saturation: 0.28

num_attempts: 72
dur: 603
std: 20.93
size: 1004531 (980.99 KiB)

xmin: 1.7646533043008574
xmax: 1.7799204798733765
ymin: -1.024179376900821
ymax: -1.015591590641279

contrast: 1.72
brightness: 0.05
saturation: 0.27
gamma: 0.95
gamma_r: 0.94
gamma_g: 1.09
gamma_b: 0.96
vignette: -28
temp: 2275