tweet_id: 1698290560832807063
masto_id: 111000879384883788

newton_power: 4
newton_const: 0

n_iter: 76
ct: 142
hue_offset: 130
saturation: 0.03

num_attempts: 99
dur: 851
std: 0.48
size: 718825 (701.98 KiB)

xmin: 1.7042799771020185
xmax: 1.7213739941960355
ymin: 0.46941391158008594
ymax: 0.4790292961954706

contrast: 1.61
brightness: 0.17
saturation: 1.18
gamma: 0.99
gamma_r: 1.05
gamma_g: 1.0
gamma_b: 1.07
vignette: -46
temp: 3111