tweet_id: 1699281791750656301
masto_id: 111016367097549700

n_iter: 266
ct: 255
hue_offset: 110
saturation: -0.27

num_attempts: 543
dur: 605
std: 45.99
size: 678056 (662.16 KiB)

xmin: 0.6017985398146819
xmax: 0.6059914119320823
ymin: 0.5473913932856651
ymax: 0.5497498838517029

contrast: 1.57
brightness: -0.07
saturation: 0.3
gamma: 1.06
gamma_r: 1.09
gamma_g: 0.93
gamma_b: 1.02
vignette: -30
temp: 5692