tweet_id: 1698064994997305662
masto_id: 110997354738377057

n_iter: 500
ct: 18
hue_offset: 122
saturation: 0.1

num_attempts: 11
dur: 7
std: 22.66
size: 764087 (746.18 KiB)

xmin: 0.25375092706156144
xmax: 1.7537509270615614
ymin: -1.262533223362479
ymax: -0.4187832233624791

contrast: 1.57
brightness: 0.03
saturation: 0.98
gamma: 0.92
gamma_r: 1.0
gamma_g: 1.06
gamma_b: 1.06
vignette: -42
temp: 4743