tweet_id: 1692819138366918736
masto_id: 110915388303961857

n_iter: 423
ct: 1
hue_offset: 333
saturation: 0.1

num_attempts: 357
dur: 600
std: 45.55
size: 819061 (799.86 KiB)

xmin: 0.3597278269420876
xmax: 0.3800323954700064
ymin: -0.6717423302446305
ymax: -0.6603210104476762

contrast: 0.94
brightness: 0.11
saturation: 1.58
gamma: 1.09
gamma_r: 1.06
gamma_g: 0.99
gamma_b: 1.0
vignette: -46
temp: 3011