tweet_id: 1697884218628444418
masto_id: 110994530119053283

n_iter: 442
ct: 26
hue_offset: 83
saturation: -0.46

num_attempts: 6
dur: 6
std: 28.8
size: 1086737 (1.04 MiB)

xmin: 0.14308970007916777
xmax: 1.2680897000791678
ymin: -1.6375417494432267
ymax: -1.0047292494432267

contrast: 1.58
brightness: 0.08
saturation: 1.15
gamma: 0.99
gamma_r: 1.1
gamma_g: 0.9
gamma_b: 1.08
vignette: -37
temp: 3211