tweet_id: 1697141902414340387
masto_id: 110982931386709908

newton_power: 7
newton_const: -2

n_iter: 251
ct: 96
hue_offset: 43
saturation: 0.16

num_attempts: 88
dur: 602
std: 17.33
size: 1270574 (1.21 MiB)

xmin: -0.5039129293416393
xmax: -0.48322327416922556
ymin: -0.12145520345550631
ymax: -0.10981727242102356

contrast: 0.78
brightness: 0.22
saturation: 0.38
gamma: 1.06
gamma_r: 1.09
gamma_g: 0.93
gamma_b: 0.99
vignette: -43
temp: 5351