tweet_id: 1698246577976930496
masto_id: 111000191886503432

n_iter: 382
ct: 114
hue_offset: 220
saturation: 0.8

num_attempts: 10
dur: 13
std: 39.62
size: 683420 (667.4 KiB)

xmin: -0.04862610605051243
xmax: 0.5942310368066305
ymin: -1.343980706756314
ymax: -0.9823735638991712

contrast: 1.49
brightness: 0.08
saturation: 0.44
gamma: 0.93
gamma_r: 1.01
gamma_g: 0.98
gamma_b: 0.91
vignette: -44
temp: 6739