tweet_id: 1692974414101385402
masto_id: 110917814387482062

newton_power: 5
newton_const: -5

n_iter: 79
ct: 228
hue_offset: 187
saturation: -0.1

num_attempts: 97
dur: 600
std: 32.27
size: 509037 (497.11 KiB)

xmin: 1.2337460994114808
xmax: 1.2403686159677723
ymin: 0.9025600534027607
ymax: 0.9062852189656746

contrast: 1.58
brightness: 0.1
saturation: 0.51
gamma: 0.98
gamma_r: 1.09
gamma_g: 0.98
gamma_b: 1.08
vignette: 24
temp: 6877