tweet_id: 1699097209747517724
masto_id: 111013483145196281

n_iter: 1024
ct: 183
hue_offset: 354
saturation: 0.05

num_attempts: 24
dur: 51
std: 189.69
size: 658943 (643.5 KiB)

xmin: 0.40193030087480475
xmax: 0.4036060444860322
ymin: 0.32841257902715815
ymax: 0.3293551848084736

contrast: 0.7
brightness: 0.03
saturation: 1.11
gamma: 0.93
gamma_r: 1.01
gamma_g: 1.09
gamma_b: 0.92
vignette: 0
temp: 4827