tweet_id: 1694631111631176159
masto_id: 110943700193254019

n_iter: 635
ct: 1
hue_offset: 333
saturation: -0.05

num_attempts: 214
dur: 608
std: 61.28
size: 517503 (505.37 KiB)

xmin: 0.2277542020839456
xmax: 0.2440143646855716
ymin: 0.9539534343853266
ymax: 0.9630997758487413

contrast: 1.75
brightness: 0.15
saturation: 0.88
gamma: 0.98
gamma_r: 0.92
gamma_g: 1.0
gamma_b: 1.08
vignette: -4
temp: 7099