tweet_id: 1693729446740509153
masto_id: 110929611788083719

newton_power: 5
newton_const: 2

n_iter: 209
ct: 5
hue_offset: 31
saturation: -0.83

num_attempts: 82
dur: 612
std: 13.13
size: 769464 (751.43 KiB)

xmin: 0.4052935897946939
xmax: 0.5206782051793093
ymin: -1.6409325870656728
ymax: -1.5760287409118265

contrast: 1.67
brightness: 0.14
saturation: 0.66
gamma: 1.01
gamma_r: 0.93
gamma_g: 1.09
gamma_b: 0.9
vignette: 4
temp: 3527