tweet_id: 1695894053991170352
masto_id: 110963433791916569

n_iter: 525
ct: 52
hue_offset: 134
saturation: 0.71

num_attempts: 40
dur: 61
std: 27.96
size: 1128769 (1.08 MiB)

xmin: -0.5714570467505187
xmax: -0.570663710772732
ymin: 0.49997004452640437
ymax: 0.5004162960139094

contrast: 0.9
brightness: 0.16
saturation: 1.29
gamma: 1.08
gamma_r: 1.08
gamma_g: 0.91
gamma_b: 0.96
vignette: 17
temp: 3202