tweet_id: 1693438678125904205
masto_id: 110925068592237107

newton_power: 3
newton_const: -5

n_iter: 110
ct: 97
hue_offset: 77
saturation: -0.78

num_attempts: 236
dur: 601
std: 4.27
size: 883001 (862.31 KiB)

xmin: 0.6413876399954548
xmax: 0.6498622162666412
ymin: 1.8182593031573577
ymax: 1.8230262523099001

contrast: 1.02
brightness: 0.07
saturation: 0.72
gamma: 1.09
gamma_r: 0.91
gamma_g: 0.95
gamma_b: 0.94
vignette: 21
temp: 3354