tweet_id: 1696797313316815159
masto_id: 110977547167766337

n_iter: 261
ct: 182
hue_offset: 212
saturation: 0.18

num_attempts: 10
dur: 5
std: 27.49
size: 1849477 (1.76 MiB)

xmin: 0.5702947154167575
xmax: 0.6452947154167574
ymin: -1.2828924679560396
ymax: -1.2407049679560396

contrast: 0.79
brightness: 0.16
saturation: 1.55
gamma: 0.98
gamma_r: 0.99
gamma_g: 1.0
gamma_b: 0.99
vignette: -43
temp: 6689