tweet_id: 1699285987841503234
masto_id: 111016432843911567

newton_power: 4
newton_const: 9

n_iter: 98
ct: 60
hue_offset: 186
saturation: 0.79

num_attempts: 125
dur: 604
std: 6.98
size: 925017 (903.34 KiB)

xmin: -0.2609065999334246
xmax: -0.23325683034817113
ymin: 1.3698651926256713
ymax: 1.3854181880173764

contrast: 0.74
brightness: 0.17
saturation: 0.37
gamma: 0.98
gamma_r: 0.98
gamma_g: 1.0
gamma_b: 1.07
vignette: -21
temp: 3055