tweet_id: 1698712311643443602
masto_id: 111007469576995027

newton_power: 4
newton_const: -8

n_iter: 69
ct: 237
hue_offset: 273
saturation: 0.89

num_attempts: 121
dur: 600
std: 8.55
size: 805828 (786.94 KiB)

xmin: -0.9723807120240755
xmax: -0.9639418934586746
ymin: 0.42560501425027075
ymax: 0.43035184969330875

contrast: 1.79
brightness: 0.2
saturation: 1.63
gamma: 0.91
gamma_r: 0.98
gamma_g: 1.01
gamma_b: 0.91
vignette: -46
temp: 3434