tweet_id: 1694049011949330734
masto_id: 110934605132778232

n_iter: 195
ct: 121
hue_offset: 15
saturation: -0.33

num_attempts: 19
dur: 7
std: 31.92
size: 1840591 (1.76 MiB)

xmin: -0.8986703784294459
xmax: -0.33617037842944586
ymin: -1.0318790213184703
ymax: -0.7154727713184703

contrast: 1.06
brightness: -0.07
saturation: 0.72
gamma: 0.99
gamma_r: 1.06
gamma_g: 0.95
gamma_b: 0.96
vignette: 20
temp: 4407