tweet_id: 1697379191141048323
masto_id: 110986639044440018

n_iter: 607
ct: 1
hue_offset: 205
saturation: 0.09

num_attempts: 238
dur: 609
std: 66.5
size: 1062986 (1.01 MiB)

xmin: -0.5231801255098292
xmax: -0.5159858809055127
ymin: 0.11726560345523529
ymax: 0.12131236604516335

contrast: 0.93
brightness: 0.02
saturation: 0.83
gamma: 0.9
gamma_r: 0.97
gamma_g: 1.04
gamma_b: 0.98
vignette: -42
temp: 5878