tweet_id: 1698168779023532045
masto_id: 110998976285900660

newton_power: 7
newton_const: -2

n_iter: 161
ct: 106
hue_offset: 261
saturation: -0.33

num_attempts: 65
dur: 613
std: 20.83
size: 699569 (683.17 KiB)

xmin: 1.8718608764198068
xmax: 2.1718608764198066
ymin: 0.9520199449459459
ymax: 1.1207699449459458

contrast: 1.41
brightness: 0.01
saturation: 1.21
gamma: 1.07
gamma_r: 0.98
gamma_g: 1.1
gamma_b: 0.9
vignette: -1
temp: 7205