tweet_id: 1695261043121856788
masto_id: 110953543047499600

n_iter: 919
ct: 57
hue_offset: 166
saturation: 0.64

num_attempts: 67
dur: 118
std: 53.98
size: 1373734 (1.31 MiB)

xmin: -0.6102884694503121
xmax: -0.6098001882003121
ymin: -0.4498148792839265
ymax: -0.4495402210808015

contrast: 1.15
brightness: -0.01
saturation: 1.01
gamma: 0.99
gamma_r: 1.08
gamma_g: 0.91
gamma_b: 1.06
vignette: -4
temp: 6046