tweet_id: 1693357128902119796
masto_id: 110923794212513952

n_iter: 354
ct: 29
hue_offset: 121
saturation: -0.87

num_attempts: 41
dur: 30
std: 41.62
size: 352488 (344.23 KiB)

xmin: -1.2923292908066686
xmax: -1.2562932547706325
ymin: -0.048330498041186276
ymax: -0.028060227770916005

contrast: 1.42
brightness: 0.11
saturation: 0.3
gamma: 1.05
gamma_r: 0.92
gamma_g: 0.92
gamma_b: 1.03
vignette: -5
temp: 6374