tweet_id: 1697556503744458947
masto_id: 110989409581616533

n_iter: 371
ct: 105
hue_offset: 304
saturation: -0.72

num_attempts: 35
dur: 24
std: 19.55
size: 1081579 (1.03 MiB)

xmin: -0.6561328112886708
xmax: -0.653305956164996
ymin: -0.4744039014242276
ymax: -0.47281379541716045

contrast: 1.25
brightness: -0.01
saturation: 0.31
gamma: 0.98
gamma_r: 0.93
gamma_g: 0.95
gamma_b: 0.99
vignette: -29
temp: 6356