tweet_id: 1696404875674841576
masto_id: 110971415354576846

n_iter: 288
ct: 5
hue_offset: 202
saturation: 0.55

num_attempts: 33
dur: 24
std: 21.8
size: 811821 (792.79 KiB)

xmin: -0.8464353195980425
xmax: 1.4035646804019575
ymin: -1.7301578440259027
ymax: -0.46453284402590267

contrast: 1.65
brightness: 0.03
saturation: 1.12
gamma: 1.04
gamma_r: 0.93
gamma_g: 0.93
gamma_b: 0.9
vignette: -18
temp: 4152