tweet_id: 1693906299560640944
masto_id: 110932375107486981

n_iter: 320
ct: 255
hue_offset: 295
saturation: -0.59

num_attempts: 394
dur: 600
std: 47.38
size: 882009 (861.34 KiB)

xmin: 0.6261649761297723
xmax: 0.6318226847577779
ymin: 0.5012768193060961
ymax: 0.5044592804093493

contrast: 1.01
brightness: -0.0
saturation: 0.49
gamma: 0.98
gamma_r: 0.91
gamma_g: 0.95
gamma_b: 1.06
vignette: -5
temp: 5502