tweet_id: 1692086176402821134
masto_id: 110903935591004632

n_iter: 324
ct: 151
hue_offset: 296
saturation: 0.21

num_attempts: 7
dur: 7
std: 38.9
size: 595145 (581.2 KiB)

xmin: 0.25824281538145755
xmax: 0.46278826992691213
ymin: -1.1556794341455707
ymax: -1.0406226159637526

contrast: 1.54
brightness: -0.06
saturation: 0.82
gamma: 1.07
gamma_r: 0.98
gamma_g: 1.02
gamma_b: 0.95
vignette: -15
temp: 6522