tweet_id: 1696359590441492983
masto_id: 110970707794659564

newton_power: 5
newton_const: -8

n_iter: 73
ct: 199
hue_offset: 192
saturation: -0.78

num_attempts: 99
dur: 601
std: 10.47
size: 825566 (806.22 KiB)

xmin: 0.548742094381208
xmax: 0.5569053596873305
ymin: 0.8035471500778919
ymax: 0.8081389868125858

contrast: 1.04
brightness: -0.04
saturation: 1.32
gamma: 1.1
gamma_r: 1.07
gamma_g: 0.95
gamma_b: 0.92
vignette: -6
temp: 2405