tweet_id: 1692810653642183027
masto_id: 110915255594358625

n_iter: 266
ct: 57
hue_offset: 41
saturation: -0.4

num_attempts: 7
dur: 8
std: 40.8
size: 1085965 (1.04 MiB)

xmin: -0.6113424465609139
xmax: -0.23634244656091385
ymin: -1.1067766810363966
ymax: -0.8958391810363966

contrast: 1.59
brightness: 0.01
saturation: 1.74
gamma: 0.97
gamma_r: 0.9
gamma_g: 1.01
gamma_b: 0.95
vignette: 0
temp: 5021