tweet_id: 1692180133023515030
masto_id: 110905403616117486

n_iter: 342
ct: 112
hue_offset: 296
saturation: 0.84

num_attempts: 14
dur: 13
std: 39.16
size: 506192 (494.33 KiB)

xmin: -0.55752889596747
xmax: -0.5019733404119144
ymin: 0.5582401775083841
ymax: 0.5894901775083841

contrast: 1.67
brightness: 0.22
saturation: 0.3
gamma: 1.05
gamma_r: 0.96
gamma_g: 0.92
gamma_b: 1.07
vignette: -47
temp: 5455