tweet_id: 1696887180327551173
masto_id: 110978951393211398

n_iter: 392
ct: 119
hue_offset: 163
saturation: 0.67

num_attempts: 15
dur: 11
std: 33.77
size: 955788 (933.39 KiB)

xmin: 0.5612144336146621
xmax: 1.123714433614662
ymin: -1.2917299341309656
ymax: -0.9753236841309656

contrast: 1.07
brightness: 0.12
saturation: 0.73
gamma: 0.99
gamma_r: 1.09
gamma_g: 0.91
gamma_b: 0.98
vignette: -7
temp: 7299