tweet_id: 1698410247361048972
masto_id: 111002749269877310

newton_power: 6
newton_const: 9

n_iter: 78
ct: 152
hue_offset: 199
saturation: 0.42

num_attempts: 89
dur: 604
std: 13.58
size: 1209906 (1.15 MiB)

xmin: -1.0580083188475677
xmax: -1.0227142012005088
ymin: 1.9534832631246974
ymax: 1.973336204301168

contrast: 1.2
brightness: -0.04
saturation: 1.6
gamma: 0.92
gamma_r: 0.99
gamma_g: 0.97
gamma_b: 1.0
vignette: -18
temp: 5503