tweet_id: 1697858249658335311
masto_id: 110994124363216002

n_iter: 1018
ct: 171
hue_offset: 140
saturation: 0.51

num_attempts: 51
dur: 108
std: 181.06
size: 1416545 (1.35 MiB)

xmin: -0.7721205387550407
xmax: -0.7714445205025479
ymin: 0.10488854864736563
ymax: 0.10526880891439284

contrast: 1.1
brightness: 0.18
saturation: 0.76
gamma: 1.04
gamma_r: 0.96
gamma_g: 0.98
gamma_b: 1.07
vignette: 4
temp: 6774