tweet_id: 1694837789559251040
masto_id: 110946929613500252

n_iter: 305
ct: 87
hue_offset: 280
saturation: 0.38

num_attempts: 45
dur: 32
std: 25.71
size: 669993 (654.29 KiB)

xmin: -0.2649743961891686
xmax: -0.0831562143709868
ymin: 0.7283201160724797
ymax: 0.830592843345207

contrast: 1.08
brightness: 0.05
saturation: 0.95
gamma: 0.97
gamma_r: 1.04
gamma_g: 0.98
gamma_b: 0.95
vignette: -41
temp: 4492