tweet_id: 1698397449797169290
masto_id: 111002549272557089

n_iter: 246
ct: 120
hue_offset: 125
saturation: 0.46

num_attempts: 2
dur: 2
std: 33.81
size: 1760096 (1.68 MiB)

xmin: 0.38908453006939414
xmax: 0.46667073696594585
ymin: -1.2287733010812019
ymax: -1.1851310597018916

contrast: 1.4
brightness: -0.05
saturation: 0.52
gamma: 0.91
gamma_r: 0.98
gamma_g: 1.01
gamma_b: 1.0
vignette: 25
temp: 5428