tweet_id: 1697436536323854420
masto_id: 110987534888076830

n_iter: 397
ct: 57
hue_offset: 199
saturation: -0.74

num_attempts: 29
dur: 32
std: 19.82
size: 37070 (36.2 KiB)

xmin: -0.6307998593210868
xmax: -0.627395604001938
ymin: 0.3788163175862487
ymax: 0.38073121120326997

contrast: 1.61
brightness: -0.1
saturation: 0.93
gamma: 0.94
gamma_r: 0.96
gamma_g: 1.02
gamma_b: 0.94
vignette: 3
temp: 6714