tweet_id: 1696162376565789039
masto_id: 110967626339193579

n_iter: 273
ct: 44
hue_offset: 198
saturation: 0.63

num_attempts: 1
dur: 2
std: 29.61
size: 711527 (694.85 KiB)

xmin: -1.2978227237317324
xmax: 0.20217727626826765
ymin: -1.040611659684468
ymax: -0.1968616596844679

contrast: 0.99
brightness: 0.11
saturation: 1.5
gamma: 0.95
gamma_r: 1.08
gamma_g: 1.09
gamma_b: 1.1
vignette: -5
temp: 5096