tweet_id: 1693000362410562040
masto_id: 110918219737234933

n_iter: 519
ct: 255
hue_offset: 182
saturation: 0.39

num_attempts: 404
dur: 608
std: 86.85
size: 936768 (914.81 KiB)

xmin: -0.14575745067017554
xmax: -0.1409898702172554
ymin: -0.754044696592929
ymax: -0.7513629325881614

contrast: 1.41
brightness: -0.02
saturation: 0.66
gamma: 1.0
gamma_r: 1.07
gamma_g: 0.95
gamma_b: 1.02
vignette: 8
temp: 3912