tweet_id: 1691706143452639588
masto_id: 110897997684946731

newton_power: 4
newton_const: -1

n_iter: 183
ct: 151
hue_offset: 231
saturation: 0.83

num_attempts: 110
dur: 602
std: 6.1
size: 827298 (807.91 KiB)

xmin: 1.551611380702349
xmax: 1.5614960594502898
ymin: -1.557550157773868
ymax: -1.5519900259781514

contrast: 1.14
brightness: 0.13
saturation: 1.31
gamma: 0.95
gamma_r: 0.95
gamma_g: 0.99
gamma_b: 0.99
vignette: 7
temp: 5942