tweet_id: 1692604148024320148
masto_id: 110912029111487510

n_iter: 340
ct: 123
hue_offset: 201
saturation: 0.35

num_attempts: 296
dur: 219
std: 29.77
size: 1150349 (1.1 MiB)

xmin: -0.2948182892632203
xmax: -0.29258614640607744
ymin: -0.6614468371317592
ymax: -0.6601912567746163

contrast: 1.7
brightness: -0.04
saturation: 0.44
gamma: 1.08
gamma_r: 0.91
gamma_g: 1.09
gamma_b: 1.06
vignette: -33
temp: 2914