tweet_id: 1691999898491609359
masto_id: 110902587650301025

n_iter: 508
ct: 28
hue_offset: 348
saturation: 0.32

num_attempts: 183
dur: 218
std: 16.34
size: 1017821 (993.97 KiB)

xmin: 0.2414299710583836
xmax: 0.2418557747628758
ymin: 0.5739449692085128
ymax: 0.5741844837922897

contrast: 1.48
brightness: 0.16
saturation: 1.07
gamma: 1.01
gamma_r: 0.91
gamma_g: 1.05
gamma_b: 1.06
vignette: -33
temp: 7945