tweet_id: 1695450714301210781
masto_id: 110956506656602025

newton_power: 3
newton_const: 5

n_iter: 126
ct: 220
hue_offset: 300
saturation: -0.65

num_attempts: 274
dur: 600
std: 4.3
size: 761085 (743.25 KiB)

xmin: -0.6913509878481485
xmax: -0.6716788567006076
ymin: 0.7875526234657553
ymax: 0.798618197236247

contrast: 1.74
brightness: 0.12
saturation: 1.06
gamma: 1.0
gamma_r: 0.95
gamma_g: 1.01
gamma_b: 1.05
vignette: 16
temp: 5832