tweet_id: 1695243987823521908
masto_id: 110953276441154016

n_iter: 411
ct: 71
hue_offset: 101
saturation: -0.26

num_attempts: 100
dur: 64
std: 19.48
size: 1590436 (1.52 MiB)

xmin: 0.33537240318522743
xmax: 0.33594571549710933
ymin: 0.5470248425824837
ymax: 0.5473473307579173

contrast: 1.64
brightness: 0.03
saturation: 1.02
gamma: 1.01
gamma_r: 0.95
gamma_g: 0.9
gamma_b: 1.09
vignette: -33
temp: 7708