tweet_id: 1692672452810162382
masto_id: 110913096258784378

newton_power: 6
newton_const: -9

n_iter: 132
ct: 161
hue_offset: 45
saturation: 0.44

num_attempts: 83
dur: 602
std: 13.66
size: 963043 (940.47 KiB)

xmin: -0.12389980586084093
xmax: -0.11129476384403421
ymin: -0.26144606339643084
ymax: -0.2543557272619771

contrast: 1.67
brightness: 0.01
saturation: 1.34
gamma: 0.98
gamma_r: 1.09
gamma_g: 0.95
gamma_b: 1.01
vignette: 6
temp: 5257