tweet_id: 1692844593757266236
masto_id: 110915785975533619

n_iter: 878
ct: 30
hue_offset: 338
saturation: 0.83

num_attempts: 8
dur: 9
std: 37.47
size: 1133011 (1.08 MiB)

xmin: -0.22539685342684868
xmax: -0.22433837234719797
ymin: 0.8071240388819862
ymax: 0.8077194344892897

contrast: 1.03
brightness: 0.21
saturation: 0.37
gamma: 0.95
gamma_r: 1.02
gamma_g: 0.99
gamma_b: 1.1
vignette: 27
temp: 2989