tweet_id: 1693811758660563348
masto_id: 110930897954592791

n_iter: 919
ct: 62
hue_offset: 290
saturation: 0.46

num_attempts: 81
dur: 77
std: 16.09
size: 947580 (925.37 KiB)

xmin: 0.34918130200544084
xmax: 0.34970254255795585
ymin: -0.06315056886254067
ymax: -0.06285737105175099

contrast: 0.97
brightness: 0.2
saturation: 0.75
gamma: 1.0
gamma_r: 0.95
gamma_g: 1.07
gamma_b: 0.98
vignette: -28
temp: 6212