tweet_id: 1692147492698394884
masto_id: 110904893747754575

n_iter: 183
ct: 97
hue_offset: 20
saturation: -0.68

num_attempts: 37
dur: 16
std: 25.69
size: 1434827 (1.37 MiB)

xmin: -0.5731956266932137
xmax: -0.4849603325755666
ymin: -0.8145465233223561
ymax: -0.7649141703811796

contrast: 1.33
brightness: -0.02
saturation: 0.49
gamma: 0.99
gamma_r: 0.95
gamma_g: 1.0
gamma_b: 1.03
vignette: -10
temp: 4273