tweet_id: 1693932930622517581
masto_id: 110932791182373693

n_iter: 370
ct: 89
hue_offset: 168
saturation: 0.01

num_attempts: 140
dur: 123
std: 44.89
size: 859560 (839.41 KiB)

xmin: 0.028455710530047362
xmax: 0.02904239284157567
ymin: 0.6389433041429968
ymax: 0.6392733129432315

contrast: 0.85
brightness: 0.11
saturation: 0.94
gamma: 0.99
gamma_r: 0.93
gamma_g: 0.91
gamma_b: 1.08
vignette: 21
temp: 7618