tweet_id: 1694963371773169879
masto_id: 110948891869455178

n_iter: 285
ct: 1
hue_offset: 78
saturation: 0.97

num_attempts: 501
dur: 601
std: 54.21
size: 1269374 (1.21 MiB)

xmin: 0.6013318707597519
xmax: 0.6054726575092343
ymin: -0.31108976275073186
ymax: -0.308760570204148

contrast: 1.31
brightness: 0.22
saturation: 1.49
gamma: 0.97
gamma_r: 1.08
gamma_g: 1.04
gamma_b: 1.04
vignette: -44
temp: 6803