tweet_id: 1695531443793908170
masto_id: 110957768025890111

n_iter: 321
ct: 97
hue_offset: 11
saturation: 0.14

num_attempts: 31
dur: 16
std: 19.25
size: 811720 (792.7 KiB)

xmin: 0.3946024954148317
xmax: 0.395419488878884
ymin: -0.19292540297896454
ymax: -0.19246584415543513

contrast: 1.37
brightness: -0.05
saturation: 0.35
gamma: 1.06
gamma_r: 1.07
gamma_g: 1.03
gamma_b: 1.05
vignette: -18
temp: 3844