tweet_id: 1694712907584688255
masto_id: 110944978488967877

n_iter: 222
ct: 28
hue_offset: 207
saturation: 0.02

num_attempts: 5
dur: 2
std: 38.14
size: 1387553 (1.32 MiB)

xmin: -0.8523540786895261
xmax: -0.8054790786895261
ymin: -0.6874193150721899
ymax: -0.6610521275721899

contrast: 0.93
brightness: 0.02
saturation: 0.28
gamma: 0.92
gamma_r: 1.02
gamma_g: 1.1
gamma_b: 0.96
vignette: 1
temp: 6490