tweet_id: 1695498405471035544
masto_id: 110957251870904390

n_iter: 154
ct: 120
hue_offset: 147
saturation: -0.17

num_attempts: 53
dur: 20
std: 22.72
size: 2130429 (2.03 MiB)

xmin: -0.6337140193271558
xmax: -0.5752724608855974
ymin: -0.9263713862492926
ymax: -0.893498009625916

contrast: 1.04
brightness: -0.04
saturation: 1.31
gamma: 1.06
gamma_r: 0.99
gamma_g: 1.02
gamma_b: 0.97
vignette: -31
temp: 4459