tweet_id: 1698043598623715693
masto_id: 110997020486604815

n_iter: 327
ct: 1
hue_offset: 198
saturation: 0.68

num_attempts: 555
dur: 603
std: 52.06
size: 1147670 (1.09 MiB)

xmin: 0.4334476461172647
xmax: 0.43914565181527043
ymin: -0.5778534269708412
ymax: -0.574648298765713

contrast: 1.03
brightness: 0.1
saturation: 0.35
gamma: 0.96
gamma_r: 0.91
gamma_g: 0.94
gamma_b: 1.01
vignette: -22
temp: 3426