tweet_id: 1694113377012847084
masto_id: 110935610775735384

n_iter: 574
ct: 11
hue_offset: 337
saturation: 0.26

num_attempts: 70
dur: 115
std: 50.02
size: 1161778 (1.11 MiB)

xmin: -0.35955154379205734
xmax: -0.3573005589862048
ymin: -0.6403044436339371
ymax: -0.6390382646806451

contrast: 0.95
brightness: 0.22
saturation: 0.66
gamma: 1.08
gamma_r: 1.02
gamma_g: 0.99
gamma_b: 0.9
vignette: -9
temp: 6286