tweet_id: 1698254952676597801
masto_id: 111000322669735091

n_iter: 414
ct: 255
hue_offset: 286
saturation: 0.47

num_attempts: 310
dur: 601
std: 35.99
size: 155698 (152.05 KiB)

xmin: -0.08664202353221295
xmax: -0.08006307616379191
ymin: -1.1280478450144162
ymax: -1.1243471871196793

contrast: 1.67
brightness: 0.21
saturation: 1.19
gamma: 1.07
gamma_r: 1.05
gamma_g: 0.95
gamma_b: 0.95
vignette: -40
temp: 4943