tweet_id: 1697353351728435520
masto_id: 110986235330430790

newton_power: 6
newton_const: -4

n_iter: 137
ct: 132
hue_offset: 182
saturation: -0.64

num_attempts: 85
dur: 608
std: 16.4
size: 1170074 (1.12 MiB)

xmin: 1.849117516550871
xmax: 1.8561597700719978
ymin: -1.1247405452996326
ymax: -1.1207792776939989

contrast: 0.77
brightness: 0.16
saturation: 0.45
gamma: 0.93
gamma_r: 0.99
gamma_g: 0.97
gamma_b: 1.07
vignette: 18
temp: 5165