tweet_id: 1698494666730008736
masto_id: FAIL

n_iter: 428
ct: 177
hue_offset: 160
saturation: 0.04

num_attempts: 4
dur: 7
std: 51.93
size: 1026416 (1002.36 KiB)

xmin: -1.2974703099279365
xmax: -0.9224703099279365
ymin: -0.6285266924527297
ymax: -0.41758919245272974

contrast: 1.63
brightness: 0.11
saturation: 0.41
gamma: 0.97
gamma_r: 0.98
gamma_g: 1.0
gamma_b: 1.04
vignette: -45
temp: 6239