tweet_id: 1696015931149795664
masto_id: 110965338040988757

n_iter: 919
ct: 82
hue_offset: 110
saturation: 0.08

num_attempts: 17
dur: 20
std: 57.55
size: 1176624 (1.12 MiB)

xmin: -1.1550460431947622
xmax: -1.1546245468828549
ymin: -0.21415912554674443
ymax: -0.2139220338712966

contrast: 1.27
brightness: 0.23
saturation: 0.7
gamma: 0.9
gamma_r: 1.04
gamma_g: 0.96
gamma_b: 0.95
vignette: 18
temp: 4014