tweet_id: 1696896054346571813
masto_id: 110979089959109925

n_iter: 336
ct: 1
hue_offset: 10
saturation: -0.54

num_attempts: 374
dur: 606
std: 45.17
size: 728230 (711.16 KiB)

xmin: 0.6035954907531411
xmax: 0.6112290785394007
ymin: 0.48071345237194607
ymax: 0.4850073455017171

contrast: 1.26
brightness: 0.04
saturation: 0.27
gamma: 0.99
gamma_r: 1.02
gamma_g: 1.04
gamma_b: 1.1
vignette: 28
temp: 4635