tweet_id: 1692206943178293324
masto_id: 110905822607169453

n_iter: 161
ct: 188
hue_offset: 238
saturation: -0.26

num_attempts: 25
dur: 7
std: 24.65
size: 1402459 (1.34 MiB)

xmin: -0.6268175894388863
xmax: -0.4716451756457829
ymin: -1.036448374466561
ymax: -0.9491638917079402

contrast: 1.14
brightness: 0.19
saturation: 1.21
gamma: 0.93
gamma_r: 1.06
gamma_g: 0.94
gamma_b: 1.08
vignette: 14
temp: 6071