tweet_id: 1696524842068292004
masto_id: 110973289763813782

n_iter: 221
ct: 210
hue_offset: 307
saturation: 0.46

num_attempts: 23
dur: 12
std: 26.29
size: 816632 (797.49 KiB)

xmin: -0.26362004441673603
xmax: -0.15647718727387888
ymin: -1.1350731700720385
ymax: -1.0748053129291812

contrast: 0.94
brightness: -0.02
saturation: 1.74
gamma: 0.95
gamma_r: 1.0
gamma_g: 0.99
gamma_b: 1.05
vignette: -2
temp: 2385