tweet_id: 1695614041169834139
masto_id: 110959058605521264

newton_power: 5
newton_const: 8

n_iter: 195
ct: 182
hue_offset: 71
saturation: 0.82

num_attempts: 94
dur: 605
std: 10.92
size: 764822 (746.9 KiB)

xmin: -1.8062002642154529
xmax: -1.7997762813460738
ymin: -1.3709152791522508
ymax: -1.367301788788225

contrast: 1.39
brightness: -0.08
saturation: 1.62
gamma: 0.96
gamma_r: 1.08
gamma_g: 1.05
gamma_b: 1.08
vignette: 25
temp: 4985