tweet_id: 1696956555072077954
masto_id: 110980035282842223

n_iter: 531
ct: 255
hue_offset: 252
saturation: 1.0

num_attempts: 257
dur: 608
std: 65.34
size: 635115 (620.23 KiB)

xmin: -0.5320230742003675
xmax: -0.5212414030413379
ymin: 0.13296369798572383
ymax: 0.139028388012678

contrast: 1.65
brightness: -0.06
saturation: 1.32
gamma: 1.03
gamma_r: 0.95
gamma_g: 1.04
gamma_b: 1.09
vignette: -1
temp: 6576