tweet_id: 1697383536502702303
masto_id: 110986706964347249

newton_power: 4
newton_const: -9

n_iter: 144
ct: 131
hue_offset: 171
saturation: 0.55

num_attempts: 102
dur: 600
std: 7.94
size: 859752 (839.6 KiB)

xmin: 1.4498941427145144
xmax: 1.513723929948557
ymin: -1.0575310796006865
ymax: -1.0216268242815376

contrast: 1.62
brightness: 0.19
saturation: 1.55
gamma: 1.07
gamma_r: 0.93
gamma_g: 1.03
gamma_b: 0.9
vignette: -11
temp: 6652