tweet_id: 1698971741488341261
masto_id: 111011522607058395

n_iter: 323
ct: 87
hue_offset: 201
saturation: -0.97

num_attempts: 3
dur: 2
std: 51.12
size: 2336696 (2.23 MiB)

xmin: -0.11851239338545216
xmax: -0.06678825545441769
ymin: -1.0311064015617175
ymax: -1.0020115739755107

contrast: 1.37
brightness: -0.1
saturation: 1.44
gamma: 0.9
gamma_r: 0.99
gamma_g: 1.07
gamma_b: 1.07
vignette: -15
temp: 6622