tweet_id: 1694350494372618496
masto_id: 110939315803879816

n_iter: 452
ct: 221
hue_offset: 172
saturation: -0.07

num_attempts: 2
dur: 2
std: 21.44
size: 440663 (430.33 KiB)

xmin: 0.4076568271017207
xmax: 0.9701568271017207
ymin: -1.125891085441714
ymax: -0.8094848354417139

contrast: 1.6
brightness: 0.14
saturation: 1.21
gamma: 0.92
gamma_r: 0.93
gamma_g: 0.91
gamma_b: 1.07
vignette: -13
temp: 6733