tweet_id: 1697955744287797750
masto_id: 110995647654556902

n_iter: 639
ct: 1
hue_offset: 355
saturation: -0.37

num_attempts: 285
dur: 610
std: 94.7
size: 747393 (729.88 KiB)

xmin: 0.14452704041144315
xmax: 0.1541888761602354
ymin: -0.7532826552871014
ymax: -0.7478478726784057

contrast: 1.59
brightness: -0.0
saturation: 0.78
gamma: 1.02
gamma_r: 0.96
gamma_g: 1.08
gamma_b: 1.07
vignette: -16
temp: 5555