tweet_id: 1691701843020181869
masto_id: 110897930366070628

n_iter: 547
ct: 255
hue_offset: 330
saturation: -0.1

num_attempts: 314
dur: 610
std: 76.62
size: 634271 (619.41 KiB)

xmin: 0.19781654610119803
xmax: 0.20525149033911624
ymin: 1.0078621813481234
ymax: 1.0120443374819525

contrast: 1.8
brightness: 0.14
saturation: 0.71
gamma: 0.98
gamma_r: 0.96
gamma_g: 1.06
gamma_b: 0.99
vignette: 24
temp: 5635