tweet_id: 1698874573951729978
masto_id: 111010004419817238

newton_power: 5
newton_const: -2

n_iter: 176
ct: 174
hue_offset: 237
saturation: 0.8

num_attempts: 103
dur: 601
std: 11.83
size: 1072398 (1.02 MiB)

xmin: -0.680162510204783
xmax: -0.5932059884656526
ymin: -1.5038769888951244
ymax: -1.4549639454168637

contrast: 1.04
brightness: -0.04
saturation: 1.57
gamma: 0.97
gamma_r: 1.1
gamma_g: 1.0
gamma_b: 1.02
vignette: -28
temp: 7498