tweet_id: 1699182381188501926
masto_id: 111014813896306791

n_iter: 442
ct: 48
hue_offset: 85
saturation: -0.46

num_attempts: 35
dur: 30
std: 29.88
size: 925689 (903.99 KiB)

xmin: 0.5936214129711335
xmax: 1.0027123220620426
ymin: -1.1537727676728546
ymax: -0.9236591313092183

contrast: 1.77
brightness: 0.2
saturation: 0.99
gamma: 1.08
gamma_r: 1.04
gamma_g: 0.93
gamma_b: 1.03
vignette: -45
temp: 2973