tweet_id: 1697292930283659597
masto_id: 110985291199652643

newton_power: 3
newton_const: 6

n_iter: 231
ct: 237
hue_offset: 89
saturation: 0.21

num_attempts: 298
dur: 600
std: 3.81
size: 292433 (285.58 KiB)

xmin: -0.509140639576406
xmax: 0.24085936042359402
ymin: -0.4127458686360783
ymax: 0.009129131363921683

contrast: 1.17
brightness: 0.09
saturation: 1.68
gamma: 1.05
gamma_r: 1.0
gamma_g: 0.99
gamma_b: 1.07
vignette: -3
temp: 4110