tweet_id: 1699014307629973957
masto_id: 111012187749578619

newton_power: 7
newton_const: -10

n_iter: 77
ct: 212
hue_offset: 29
saturation: 0.58

num_attempts: 76
dur: 602
std: 28.02
size: 751634 (734.02 KiB)

xmin: -0.18087777447129616
xmax: -0.15284039129372606
ymin: -0.14101832873548736
ymax: -0.1252473006981042

contrast: 1.27
brightness: 0.03
saturation: 1.59
gamma: 1.01
gamma_r: 1.08
gamma_g: 1.07
gamma_b: 1.0
vignette: -30
temp: 5759