tweet_id: 1698470633166848308
masto_id: 111003692810866611

newton_power: 3
newton_const: 4

n_iter: 104
ct: 222
hue_offset: 275
saturation: 0.69

num_attempts: 267
dur: 602
std: 3.77
size: 261200 (255.08 KiB)

xmin: 0.6908409595039235
xmax: 0.7803931983098937
ymin: 0.27293958245292504
ymax: 0.32331271678128326

contrast: 1.42
brightness: 0.19
saturation: 0.77
gamma: 0.99
gamma_r: 0.91
gamma_g: 1.07
gamma_b: 1.08
vignette: 3
temp: 7008