tweet_id: 1696477547369029932
masto_id: 110972551015540224

newton_power: 4
newton_const: -4

n_iter: 161
ct: 219
hue_offset: 342
saturation: 0.61

num_attempts: 92
dur: 600
std: 7.42
size: 795648 (777.0 KiB)

xmin: -2.234710901881142
xmax: -2.2282244153946555
ymin: 1.8234189946627835
ymax: 1.8270676433114321

contrast: 0.81
brightness: 0.18
saturation: 1.66
gamma: 0.96
gamma_r: 0.9
gamma_g: 1.02
gamma_b: 0.99
vignette: 25
temp: 2089