tweet_id: 1697677781600026699
masto_id: 110991304510646331

n_iter: 852
ct: 204
hue_offset: 193
saturation: -0.22

num_attempts: 145
dur: 270
std: 57.07
size: 1078775 (1.03 MiB)

xmin: -0.19013202937843676
xmax: -0.05679869604510343
ymin: -0.8932553047554673
ymax: -0.8182553047554674

contrast: 1.22
brightness: 0.1
saturation: 1.34
gamma: 1.09
gamma_r: 0.92
gamma_g: 1.0
gamma_b: 0.91
vignette: 32
temp: 6538