tweet_id: 1696227713873330522
masto_id: 110968647288422374

n_iter: 1021
ct: 125
hue_offset: 181
saturation: -0.07

num_attempts: 30
dur: 59
std: 46.14
size: 1140238 (1.09 MiB)

xmin: -1.303280683377175
xmax: -1.2956031401909947
ymin: -0.06631085866306252
ymax: -0.06199224062083603

contrast: 0.74
brightness: 0.04
saturation: 1.15
gamma: 0.98
gamma_r: 1.02
gamma_g: 0.99
gamma_b: 1.03
vignette: -20
temp: 3599