tweet_id: 1694524210222121294
masto_id: 110942029966691051

n_iter: 379
ct: 255
hue_offset: 49
saturation: -0.04

num_attempts: 378
dur: 605
std: 63.6
size: 681577 (665.6 KiB)

xmin: -0.4311981111469563
xmax: -0.42705732439747385
ymin: 0.5763269531608346
ymax: 0.5786561457074184

contrast: 0.99
brightness: 0.01
saturation: 0.39
gamma: 1.02
gamma_r: 1.04
gamma_g: 1.06
gamma_b: 0.95
vignette: 18
temp: 5632