tweet_id: 1697854005806797049
masto_id: 110994058068406819

n_iter: 348
ct: 90
hue_offset: 226
saturation: -0.55

num_attempts: 17
dur: 5
std: 27.09
size: 1065007 (1.02 MiB)

xmin: -1.2592738265590462
xmax: -1.0926071598923794
ymin: -0.5580300943533287
ymax: -0.46428009435332873

contrast: 0.9
brightness: 0.06
saturation: 1.13
gamma: 1.08
gamma_r: 0.94
gamma_g: 0.99
gamma_b: 0.92
vignette: 21
temp: 3993