tweet_id: 1696707720588513723
masto_id: 110976147262306488

n_iter: 138
ct: 182
hue_offset: 45
saturation: -0.1

num_attempts: 41
dur: 14
std: 22.41
size: 1146450 (1.09 MiB)

xmin: 0.3136039793998968
xmax: 0.6886039793998968
ymin: -1.3068660021849938
ymax: -1.0959285021849938

contrast: 1.31
brightness: 0.11
saturation: 1.34
gamma: 0.99
gamma_r: 1.07
gamma_g: 0.99
gamma_b: 0.99
vignette: -13
temp: 3419