tweet_id: 1693845966669980133
masto_id: 110931432298092284

n_iter: 263
ct: 255
hue_offset: 17
saturation: 0.05

num_attempts: 486
dur: 606
std: 44.72
size: 760782 (742.95 KiB)

xmin: 0.2657368013077517
xmax: 0.27626311709722534
ymin: 0.7209145284654577
ymax: 0.7268355810970366

contrast: 1.78
brightness: 0.18
saturation: 0.76
gamma: 1.01
gamma_r: 0.96
gamma_g: 1.09
gamma_b: 0.93
vignette: -46
temp: 2975