tweet_id: 1693868024116429157
masto_id: 110931777033387388

n_iter: 505
ct: 118
hue_offset: 54
saturation: -0.35

num_attempts: 16
dur: 8
std: 22.39
size: 456176 (445.48 KiB)

xmin: 0.23063586024197757
xmax: 0.33528702303267527
ymin: -0.3155466944489207
ymax: -0.25668041537915326

contrast: 1.22
brightness: -0.09
saturation: 0.9
gamma: 1.07
gamma_r: 0.98
gamma_g: 1.02
gamma_b: 1.08
vignette: -12
temp: 6346