tweet_id: 1694260562887065634
masto_id: 110937910409028970

n_iter: 410
ct: 21
hue_offset: 203
saturation: -0.27

num_attempts: 11
dur: 13
std: 66.17
size: 2194963 (2.09 MiB)

xmin: -0.4148680729523391
xmax: -0.26486807295233905
ymin: -0.9627517536289187
ymax: -0.8783767536289188

contrast: 1.19
brightness: 0.23
saturation: 0.99
gamma: 0.91
gamma_r: 1.03
gamma_g: 1.04
gamma_b: 1.02
vignette: -19
temp: 2181