tweet_id: 1692793303433953600
masto_id: 110914984522854865

newton_power: 7
newton_const: -5

n_iter: 125
ct: 213
hue_offset: 335
saturation: 0.59

num_attempts: 75
dur: 605
std: 41.31
size: 1009208 (985.55 KiB)

xmin: -1.5713008102805102
xmax: -1.5652463198667868
ymin: 0.12962838339208682
ymax: 0.1330340342498063

contrast: 1.34
brightness: -0.03
saturation: 1.58
gamma: 0.91
gamma_r: 1.01
gamma_g: 0.98
gamma_b: 1.08
vignette: 32
temp: 3280