tweet_id: 1697221032036151784
masto_id: 110984167748097903

n_iter: 276
ct: 13
hue_offset: 7
saturation: -0.23

num_attempts: 23
dur: 12
std: 38.18
size: 1964901 (1.87 MiB)

xmin: -0.8618175828621273
xmax: -0.7828702144410746
ymin: -0.7850589355505129
ymax: -0.7406510408136707

contrast: 0.77
brightness: 0.03
saturation: 0.73
gamma: 0.99
gamma_r: 0.99
gamma_g: 0.95
gamma_b: 1.05
vignette: 9
temp: 4702