tweet_id: 1698772690348171346
masto_id: 111008412521247546

newton_power: 5
newton_const: 5

n_iter: 199
ct: 28
hue_offset: 214
saturation: -0.79

num_attempts: 82
dur: 614
std: 12.35
size: 1364067 (1.3 MiB)

xmin: 0.09125983068529298
xmax: 0.11636443319575322
ymin: -0.5943530240509383
ymax: -0.5802316851388044

contrast: 0.94
brightness: -0.07
saturation: 1.42
gamma: 1.03
gamma_r: 1.09
gamma_g: 1.08
gamma_b: 1.01
vignette: -31
temp: 4566