tweet_id: 1694268714286260308
masto_id: 110938037981925752

n_iter: 439
ct: 255
hue_offset: 29
saturation: -0.91

num_attempts: 361
dur: 607
std: 74.9
size: 1264037 (1.21 MiB)

xmin: 0.38508215127689915
xmax: 0.3897880336298403
ymin: 0.6246801555954056
ymax: 0.627327214418935

contrast: 1.01
brightness: -0.1
saturation: 1.72
gamma: 0.93
gamma_r: 0.97
gamma_g: 0.98
gamma_b: 0.99
vignette: -44
temp: 2616