tweet_id: 1698798538279285008
masto_id: 111008816253241356

n_iter: 426
ct: 1
hue_offset: 36
saturation: 0.88

num_attempts: 372
dur: 604
std: 65.19
size: 786524 (768.09 KiB)

xmin: 0.0806827454751371
xmax: 0.09262304398259978
ymin: 0.7607817477150949
ymax: 0.7674981656255426

contrast: 1.37
brightness: 0.09
saturation: 0.45
gamma: 1.08
gamma_r: 0.94
gamma_g: 0.95
gamma_b: 0.93
vignette: -19
temp: 3319