tweet_id: 1694335424200605808
masto_id: 110939080413341565

newton_power: 3
newton_const: -1

n_iter: 71
ct: 14
hue_offset: 218
saturation: -0.92

num_attempts: 297
dur: 601
std: 4.01
size: 602839 (588.71 KiB)

xmin: 0.6533274883708393
xmax: 0.6605914108889991
ymin: -1.6403134127333625
ymax: -1.6362274563168977

contrast: 1.76
brightness: 0.12
saturation: 0.43
gamma: 0.92
gamma_r: 1.06
gamma_g: 1.01
gamma_b: 1.07
vignette: -6
temp: 3779