tweet_id: 1692758785318699494
masto_id: 110914445143469152

n_iter: 433
ct: 1
hue_offset: 129
saturation: -0.71

num_attempts: 268
dur: 610
std: 67.62
size: 830531 (811.07 KiB)

xmin: 0.160722673689365
xmax: 0.165722673689365
ymin: -0.831675348775049
ymax: -0.828862848775049

contrast: 0.94
brightness: 0.18
saturation: 0.91
gamma: 0.93
gamma_r: 0.93
gamma_g: 0.97
gamma_b: 1.01
vignette: 4
temp: 5929