tweet_id: 1694575036840186164
masto_id: 110942824181164208

newton_power: 4
newton_const: -7

n_iter: 79
ct: 170
hue_offset: 31
saturation: 0.91

num_attempts: 106
dur: 600
std: 8.34
size: 779687 (761.41 KiB)

xmin: -1.4128693316493528
xmax: -1.390564498935598
ymin: 1.1171784997271383
ymax: 1.1297249681286252

contrast: 1.34
brightness: 0.07
saturation: 1.39
gamma: 0.98
gamma_r: 1.01
gamma_g: 1.07
gamma_b: 0.96
vignette: 18
temp: 3565