tweet_id: 1697959584516784422
masto_id: 110995707750129661

newton_power: 5
newton_const: 0

n_iter: 187
ct: 117
hue_offset: 19
saturation: 0.88

num_attempts: 114
dur: 852
std: 1.14
size: 625825 (611.16 KiB)

xmin: 0.295092194399059
xmax: 1.295092194399059
ymin: -0.9275525928222805
ymax: -0.36505259282228053

contrast: 1.63
brightness: 0.19
saturation: 1.38
gamma: 0.95
gamma_r: 1.1
gamma_g: 1.08
gamma_b: 0.97
vignette: -20
temp: 5480