tweet_id: 1691874919255077321
masto_id: 110900634738445225

n_iter: 512
ct: 139
hue_offset: 314
saturation: -0.73

num_attempts: 65
dur: 75
std: 87.62
size: 1835491 (1.75 MiB)

xmin: -1.0755406071601792
xmax: -1.0121603254700384
ymin: -0.49581567269753735
ymax: -0.4601642642468331

contrast: 0.99
brightness: 0.05
saturation: 1.29
gamma: 0.92
gamma_r: 1.07
gamma_g: 0.9
gamma_b: 1.05
vignette: 10
temp: 2389