tweet_id: 1696447332298973220
masto_id: 110972078755521061

newton_power: 4
newton_const: 5

n_iter: 146
ct: 65
hue_offset: 110
saturation: 0.26

num_attempts: 114
dur: 600
std: 8.55
size: 1139882 (1.09 MiB)

xmin: -2.3456465193907174
xmax: -2.2943644681086663
ymin: 0.26077814690575574
ymax: 0.2896243007519096

contrast: 1.39
brightness: -0.0
saturation: 0.65
gamma: 0.98
gamma_r: 0.93
gamma_g: 0.96
gamma_b: 1.06
vignette: -34
temp: 6054