tweet_id: 1692003767519007201
masto_id: 110902647940920473

n_iter: 517
ct: 1
hue_offset: 51
saturation: 0.6

num_attempts: 362
dur: 609
std: 76.68
size: 657527 (642.12 KiB)

xmin: -0.5368746781081346
xmax: -0.531461958216389
ymin: 0.40551590800871407
ymax: 0.40856056294782095

contrast: 1.41
brightness: 0.03
saturation: 1.71
gamma: 0.94
gamma_r: 0.91
gamma_g: 0.92
gamma_b: 0.93
vignette: 30
temp: 5325