tweet_id: 1693116492378935722
masto_id: 110920034346413525

n_iter: 468
ct: 158
hue_offset: 156
saturation: -0.48

num_attempts: 20
dur: 25
std: 75.82
size: 1727485 (1.65 MiB)

xmin: -1.062344361165174
xmax: -1.0617177947491339
ymin: -0.2541374576605798
ymax: -0.2537850140515573

contrast: 1.12
brightness: -0.08
saturation: 1.05
gamma: 0.98
gamma_r: 1.01
gamma_g: 0.9
gamma_b: 1.0
vignette: -29
temp: 4770