tweet_id: 1697583407021125818
masto_id: 110989830007905422

n_iter: 301
ct: 200
hue_offset: 11
saturation: 0.61

num_attempts: 11
dur: 8
std: 27.65
size: 898522 (877.46 KiB)

xmin: -0.4029215369281074
xmax: -0.3480434881476196
ymin: -0.8702829163887269
ymax: -0.8394140139497025

contrast: 1.73
brightness: -0.06
saturation: 0.91
gamma: 1.01
gamma_r: 0.93
gamma_g: 0.96
gamma_b: 0.92
vignette: 30
temp: 6206