tweet_id: 1692452420599603630
masto_id: 110909658289292404

n_iter: 153
ct: 83
hue_offset: 95
saturation: 0.27

num_attempts: 59
dur: 27
std: 19.1
size: 810817 (791.81 KiB)

xmin: -1.2070352838959229
xmax: -1.1529812298418687
ymin: -0.2905685555237514
ymax: -0.26016315011834595

contrast: 1.44
brightness: -0.0
saturation: 0.96
gamma: 0.97
gamma_r: 1.08
gamma_g: 1.07
gamma_b: 1.07
vignette: 25
temp: 2074