tweet_id: 1692723378812072131
masto_id: 110913892157507702

n_iter: 593
ct: 60
hue_offset: 1
saturation: -0.19

num_attempts: 6
dur: 14
std: 34.86
size: 1278706 (1.22 MiB)

xmin: 0.3871210962750231
xmax: 0.38785544545805967
ymin: 0.13678839629199113
ymax: 0.13720146770744918

contrast: 1.3
brightness: 0.11
saturation: 1.09
gamma: 0.93
gamma_r: 0.97
gamma_g: 1.08
gamma_b: 1.01
vignette: -38
temp: 4031