tweet_id: 1695331012643823670
masto_id: 110954636290932929

newton_power: 6
newton_const: 0

n_iter: 174
ct: 46
hue_offset: 340
saturation: -0.14

num_attempts: 92
dur: 857
std: 1.03
size: 653102 (637.79 KiB)

xmin: -0.287516943351267
xmax: 1.212483056648733
ymin: 0.9666703571962119
ymax: 1.8104203571962119

contrast: 1.78
brightness: 0.13
saturation: 0.92
gamma: 1.08
gamma_r: 0.98
gamma_g: 1.08
gamma_b: 1.01
vignette: 20
temp: 5865