tweet_id: 1692296997234196529
masto_id: 110907229756517485

n_iter: 192
ct: 235
hue_offset: 176
saturation: 0.93

num_attempts: 60
dur: 26
std: 30.18
size: 1295692 (1.24 MiB)

xmin: 0.6787595432802083
xmax: 0.7885156408411839
ymin: -1.2141813105401154
ymax: -1.1524435056620665

contrast: 0.79
brightness: 0.06
saturation: 0.38
gamma: 1.06
gamma_r: 1.03
gamma_g: 0.98
gamma_b: 1.04
vignette: -44
temp: 2790