tweet_id: 1696615777460207760
masto_id: 110974711425610428

n_iter: 313
ct: 50
hue_offset: 239
saturation: -0.0

num_attempts: 31
dur: 17
std: 21.95
size: 294768 (287.86 KiB)

xmin: -0.36401306545676304
xmax: -0.21401306545676305
ymin: 0.07466955415342946
ymax: 0.15904455415342944

contrast: 1.37
brightness: 0.13
saturation: 1.69
gamma: 0.91
gamma_r: 1.1
gamma_g: 1.0
gamma_b: 0.91
vignette: -36
temp: 2409