tweet_id: 1692900635761381604
masto_id: 110916661577896483

n_iter: 364
ct: 14
hue_offset: 240
saturation: 0.32

num_attempts: 16
dur: 11
std: 34.86
size: 854489 (834.46 KiB)

xmin: 0.13562613367440512
xmax: 0.18984300114428465
ymin: -1.11284902492823
ymax: -1.0823520369764226

contrast: 1.4
brightness: 0.11
saturation: 1.34
gamma: 0.93
gamma_r: 1.1
gamma_g: 1.07
gamma_b: 0.94
vignette: 17
temp: 7891