tweet_id: 1698583312510390448
masto_id: 111005453518502771

n_iter: 231
ct: 231
hue_offset: 314
saturation: 0.65

num_attempts: 13
dur: 10
std: 16.41
size: 848448 (828.56 KiB)

xmin: -1.3758390200875628
xmax: -1.3719289516613653
ymin: -0.02989710136172663
ymax: -0.02769768787199056

contrast: 1.59
brightness: 0.01
saturation: 0.91
gamma: 0.94
gamma_r: 1.01
gamma_g: 1.09
gamma_b: 0.97
vignette: 18
temp: 3624