tweet_id: 1694230396861378935
masto_id: 110937439081331959

n_iter: 398
ct: 230
hue_offset: 156
saturation: -0.4

num_attempts: 3
dur: 3
std: 54.33
size: 1078180 (1.03 MiB)

xmin: -0.6088739599364019
xmax: 0.033983182920740984
ymin: -1.1670366785825803
ymax: -0.8054295357254374

contrast: 1.65
brightness: -0.02
saturation: 1.18
gamma: 0.98
gamma_r: 0.95
gamma_g: 0.96
gamma_b: 0.96
vignette: 15
temp: 4796