tweet_id: 1695890837819847109
masto_id: 110963383433368467

n_iter: 505
ct: 4
hue_offset: 152
saturation: 0.35

num_attempts: 1
dur: 2
std: 24.57
size: 385967 (376.92 KiB)

xmin: 0.20902451712727643
xmax: 0.2879718855483291
ymin: -0.05973742124824355
ymax: -0.015329526511401445

contrast: 1.0
brightness: -0.09
saturation: 0.87
gamma: 0.95
gamma_r: 1.08
gamma_g: 0.98
gamma_b: 1.09
vignette: 25
temp: 2251