tweet_id: 1695662233018421482
masto_id: 110959811574055327

newton_power: 6
newton_const: -2

n_iter: 177
ct: 55
hue_offset: 95
saturation: 0.65

num_attempts: 87
dur: 602
std: 12.71
size: 1143020 (1.09 MiB)

xmin: -1.4076250454230999
xmax: -1.3916250454230998
ymin: -0.6733464531890405
ymax: -0.6643464531890405

contrast: 1.45
brightness: -0.02
saturation: 0.88
gamma: 0.95
gamma_r: 0.94
gamma_g: 0.97
gamma_b: 1.04
vignette: -28
temp: 6617