tweet_id: 1692823419933294770
masto_id: 110915455111222960

newton_power: 4
newton_const: -10

n_iter: 71
ct: 210
hue_offset: 174
saturation: 0.16

num_attempts: 133
dur: 602
std: 8.39
size: 460049 (449.27 KiB)

xmin: 1.0709162124634526
xmax: 1.1449902865375265
ymin: -0.5965860095466702
ymax: -0.5549193428800036

contrast: 1.49
brightness: 0.18
saturation: 1.01
gamma: 1.05
gamma_r: 1.09
gamma_g: 1.03
gamma_b: 1.09
vignette: 4
temp: 6250