tweet_id: 1694208348017557829
masto_id: 110937094655380023

n_iter: 599
ct: 1
hue_offset: 270
saturation: -0.71

num_attempts: 292
dur: 604
std: 41.25
size: 382631 (373.66 KiB)

xmin: 0.405550157504039
xmax: 0.4173495675335375
ymin: 0.5869949393175027
ymax: 0.5936321074590956

contrast: 0.74
brightness: 0.08
saturation: 1.22
gamma: 1.06
gamma_r: 0.94
gamma_g: 1.06
gamma_b: 0.94
vignette: -5
temp: 5073