tweet_id: 1694031499203592447
masto_id: 110934331395190246

newton_power: 7
newton_const: 7

n_iter: 124
ct: 188
hue_offset: 6
saturation: 0.9

num_attempts: 53
dur: 614
std: 19.69
size: 983195 (960.15 KiB)

xmin: 0.9738929528109388
xmax: 0.9816750539782539
ymin: -0.9200504723277418
ymax: -0.9156730404211271

contrast: 0.96
brightness: -0.08
saturation: 1.71
gamma: 1.1
gamma_r: 1.03
gamma_g: 0.9
gamma_b: 1.02
vignette: -12
temp: 7404