tweet_id: 1698699217143820331
masto_id: 111007264368920850

n_iter: 150
ct: 157
hue_offset: 102
saturation: -0.8

num_attempts: 73
dur: 24
std: 25.31
size: 2308132 (2.2 MiB)

xmin: -1.2476606769692025
xmax: -1.1773481769692025
ymin: -0.4014098274118676
ymax: -0.3618590461618676

contrast: 1.7
brightness: 0.15
saturation: 0.57
gamma: 0.9
gamma_r: 0.97
gamma_g: 0.93
gamma_b: 1.0
vignette: -42
temp: 7223