tweet_id: 1693479189289259477
masto_id: 110925701495590036

n_iter: 570
ct: 91
hue_offset: 140
saturation: 0.95

num_attempts: 47
dur: 52
std: 24.71
size: 1357578 (1.29 MiB)

xmin: -0.23341508763350838
xmax: -0.23235772575140423
ymin: 0.7118281391416159
ymax: 0.7124229052002995

contrast: 0.86
brightness: -0.07
saturation: 0.25
gamma: 1.1
gamma_r: 0.91
gamma_g: 0.95
gamma_b: 1.02
vignette: 27
temp: 5949