tweet_id: 1693030500376392089
masto_id: 110918690732180145

n_iter: 455
ct: 255
hue_offset: 298
saturation: -0.17

num_attempts: 297
dur: 600
std: 80.14
size: 1384534 (1.32 MiB)

xmin: -0.5238015708959394
xmax: -0.5193422620888045
ymin: -0.4157215724149592
ymax: -0.41321321121094584

contrast: 0.73
brightness: 0.21
saturation: 0.37
gamma: 0.95
gamma_r: 1.09
gamma_g: 1.06
gamma_b: 0.92
vignette: -41
temp: 6847