tweet_id: 1692788900551336206
masto_id: 110914915713541154

n_iter: 287
ct: 255
hue_offset: 265
saturation: 0.72

num_attempts: 521
dur: 605
std: 54.51
size: 1081842 (1.03 MiB)

xmin: -0.05934600147596014
xmax: -0.05378271913938156
ymin: -0.7774816993930831
ymax: -0.7743523530787576

contrast: 1.15
brightness: -0.01
saturation: 1.12
gamma: 1.09
gamma_r: 1.08
gamma_g: 1.03
gamma_b: 1.07
vignette: 14
temp: 4333