tweet_id: 1692124636262404146
masto_id: 110904536628905308

n_iter: 454
ct: 255
hue_offset: 160
saturation: 0.91

num_attempts: 339
dur: 603
std: 65.99
size: 1132248 (1.08 MiB)

xmin: 0.10826163830995261
xmax: 0.1177403112957346
ymin: 1.1176045345939243
ymax: 1.1229362881484266

contrast: 0.74
brightness: 0.13
saturation: 1.57
gamma: 0.96
gamma_r: 1.0
gamma_g: 0.95
gamma_b: 0.95
vignette: 17
temp: 7514