tweet_id: 1695421828460589366
masto_id: 110956055297417540

newton_power: 5
newton_const: -6

n_iter: 69
ct: 36
hue_offset: 105
saturation: -0.87

num_attempts: 106
dur: 604
std: 9.0
size: 952271 (929.95 KiB)

xmin: 1.4158593778139714
xmax: 1.4409639803244316
ymin: -1.1057401425510478
ymax: -1.0916188036389138

contrast: 1.35
brightness: -0.0
saturation: 1.54
gamma: 1.01
gamma_r: 1.05
gamma_g: 1.1
gamma_b: 1.1
vignette: 6
temp: 6990