tweet_id: 1691988664186781799
masto_id: 110902412074300152

newton_power: 7
newton_const: 5

n_iter: 159
ct: 209
hue_offset: 326
saturation: -0.42

num_attempts: 72
dur: 603
std: 22.63
size: 1120176 (1.07 MiB)

xmin: -0.8204377616294711
xmax: -0.7944637356554451
ymin: -0.6246982118639481
ymax: -0.6100878222535585

contrast: 1.76
brightness: 0.09
saturation: 1.65
gamma: 1.04
gamma_r: 1.02
gamma_g: 1.0
gamma_b: 0.93
vignette: -29
temp: 5461