tweet_id: 1694842508193264105
masto_id: 110947003262111427

n_iter: 298
ct: 255
hue_offset: 208
saturation: -0.41

num_attempts: 482
dur: 602
std: 56.51
size: 597427 (583.42 KiB)

xmin: -0.4127312432085368
xmax: -0.40525460769451815
ymin: 0.6016061731344249
ymax: 0.6058117806110604

contrast: 1.51
brightness: 0.0
saturation: 1.03
gamma: 0.99
gamma_r: 1.1
gamma_g: 0.96
gamma_b: 0.96
vignette: -3
temp: 4835