tweet_id: 1694846788711125436
masto_id: 110947070309246017

newton_power: 5
newton_const: 10

n_iter: 72
ct: 171
hue_offset: 11
saturation: -0.08

num_attempts: 97
dur: 603
std: 10.58
size: 789001 (770.51 KiB)

xmin: 1.0285088997771403
xmax: 1.0521309470212348
ymin: 0.3519637471678285
ymax: 0.36525114874263165

contrast: 0.76
brightness: 0.23
saturation: 1.03
gamma: 0.99
gamma_r: 0.96
gamma_g: 1.0
gamma_b: 1.07
vignette: -12
temp: 5988