tweet_id: 1695502135989805333
masto_id: 110957310260173133

n_iter: 579
ct: 62
hue_offset: 238
saturation: -0.6

num_attempts: 15
dur: 9
std: 25.24
size: 1220668 (1.16 MiB)

xmin: -0.0871222758283352
xmax: -0.0867054354781893
ymin: 0.8672047193710144
ymax: 0.8674391920679715

contrast: 1.29
brightness: 0.0
saturation: 1.5
gamma: 1.02
gamma_r: 1.01
gamma_g: 0.96
gamma_b: 0.92
vignette: -22
temp: 7902