tweet_id: 1697198211465920655
masto_id: 110983811283571295

n_iter: 518
ct: 255
hue_offset: 7
saturation: 0.38

num_attempts: 274
dur: 601
std: 60.06
size: 1104713 (1.05 MiB)

xmin: 0.15135974969782318
xmax: 0.1585669569050304
ymin: -0.8327428206456378
ymax: -0.8286887665915837

contrast: 0.77
brightness: 0.0
saturation: 0.28
gamma: 0.92
gamma_r: 1.05
gamma_g: 1.09
gamma_b: 0.94
vignette: -27
temp: 6932