tweet_id: 1693872464315711839
masto_id: 110931846386973161

n_iter: 652
ct: 86
hue_offset: 295
saturation: 0.28

num_attempts: 72
dur: 130
std: 106.96
size: 1651146 (1.57 MiB)

xmin: -1.2338345460362472
xmax: -1.2328385300999922
ymin: -0.11663733264370335
ymax: -0.11607707367955993

contrast: 1.52
brightness: 0.03
saturation: 1.61
gamma: 1.03
gamma_r: 1.06
gamma_g: 1.07
gamma_b: 0.96
vignette: 27
temp: 2332