tweet_id: 1695209155265482882
masto_id: 110952732193783781

newton_power: 6
newton_const: 1

n_iter: 94
ct: 196
hue_offset: 311
saturation: -0.45

num_attempts: 95
dur: 610
std: 14.09
size: 1156217 (1.1 MiB)

xmin: -1.8294608496244598
xmax: -1.8201585240430644
ymin: -0.0036940111157621747
ymax: 0.001538547023772709

contrast: 1.46
brightness: -0.06
saturation: 1.24
gamma: 0.98
gamma_r: 0.98
gamma_g: 1.1
gamma_b: 0.99
vignette: -28
temp: 6197