tweet_id: 1697081605905580490
masto_id: 110981989332916121

newton_power: 5
newton_const: 9

n_iter: 115
ct: 144
hue_offset: 44
saturation: 0.23

num_attempts: 82
dur: 614
std: 13.23
size: 691735 (675.52 KiB)

xmin: -0.7168644519484961
xmax: -0.7104746755906687
ymin: -0.3917214439358727
ymax: -0.3881271947345948

contrast: 1.66
brightness: 0.15
saturation: 1.35
gamma: 0.97
gamma_r: 0.93
gamma_g: 0.91
gamma_b: 0.99
vignette: 29
temp: 3826