tweet_id: 1695713702001926445
masto_id: 110960615782989949

n_iter: 606
ct: 174
hue_offset: 67
saturation: -0.73

num_attempts: 72
dur: 90
std: 44.11
size: 1483676 (1.41 MiB)

xmin: -0.7053666308281805
xmax: -0.704950873630384
ymin: -0.3380466392670851
ymax: -0.3378127758433246

contrast: 0.93
brightness: -0.05
saturation: 1.39
gamma: 1.05
gamma_r: 1.1
gamma_g: 1.05
gamma_b: 0.98
vignette: -48
temp: 4924