tweet_id: 1693686367052759420
masto_id: 110928938662239446

n_iter: 405
ct: 194
hue_offset: 358
saturation: 0.75

num_attempts: 3
dur: 2
std: 37.49
size: 637277 (622.34 KiB)

xmin: -1.438470619773459
xmax: -0.3134706197734589
ymin: -0.7559028656537732
ymax: -0.12309036565377318

contrast: 1.21
brightness: 0.22
saturation: 1.2
gamma: 0.93
gamma_r: 1.08
gamma_g: 1.08
gamma_b: 1.04
vignette: -7
temp: 7046