tweet_id: 1698676934572437690
masto_id: 111006916273032687

n_iter: 309
ct: 54
hue_offset: 301
saturation: 0.04

num_attempts: 20
dur: 15
std: 54.98
size: 1051676 (1.0 MiB)

xmin: -0.22604537155339655
xmax: -0.22542434997289662
ymin: 0.8129800380771128
ymax: 0.8133293627161441

contrast: 0.82
brightness: -0.06
saturation: 1.1
gamma: 0.96
gamma_r: 0.95
gamma_g: 0.93
gamma_b: 0.97
vignette: 2
temp: 7662