tweet_id: 1693445844459032638
masto_id: 110925180407992277

n_iter: 432
ct: 140
hue_offset: 94
saturation: -0.13

num_attempts: 13
dur: 7
std: 47.34
size: 1991093 (1.9 MiB)

xmin: -1.1314443557115696
xmax: -1.0243014985687124
ymin: -0.579737626455286
ymax: -0.5194697693124289

contrast: 1.13
brightness: 0.07
saturation: 1.74
gamma: 0.99
gamma_r: 1.07
gamma_g: 1.04
gamma_b: 1.08
vignette: -17
temp: 5463