tweet_id: 1695860748902072656
masto_id: 110962913327813776

n_iter: 355
ct: 3
hue_offset: 214
saturation: 0.48

num_attempts: 26
dur: 22
std: 25.95
size: 495698 (484.08 KiB)

xmin: -2.4297036317798963
xmax: -0.17970363177989634
ymin: -1.0472520841225808
ymax: 0.21837291587741925

contrast: 1.7
brightness: 0.22
saturation: 0.9
gamma: 1.07
gamma_r: 1.03
gamma_g: 0.91
gamma_b: 0.96
vignette: 33
temp: 2632