tweet_id: 1696435031479406705
masto_id: 110971886404679352

n_iter: 358
ct: 84
hue_offset: 353
saturation: 0.45

num_attempts: 10
dur: 5
std: 42.49
size: 356640 (348.28 KiB)

xmin: -0.792029818550926
xmax: -0.292029818550926
ymin: -0.7934942683104025
ymax: -0.5122442683104025

contrast: 1.67
brightness: -0.05
saturation: 0.34
gamma: 1.09
gamma_r: 0.96
gamma_g: 1.05
gamma_b: 1.07
vignette: 6
temp: 2123