tweet_id: 1692280043400249673
masto_id: 110906964954715759

newton_power: 7
newton_const: -8

n_iter: 227
ct: 218
hue_offset: 32
saturation: -0.89

num_attempts: 67
dur: 636
std: 18.73
size: 1264340 (1.21 MiB)

xmin: 2.3434966724673103
xmax: 2.351593838459213
ymin: -1.3515066428077565
ymax: -1.3469519869373112

contrast: 0.92
brightness: 0.06
saturation: 0.57
gamma: 0.99
gamma_r: 1.04
gamma_g: 1.07
gamma_b: 0.97
vignette: -37
temp: 5179