tweet_id: 1692732884979720407
masto_id: 110914040496722850

newton_power: 4
newton_const: 9

n_iter: 204
ct: 155
hue_offset: 59
saturation: -0.22

num_attempts: 103
dur: 602
std: 7.94
size: 531766 (519.3 KiB)

xmin: 1.8924092988191852
xmax: 1.9713566672402378
ymin: 0.2786600521366598
ymax: 0.3230679468735019

contrast: 1.02
brightness: 0.19
saturation: 0.54
gamma: 0.99
gamma_r: 1.02
gamma_g: 1.05
gamma_b: 0.93
vignette: -11
temp: 7355