tweet_id: 1697254326551617768
masto_id: 110984687963314353

n_iter: 270
ct: 40
hue_offset: 75
saturation: 0.04

num_attempts: 125
dur: 92
std: 55.57
size: 223577 (218.34 KiB)

xmin: -1.185834519526725
xmax: -1.1853953933877417
ymin: -0.16813661401794167
ymax: -0.16788960556476348

contrast: 1.34
brightness: 0.18
saturation: 0.68
gamma: 0.91
gamma_r: 1.05
gamma_g: 1.0
gamma_b: 0.95
vignette: -5
temp: 6097