tweet_id: 1694163474350317698
masto_id: 110936393478366512

newton_power: 6
newton_const: 6

n_iter: 182
ct: 12
hue_offset: 1
saturation: 0.74

num_attempts: 84
dur: 605
std: 15.68
size: 1264633 (1.21 MiB)

xmin: -0.6691261299911115
xmax: -0.6625036134348201
ymin: -1.3592876969262222
ymax: -1.3555625313633084

contrast: 1.46
brightness: 0.03
saturation: 1.57
gamma: 1.08
gamma_r: 1.09
gamma_g: 0.92
gamma_b: 0.99
vignette: -30
temp: 6133