tweet_id: 1696107360018710855
masto_id: 110966766696344785

n_iter: 504
ct: 187
hue_offset: 359
saturation: -0.11

num_attempts: 76
dur: 74
std: 82.64
size: 831623 (812.13 KiB)

xmin: -0.714921760268115
xmax: -0.71389978786137
ymin: 0.2289414714649871
ymax: 0.22951633094378118

contrast: 1.66
brightness: 0.14
saturation: 0.46
gamma: 1.0
gamma_r: 0.95
gamma_g: 0.92
gamma_b: 1.05
vignette: -6
temp: 7488