tweet_id: 1693815722403570175
masto_id: 110930959834587807

n_iter: 451
ct: 255
hue_offset: 281
saturation: -0.54

num_attempts: 273
dur: 604
std: 78.76
size: 1667979 (1.59 MiB)

xmin: 0.27261597786891034
xmax: 0.279282644535577
ymin: 0.7047659447469141
ymax: 0.7085159447469142

contrast: 1.23
brightness: -0.0
saturation: 0.91
gamma: 1.09
gamma_r: 1.02
gamma_g: 0.92
gamma_b: 1.01
vignette: -46
temp: 6963