tweet_id: 1697620829440544915
masto_id: 110990414685477988

n_iter: 343
ct: 1
hue_offset: 157
saturation: -0.67

num_attempts: 385
dur: 604
std: 47.38
size: 762610 (744.74 KiB)

xmin: -0.031130206633331436
xmax: -0.024529546567324836
ymin: -0.7743129629720699
ymax: -0.7706000916849411

contrast: 0.9
brightness: 0.12
saturation: 1.13
gamma: 0.97
gamma_r: 1.0
gamma_g: 0.92
gamma_b: 1.01
vignette: 30
temp: 7116