tweet_id: 1692491296437367222
masto_id: 110910265694711380

newton_power: 6
newton_const: -8

n_iter: 123
ct: 64
hue_offset: 215
saturation: 0.04

num_attempts: 91
dur: 600
std: 16.17
size: 1250461 (1.19 MiB)

xmin: 1.9241433968270032
xmax: 1.9308398253984318
ymin: 0.8986503804962411
ymax: 0.9024171215676697

contrast: 0.92
brightness: 0.16
saturation: 1.23
gamma: 0.91
gamma_r: 1.06
gamma_g: 1.07
gamma_b: 0.96
vignette: -22
temp: 5564