tweet_id: 1695899476240580662
masto_id: 110963518374080565

n_iter: 449
ct: 255
hue_offset: 232
saturation: 0.84

num_attempts: 394
dur: 609
std: 63.44
size: 457939 (447.21 KiB)

xmin: 0.1463652571933638
xmax: 0.15212065287681703
ymin: 0.8316645325421348
ymax: 0.8349019426140772

contrast: 1.67
brightness: 0.01
saturation: 0.84
gamma: 0.96
gamma_r: 0.96
gamma_g: 1.02
gamma_b: 0.98
vignette: -14
temp: 3398