tweet_id: 1696978195155697851
masto_id: 110980373384467771

n_iter: 316
ct: 55
hue_offset: 313
saturation: -0.02

num_attempts: 35
dur: 26
std: 35.2
size: 386202 (377.15 KiB)

xmin: 0.26435334016797807
xmax: 0.36662606744070536
ymin: -1.1930578630654207
ymax: -1.1355294539745115

contrast: 0.76
brightness: 0.21
saturation: 0.53
gamma: 1.01
gamma_r: 0.91
gamma_g: 0.93
gamma_b: 0.92
vignette: 26
temp: 6122