tweet_id: 1694199933006750198
masto_id: 110936963057990997

n_iter: 275
ct: 130
hue_offset: 117
saturation: -0.83

num_attempts: 2
dur: 2
std: 24.01
size: 502523 (490.75 KiB)

xmin: -0.04883292492701852
xmax: 0.06092317263395709
ymin: 0.26394957304954714
ymax: 0.32568737792759594

contrast: 1.68
brightness: -0.01
saturation: 0.35
gamma: 0.96
gamma_r: 1.09
gamma_g: 0.91
gamma_b: 1.04
vignette: -44
temp: 3265