tweet_id: 1696355648475132377
masto_id: 110970646110555020

n_iter: 177
ct: 212
hue_offset: 69
saturation: -0.33

num_attempts: 112
dur: 43
std: 20.13
size: 145807 (142.39 KiB)

xmin: 0.3554793195485093
xmax: 0.3564342013818824
ymin: -0.3394047393970513
ymax: -0.3388676183657789

contrast: 1.07
brightness: 0.2
saturation: 0.71
gamma: 0.97
gamma_r: 1.04
gamma_g: 1.03
gamma_b: 0.96
vignette: 3
temp: 5915