tweet_id: 1692064150774501653
masto_id: 110903591487360915

n_iter: 493
ct: 255
hue_offset: 100
saturation: 0.37

num_attempts: 322
dur: 602
std: 72.89
size: 955404 (933.01 KiB)

xmin: -0.15059413724361392
xmax: -0.14276634859390747
ymin: -1.1030432482026244
ymax: -1.0986401170871645

contrast: 0.8
brightness: 0.01
saturation: 1.11
gamma: 1.1
gamma_r: 1.05
gamma_g: 0.96
gamma_b: 0.9
vignette: -3
temp: 2549