tweet_id: 1692211462314373215
masto_id: 110905893285245884

n_iter: 311
ct: 1
hue_offset: 194
saturation: -0.71

num_attempts: 55
dur: 23
std: 28.14
size: 1313474 (1.25 MiB)

xmin: -0.3472839395036873
xmax: -0.34650603207467134
ymin: -0.6461760164133308
ymax: -0.6457384434845093

contrast: 1.32
brightness: 0.14
saturation: 0.53
gamma: 0.95
gamma_r: 0.94
gamma_g: 0.97
gamma_b: 1.01
vignette: -34
temp: 4722