tweet_id: 1694887072643924362
masto_id: 110947699587885653

n_iter: 555
ct: 1
hue_offset: 306
saturation: -0.65

num_attempts: 276
dur: 601
std: 104.46
size: 1102040 (1.05 MiB)

xmin: 0.5379343924127102
xmax: 0.5427711517839315
ymin: 0.3469885291638235
ymax: 0.34970920631013547

contrast: 0.92
brightness: -0.07
saturation: 0.52
gamma: 1.1
gamma_r: 0.99
gamma_g: 0.98
gamma_b: 1.04
vignette: 4
temp: 4655