tweet_id: 1691813713978835386
masto_id: 110899678503602381

n_iter: 310
ct: 195
hue_offset: 82
saturation: 0.3

num_attempts: 5
dur: 4
std: 34.46
size: 762822 (744.94 KiB)

xmin: -1.499441437447829
xmax: -0.9369414374478291
ymin: -0.38157897342407976
ymax: -0.06517272342407976

contrast: 0.94
brightness: -0.03
saturation: 0.36
gamma: 1.09
gamma_r: 1.05
gamma_g: 0.99
gamma_b: 1.02
vignette: -25
temp: 4157