tweet_id: 1692153516964659588
masto_id: 110904987945724399

n_iter: 280
ct: 201
hue_offset: 270
saturation: -0.95

num_attempts: 44
dur: 22
std: 16.38
size: 625613 (610.95 KiB)

xmin: 0.3487944248814303
xmax: 0.34972530689213543
ymin: 0.0627872513269172
ymax: 0.06331087245793884

contrast: 1.23
brightness: 0.14
saturation: 0.57
gamma: 0.94
gamma_r: 0.95
gamma_g: 0.99
gamma_b: 1.02
vignette: -7
temp: 7351