tweet_id: 1697407985293607330
masto_id: 110987088861848311

n_iter: 316
ct: 26
hue_offset: 106
saturation: -0.18

num_attempts: 6
dur: 4
std: 21.23
size: 400881 (391.49 KiB)

xmin: -0.5665178357730505
xmax: -0.4993536566685729
ymin: 0.042576776570088626
ymax: 0.08035662731635729

contrast: 0.78
brightness: 0.09
saturation: 1.44
gamma: 1.04
gamma_r: 0.93
gamma_g: 0.94
gamma_b: 1.02
vignette: 1
temp: 7295