tweet_id: 1698440452888744347
masto_id: 111003221345160978

newton_power: 4
newton_const: 10

n_iter: 201
ct: 179
hue_offset: 258
saturation: -0.49

num_attempts: 131
dur: 604
std: 6.54
size: 872610 (852.16 KiB)

xmin: 0.7077044749448866
xmax: 0.7189826704336084
ymin: -0.029837708233349414
ymax: -0.0234937232709434

contrast: 1.14
brightness: 0.2
saturation: 1.12
gamma: 0.93
gamma_r: 1.09
gamma_g: 1.01
gamma_b: 1.02
vignette: -12
temp: 2864