tweet_id: 1692909786998649316
masto_id: 110916804561164208

n_iter: 434
ct: 255
hue_offset: 53
saturation: 0.56

num_attempts: 382
dur: 600
std: 69.53
size: 1237474 (1.18 MiB)

xmin: -0.2717591504359955
xmax: -0.2666375115115397
ymin: -0.7363881347224801
ymax: -0.7335072128274737

contrast: 1.53
brightness: 0.06
saturation: 0.31
gamma: 0.92
gamma_r: 1.05
gamma_g: 0.93
gamma_b: 0.91
vignette: -42
temp: 3244