tweet_id: 1695144476035957182
masto_id: 110951721494590774

n_iter: 565
ct: 1
hue_offset: 37
saturation: -0.09

num_attempts: 352
dur: 610
std: 38.87
size: 130419 (127.36 KiB)

xmin: -0.4944910247508567
xmax: -0.48721829747812945
ymin: -0.08791138165471524
ymax: -0.08382047256380615

contrast: 1.76
brightness: 0.01
saturation: 1.59
gamma: 0.93
gamma_r: 1.03
gamma_g: 1.03
gamma_b: 1.06
vignette: -13
temp: 6299