tweet_id: 1692629242914177382
masto_id: 110912421015621501

n_iter: 428
ct: 216
hue_offset: 47
saturation: -0.52

num_attempts: 12
dur: 2
std: 21.3
size: 483559 (472.23 KiB)

xmin: 0.43256021855152227
xmax: 0.5207955126691693
ymin: -1.2665711147723697
ymax: -1.2169387618311933

contrast: 0.75
brightness: 0.17
saturation: 0.4
gamma: 0.97
gamma_r: 0.97
gamma_g: 1.04
gamma_b: 1.02
vignette: -2
temp: 5089