tweet_id: 1697063115769393195
masto_id: 110981700449572093

newton_power: 6
newton_const: -8

n_iter: 181
ct: 186
hue_offset: 212
saturation: -0.72

num_attempts: 77
dur: 601
std: 15.3
size: 1215376 (1.16 MiB)

xmin: 0.2971702290923437
xmax: 0.3046515258504484
ymin: 0.9452192733297338
ymax: 0.9494275027561677

contrast: 1.61
brightness: 0.05
saturation: 0.33
gamma: 0.92
gamma_r: 0.93
gamma_g: 0.95
gamma_b: 0.93
vignette: -45
temp: 6246