tweet_id: 1695386037584003496
masto_id: 110955496175625876

n_iter: 621
ct: 255
hue_offset: 160
saturation: 0.85

num_attempts: 238
dur: 602
std: 49.51
size: 832612 (813.1 KiB)

xmin: 0.6107811718326199
xmax: 0.6210904501831354
ymin: 0.5335897832929293
ymax: 0.5393887523650942

contrast: 0.73
brightness: -0.02
saturation: 1.12
gamma: 1.06
gamma_r: 0.92
gamma_g: 1.02
gamma_b: 1.01
vignette: 30
temp: 2032