tweet_id: 1692520434481201301
masto_id: 110910721025847048

n_iter: 603
ct: 1
hue_offset: 90
saturation: 0.33

num_attempts: 243
dur: 605
std: 37.19
size: 1229068 (1.17 MiB)

xmin: -0.5421410499533876
xmax: -0.537350630791711
ymin: -0.6167721316928002
ymax: -0.6140775209143571

contrast: 1.02
brightness: 0.07
saturation: 1.54
gamma: 1.08
gamma_r: 0.94
gamma_g: 0.91
gamma_b: 1.09
vignette: -38
temp: 4708