tweet_id: 1696537951604449626
masto_id: 110973494678019639

newton_power: 3
newton_const: 3

n_iter: 246
ct: 201
hue_offset: 115
saturation: -0.28

num_attempts: 298
dur: 600
std: 3.73
size: 510778 (498.81 KiB)

xmin: -0.2767613383094547
xmax: -0.01589177309206341
ymin: -0.7643489295496799
ymax: -0.6176097991148973

contrast: 1.25
brightness: 0.09
saturation: 1.0
gamma: 1.1
gamma_r: 1.1
gamma_g: 1.05
gamma_b: 1.09
vignette: 6
temp: 6426