tweet_id: 1692538476359524804
masto_id: 110911002811746261

n_iter: 286
ct: 13
hue_offset: 207
saturation: -0.17

num_attempts: 12
dur: 7
std: 20.63
size: 471916 (460.86 KiB)

xmin: 0.44998733385931855
xmax: 0.5275735407558703
ymin: -0.7892322955491766
ymax: -0.7455900541698662

contrast: 1.13
brightness: -0.07
saturation: 0.52
gamma: 1.06
gamma_r: 1.1
gamma_g: 1.1
gamma_b: 0.9
vignette: -40
temp: 7154