tweet_id: 1698004925890888045
masto_id: 110996416112034175

n_iter: 254
ct: 164
hue_offset: 21
saturation: -0.78

num_attempts: 41
dur: 27
std: 20.46
size: 665475 (649.88 KiB)

xmin: -1.3168621833837502
xmax: -1.1123167288382956
ymin: -0.3343185004072251
ymax: -0.21926168222540693

contrast: 0.91
brightness: -0.02
saturation: 1.13
gamma: 1.09
gamma_r: 1.01
gamma_g: 0.96
gamma_b: 1.05
vignette: -46
temp: 7226