tweet_id: 1699156055505469822
masto_id: 111014402652078359

n_iter: 147
ct: 247
hue_offset: 249
saturation: 0.85

num_attempts: 284
dur: 130
std: 19.48
size: 918365 (896.84 KiB)

xmin: -0.4210971161250261
xmax: -0.4201552748252851
ymin: -0.5971839969129068
ymax: -0.5966542111818025

contrast: 1.58
brightness: 0.05
saturation: 0.53
gamma: 1.05
gamma_r: 0.99
gamma_g: 1.05
gamma_b: 0.98
vignette: 18
temp: 4088