tweet_id: 1697977897074758082
masto_id: FAIL

n_iter: 264
ct: 68
hue_offset: 22
saturation: -0.73

num_attempts: 12
dur: 3
std: 30.42
size: 842824 (823.07 KiB)

xmin: -0.7419371617556214
xmax: -0.7383973387467718
ymin: -0.15623365218185659
ymax: -0.1542425017393787

contrast: 1.4
brightness: -0.09
saturation: 1.27
gamma: 1.07
gamma_r: 0.93
gamma_g: 1.02
gamma_b: 1.07
vignette: -15
temp: 6023