tweet_id: 1692814125775126745
masto_id: 110915309915945277

n_iter: 635
ct: 254
hue_offset: 25
saturation: -0.59

num_attempts: 5
dur: 1
std: 19.51
size: 1012694 (988.96 KiB)

xmin: -1.0296358763142504
xmax: -1.0288173782581833
ymin: 0.26823600124021474
ymax: 0.2686964063967525

contrast: 1.38
brightness: -0.07
saturation: 1.72
gamma: 0.93
gamma_r: 1.02
gamma_g: 1.03
gamma_b: 1.0
vignette: -25
temp: 3627