tweet_id: 1693095223008923938
masto_id: 110919702204629864

newton_power: 6
newton_const: -9

n_iter: 241
ct: 244
hue_offset: 244
saturation: -0.86

num_attempts: 77
dur: 600
std: 17.7
size: 1100230 (1.05 MiB)

xmin: 1.5630785002150498
xmax: 1.579121280963713
ymin: 0.7168698930584076
ymax: 0.7258939572295307

contrast: 0.8
brightness: -0.08
saturation: 1.37
gamma: 1.02
gamma_r: 0.99
gamma_g: 0.97
gamma_b: 1.09
vignette: -16
temp: 6829