tweet_id: 1697021115686899812
masto_id: 110981044248996422

newton_power: 4
newton_const: -2

n_iter: 158
ct: 184
hue_offset: 244
saturation: -0.32

num_attempts: 111
dur: 600
std: 7.57
size: 981620 (958.61 KiB)

xmin: -1.4673354753596064
xmax: -1.3396759008915213
ymin: 1.0916703085313397
ymax: 1.1634788191696377

contrast: 0.83
brightness: 0.13
saturation: 1.48
gamma: 0.98
gamma_r: 1.02
gamma_g: 1.03
gamma_b: 1.0
vignette: -45
temp: 3557