tweet_id: 1693970368279760953
masto_id: 110933376230666267

n_iter: 554
ct: 255
hue_offset: 303
saturation: 0.27

num_attempts: 339
dur: 604
std: 87.94
size: 1399035 (1.33 MiB)

xmin: -0.207900599068906
xmax: -0.20075774192604887
ymin: -1.0091068980809603
ymax: -1.0050890409381033

contrast: 1.07
brightness: 0.05
saturation: 1.36
gamma: 1.06
gamma_r: 1.09
gamma_g: 0.92
gamma_b: 0.98
vignette: -29
temp: 5685