tweet_id: 1695441348172656826
masto_id: 110956360264542020

n_iter: 934
ct: 41
hue_offset: 198
saturation: -0.2

num_attempts: 33
dur: 46
std: 26.08
size: 1562806 (1.49 MiB)

xmin: 0.3787216380560521
xmax: 0.3791327800028092
ymin: -0.370441310554828
ymax: -0.37021004320977713

contrast: 1.07
brightness: 0.05
saturation: 0.37
gamma: 1.09
gamma_r: 1.08
gamma_g: 1.05
gamma_b: 0.94
vignette: -46
temp: 7726