tweet_id: 1694870533501059572
masto_id: 110947441324615217

n_iter: 398
ct: 108
hue_offset: 90
saturation: 0.98

num_attempts: 18
dur: 16
std: 27.07
size: 867772 (847.43 KiB)

xmin: -0.6951924121937239
xmax: -0.6290159416054886
ymin: -0.6964153682662881
ymax: -0.6591911035604058

contrast: 1.13
brightness: 0.02
saturation: 0.41
gamma: 1.09
gamma_r: 1.06
gamma_g: 0.91
gamma_b: 1.07
vignette: 23
temp: 6298