tweet_id: 1698401401926234530
masto_id: 111002611055909589

n_iter: 587
ct: 68
hue_offset: 191
saturation: -0.2

num_attempts: 35
dur: 44
std: 41.77
size: 1553109 (1.48 MiB)

xmin: -1.1865567027253456
xmax: -1.1851047970992112
ymin: 0.1913620686389521
ymax: 0.19217876555365265

contrast: 0.88
brightness: 0.06
saturation: 0.61
gamma: 1.05
gamma_r: 1.07
gamma_g: 0.96
gamma_b: 0.98
vignette: -12
temp: 6426