tweet_id: 1693387856507490655
masto_id: 110924274431553264

n_iter: 967
ct: 95
hue_offset: 151
saturation: -0.22

num_attempts: 5
dur: 1
std: 15.27
size: 1158510 (1.1 MiB)

xmin: -0.5721684192522867
xmax: -0.5716364336158989
ymin: -0.5802817354464112
ymax: -0.579982493525943

contrast: 1.21
brightness: 0.09
saturation: 1.26
gamma: 1.05
gamma_r: 1.1
gamma_g: 1.02
gamma_b: 1.06
vignette: 20
temp: 3774