tweet_id: 1692991466639909324
masto_id: 110918080892743530

n_iter: 300
ct: 87
hue_offset: 191
saturation: 0.94

num_attempts: 13
dur: 7
std: 22.75
size: 1282789 (1.22 MiB)

xmin: 0.6295505519297482
xmax: 0.7128838852630816
ymin: -1.3004845889638754
ymax: -1.2536095889638754

contrast: 1.44
brightness: -0.06
saturation: 0.51
gamma: 0.98
gamma_r: 1.06
gamma_g: 1.06
gamma_b: 1.09
vignette: -31
temp: 7033