tweet_id: 1698340668761141540
masto_id: 111001662095379701

n_iter: 675
ct: 229
hue_offset: 243
saturation: -0.24

num_attempts: 46
dur: 79
std: 131.14
size: 1310830 (1.25 MiB)

xmin: -0.7663782926500806
xmax: -0.765228536973162
ymin: -0.09227855773366622
ymax: -0.09163182016539947

contrast: 1.5
brightness: 0.08
saturation: 0.49
gamma: 1.03
gamma_r: 1.08
gamma_g: 0.91
gamma_b: 1.0
vignette: -8
temp: 3964