tweet_id: 1693973075727909227
masto_id: 110933418655430556

newton_power: 4
newton_const: 8

n_iter: 79
ct: 204
hue_offset: 302
saturation: -0.24

num_attempts: 131
dur: 603
std: 6.83
size: 663843 (648.28 KiB)

xmin: 2.0357241599977893
xmax: 2.0679822245139183
ymin: 0.2206695234251046
ymax: 0.23881468471542716

contrast: 0.92
brightness: 0.12
saturation: 0.37
gamma: 0.92
gamma_r: 1.05
gamma_g: 1.0
gamma_b: 0.95
vignette: 33
temp: 2566