tweet_id: 1698149336650022954
masto_id: 110998672592052693

n_iter: 278
ct: 255
hue_offset: 289
saturation: 0.09

num_attempts: 537
dur: 603
std: 57.48
size: 1122813 (1.07 MiB)

xmin: -0.5084915767322482
xmax: -0.5034025182080751
ymin: 0.47094245716169536
ymax: 0.4738050525815427

contrast: 0.86
brightness: -0.0
saturation: 0.34
gamma: 1.1
gamma_r: 0.94
gamma_g: 0.93
gamma_b: 1.09
vignette: 32
temp: 6664