tweet_id: 1696012027511083402
masto_id: 110965277103449272

n_iter: 294
ct: 15
hue_offset: 292
saturation: 0.66

num_attempts: 36
dur: 17
std: 36.84
size: 1578424 (1.51 MiB)

xmin: -1.4566434214496295
xmax: -1.4037022449790413
ymin: -0.3041352715702277
ymax: -0.2743558598055218

contrast: 1.55
brightness: 0.11
saturation: 1.15
gamma: 0.97
gamma_r: 1.07
gamma_g: 0.97
gamma_b: 1.02
vignette: -20
temp: 5463