tweet_id: 1695771074120847697
masto_id: 110961512170370562

n_iter: 477
ct: 245
hue_offset: 328
saturation: -0.09

num_attempts: 14
dur: 9
std: 75.33
size: 1814919 (1.73 MiB)

xmin: -0.2824865713059972
xmax: -0.11581990463933053
ymin: -1.0276045864304661
ymax: -0.9338545864304661

contrast: 0.86
brightness: 0.03
saturation: 1.46
gamma: 1.0
gamma_r: 0.93
gamma_g: 0.98
gamma_b: 1.09
vignette: -15
temp: 6496