tweet_id: 1695864645310197964
masto_id: 110962974312476871

n_iter: 470
ct: 137
hue_offset: 229
saturation: 0.83

num_attempts: 40
dur: 41
std: 28.0
size: 1212480 (1.16 MiB)

xmin: -0.3745887098074969
xmax: -0.3741790835914191
ymin: -0.661695096083416
ymax: -0.6614646813368723

contrast: 0.85
brightness: 0.12
saturation: 0.58
gamma: 0.96
gamma_r: 0.98
gamma_g: 0.95
gamma_b: 0.93
vignette: 10
temp: 7798