tweet_id: 1692448546090566109
masto_id: 110909597655796961

n_iter: 219
ct: 234
hue_offset: 356
saturation: 0.37

num_attempts: 12
dur: 4
std: 29.4
size: 1131648 (1.08 MiB)

xmin: -0.5792774425786749
xmax: -0.4874407078847973
ymin: -0.9693005229706624
ymax: -0.9176423597053562

contrast: 1.79
brightness: -0.03
saturation: 0.29
gamma: 1.03
gamma_r: 1.02
gamma_g: 0.93
gamma_b: 1.1
vignette: -2
temp: 3005