tweet_id: 1698670687655797198
masto_id: 111006818708638119

n_iter: 408
ct: 166
hue_offset: 141
saturation: -0.21

num_attempts: 12
dur: 9
std: 65.08
size: 1114698 (1.06 MiB)

xmin: -1.4076791512375098
xmax: -1.3384483820067405
ymin: -0.22860951623400094
ymax: -0.18966720854169325

contrast: 1.29
brightness: 0.13
saturation: 1.56
gamma: 0.95
gamma_r: 1.03
gamma_g: 1.03
gamma_b: 1.07
vignette: -8
temp: 5590