tweet_id: 1695166015104241844
masto_id: 110952058463452505

n_iter: 467
ct: 102
hue_offset: 136
saturation: 0.68

num_attempts: 11
dur: 7
std: 62.69
size: 2035320 (1.94 MiB)

xmin: 0.49641000076020614
xmax: 0.5475463643965698
ymin: -1.1790335942922678
ymax: -1.1502693897468133

contrast: 0.93
brightness: 0.23
saturation: 0.54
gamma: 1.04
gamma_r: 1.07
gamma_g: 0.92
gamma_b: 1.07
vignette: 14
temp: 3855