tweet_id: 1693716527961248001
masto_id: 110929410070770219

n_iter: 143
ct: 72
hue_offset: 18
saturation: 0.37

num_attempts: 23
dur: 11
std: 20.69
size: 1639926 (1.56 MiB)

xmin: 0.35801335423903957
xmax: 0.41801335423903957
ymin: -1.1553825271829659
ymax: -1.121632527182966

contrast: 0.82
brightness: -0.09
saturation: 1.22
gamma: 0.96
gamma_r: 0.93
gamma_g: 0.97
gamma_b: 1.07
vignette: 14
temp: 6314