tweet_id: 1699152358071009464
masto_id: 111014344773080919

n_iter: 341
ct: 110
hue_offset: 143
saturation: -0.8

num_attempts: 4
dur: 6
std: 48.49
size: 852610 (832.63 KiB)

xmin: -1.1345493160495217
xmax: -1.0274064589066645
ymin: -0.4543570904715655
ymax: -0.3940892333287083

contrast: 1.5
brightness: 0.05
saturation: 0.68
gamma: 0.97
gamma_r: 1.09
gamma_g: 1.02
gamma_b: 1.06
vignette: 27
temp: 5518