tweet_id: 1696296346540511539
masto_id: 110969719647334372

newton_power: 6
newton_const: 3

n_iter: 135
ct: 208
hue_offset: 3
saturation: -0.48

num_attempts: 80
dur: 603
std: 13.95
size: 904588 (883.39 KiB)

xmin: 0.6138826540624467
xmax: 0.6198826540624467
ymin: 1.393074744998568
ymax: 1.396449744998568

contrast: 1.32
brightness: -0.02
saturation: 1.58
gamma: 1.09
gamma_r: 1.06
gamma_g: 0.93
gamma_b: 1.03
vignette: 13
temp: 2167