tweet_id: 1695595845465379044
masto_id: 110958774287865476

n_iter: 378
ct: 103
hue_offset: 35
saturation: 0.24

num_attempts: 1
dur: 0
std: 30.25
size: 1160809 (1.11 MiB)

xmin: 0.4855202610602425
xmax: 0.5537020792420606
ymin: -1.2565012184933009
ymax: -1.2181489457660282

contrast: 1.23
brightness: 0.02
saturation: 1.46
gamma: 0.99
gamma_r: 1.0
gamma_g: 0.91
gamma_b: 1.03
vignette: 26
temp: 7558