tweet_id: 1693597138880745484
masto_id: 110927544417240433

n_iter: 221
ct: 191
hue_offset: 123
saturation: 0.09

num_attempts: 39
dur: 20
std: 24.99
size: 478406 (467.19 KiB)

xmin: -1.467102552707145
xmax: -1.4176520032565956
ymin: -0.30315698976427496
ymax: -0.2753410556983409

contrast: 1.55
brightness: -0.05
saturation: 0.97
gamma: 0.94
gamma_r: 1.06
gamma_g: 1.08
gamma_b: 0.98
vignette: -3
temp: 4700