tweet_id: 1694652843616002089
masto_id: 110944039920791264

n_iter: 393
ct: 156
hue_offset: 160
saturation: -0.86

num_attempts: 58
dur: 53
std: 49.48
size: 840819 (821.11 KiB)

xmin: 0.1635178582983583
xmax: 0.6135178582983583
ymin: -1.22488450839126
ymax: -0.97175950839126

contrast: 1.71
brightness: 0.21
saturation: 0.92
gamma: 1.0
gamma_r: 1.05
gamma_g: 0.98
gamma_b: 0.96
vignette: 27
temp: 6163