tweet_id: 1696266159874515164
masto_id: 110969247873304760

newton_power: 4
newton_const: -4

n_iter: 240
ct: 40
hue_offset: 114
saturation: -0.64

num_attempts: 132
dur: 601
std: 7.46
size: 339674 (331.71 KiB)

xmin: -0.20134980312549366
xmax: 1.7986501968745063
ymin: -0.7525731204186012
ymax: 0.37242687958139875

contrast: 1.08
brightness: 0.09
saturation: 1.71
gamma: 1.03
gamma_r: 0.91
gamma_g: 1.03
gamma_b: 1.04
vignette: 1
temp: 4602