tweet_id: 1694061695243821373
masto_id: 110934803187123852

newton_power: 4
newton_const: 3

n_iter: 78
ct: 8
hue_offset: 99
saturation: 0.28

num_attempts: 126
dur: 602
std: 6.88
size: 1255842 (1.2 MiB)

xmin: -2.783060137854034
xmax: -2.7591557553839143
ymin: -0.06997314421343237
ymax: -0.05652692907399014

contrast: 1.52
brightness: 0.14
saturation: 1.19
gamma: 1.02
gamma_r: 0.99
gamma_g: 0.93
gamma_b: 1.02
vignette: -29
temp: 3864