tweet_id: 1696805510610055317
masto_id: 110977675267690976

n_iter: 521
ct: 255
hue_offset: 356
saturation: -0.35

num_attempts: 313
dur: 607
std: 70.82
size: 1149643 (1.1 MiB)

xmin: 0.38333516301864146
xmax: 0.3920308151925545
ymin: 0.6305964224784275
ymax: 0.6354877268262537

contrast: 0.73
brightness: 0.23
saturation: 1.07
gamma: 0.94
gamma_r: 0.92
gamma_g: 0.96
gamma_b: 1.09
vignette: -8
temp: 5074