tweet_id: 1698924098527674528
masto_id: FAIL

newton_power: 7
newton_const: 7

n_iter: 211
ct: 121
hue_offset: 83
saturation: 0.87

num_attempts: 82
dur: 602
std: 23.48
size: 839942 (820.26 KiB)

xmin: 0.9527646778412899
xmax: 0.9701057183037177
ymin: 0.9791023075784837
ymax: 0.9888566428385993

contrast: 0.74
brightness: -0.01
saturation: 1.11
gamma: 1.05
gamma_r: 1.05
gamma_g: 0.91
gamma_b: 1.07
vignette: 2
temp: 4352