tweet_id: 1697862360126341120
masto_id: 110994188476638086

n_iter: 626
ct: 1
hue_offset: 74
saturation: 0.14

num_attempts: 251
dur: 608
std: 61.8
size: 799086 (780.36 KiB)

xmin: -0.17510961748866882
xmax: -0.16969689759692322
ymin: -1.124169325472674
ymax: -1.121124670533567

contrast: 1.67
brightness: 0.04
saturation: 0.33
gamma: 1.03
gamma_r: 0.99
gamma_g: 0.91
gamma_b: 1.04
vignette: -7
temp: 7118