tweet_id: 1692275580832760281
masto_id: 110906895162855230

n_iter: 338
ct: 255
hue_offset: 299
saturation: 0.01

num_attempts: 385
dur: 600
std: 39.52
size: 949271 (927.02 KiB)

xmin: 0.540586455657392
xmax: 0.5468757638334927
ymin: -0.6338127772591662
ymax: -0.6302750414101096

contrast: 1.61
brightness: 0.1
saturation: 1.11
gamma: 1.04
gamma_r: 1.04
gamma_g: 1.03
gamma_b: 0.98
vignette: -24
temp: 7769