tweet_id: 1695472526535565465
masto_id: 110956847638963014

n_iter: 807
ct: 43
hue_offset: 153
saturation: 0.71

num_attempts: 14
dur: 3
std: 20.62
size: 1424896 (1.36 MiB)

xmin: 0.12612178183894907
xmax: 0.1416256578079413
ymin: 0.6544213788455153
ymax: 0.6631423090780735

contrast: 1.23
brightness: 0.03
saturation: 0.63
gamma: 0.96
gamma_r: 0.99
gamma_g: 1.02
gamma_b: 0.92
vignette: -46
temp: 5323