tweet_id: 1697167958085443626
masto_id: 110983338501231656

n_iter: 330
ct: 255
hue_offset: 321
saturation: -0.01

num_attempts: 411
dur: 607
std: 53.79
size: 887462 (866.66 KiB)

xmin: -0.5253505677192447
xmax: -0.5146267071294324
ymin: 0.46031354487292475
ymax: 0.4663457164546942

contrast: 1.78
brightness: -0.01
saturation: 1.21
gamma: 0.91
gamma_r: 0.9
gamma_g: 0.95
gamma_b: 0.92
vignette: -25
temp: 5930