tweet_id: 1693719803729428682
masto_id: 110929460974424171

n_iter: 775
ct: 217
hue_offset: 147
saturation: -0.81

num_attempts: 3
dur: 6
std: 145.09
size: 650815 (635.56 KiB)

xmin: -0.4956305143418578
xmax: -0.4944663699879579
ymin: 0.6006247596756162
ymax: 0.601279590874685

contrast: 1.4
brightness: 0.08
saturation: 1.32
gamma: 1.02
gamma_r: 0.91
gamma_g: 1.07
gamma_b: 0.92
vignette: 14
temp: 7724