tweet_id: 1699161026556834183
masto_id: 111014480331759546

n_iter: 315
ct: 1
hue_offset: 203
saturation: -0.33

num_attempts: 444
dur: 604
std: 54.11
size: 864898 (844.63 KiB)

xmin: -0.28551969152265144
xmax: -0.28089541406600405
ymin: 0.6981814540845965
ymax: 0.7007826101539607

contrast: 0.77
brightness: 0.1
saturation: 0.26
gamma: 1.05
gamma_r: 1.09
gamma_g: 0.99
gamma_b: 0.92
vignette: -21
temp: 2515