tweet_id: 1697530206137774089
masto_id: 110988998622854016

n_iter: 420
ct: 1
hue_offset: 308
saturation: 0.66

num_attempts: 384
dur: 600
std: 51.26
size: 573076 (559.64 KiB)

xmin: -0.3792854693009411
xmax: -0.361894164953115
ymin: 0.6580151081051042
ymax: 0.6677977168007564

contrast: 1.54
brightness: -0.01
saturation: 0.88
gamma: 0.92
gamma_r: 1.09
gamma_g: 0.99
gamma_b: 0.93
vignette: -18
temp: 4806