tweet_id: 1695748447511691564
masto_id: 110961158571293808

n_iter: 516
ct: 1
hue_offset: 209
saturation: -0.04

num_attempts: 375
dur: 609
std: 59.95
size: 502840 (491.05 KiB)

xmin: -0.45767631867737113
xmax: -0.42889934026010496
ymin: -0.5690963378232634
ymax: -0.5529092874635512

contrast: 1.74
brightness: 0.09
saturation: 0.56
gamma: 1.05
gamma_r: 1.02
gamma_g: 0.92
gamma_b: 1.09
vignette: 16
temp: 4949