tweet_id: 1693625779697909907
masto_id: 110927992065702031

n_iter: 358
ct: 89
hue_offset: 328
saturation: -0.4

num_attempts: 14
dur: 18
std: 35.66
size: 750302 (732.72 KiB)

xmin: -1.5560429477245221
xmax: -1.382966024647599
ymin: -0.11117073761238072
ymax: -0.01381496838161149

contrast: 1.04
brightness: 0.21
saturation: 0.85
gamma: 0.98
gamma_r: 0.97
gamma_g: 0.98
gamma_b: 1.04
vignette: -12
temp: 3863