tweet_id: 1695106021377659303
masto_id: 110951120804624251

n_iter: 176
ct: 167
hue_offset: 52
saturation: -0.03

num_attempts: 6
dur: 2
std: 27.2
size: 1038561 (1014.22 KiB)

xmin: 0.6328973779581895
xmax: 0.761468806529618
ymin: -1.2677672821823776
ymax: -1.195445853610949

contrast: 0.96
brightness: -0.02
saturation: 0.44
gamma: 1.0
gamma_r: 1.03
gamma_g: 0.91
gamma_b: 0.99
vignette: 0
temp: 5310