tweet_id: 1697534525734002842
masto_id: 110989066215652826

newton_power: 3
newton_const: -2

n_iter: 223
ct: 85
hue_offset: 29
saturation: 1.0

num_attempts: 298
dur: 601
std: 4.16
size: 650410 (635.17 KiB)

xmin: -1.6095434689459889
xmax: -1.4473813067838268
ymin: 0.1376580242780685
ymax: 0.22887424049428473

contrast: 1.53
brightness: -0.06
saturation: 1.57
gamma: 0.98
gamma_r: 0.97
gamma_g: 1.1
gamma_b: 1.04
vignette: 32
temp: 3428