tweet_id: 1698824023885414513
masto_id: 111009215122240090

n_iter: 157
ct: 232
hue_offset: 315
saturation: 0.67

num_attempts: 96
dur: 46
std: 16.4
size: 258979 (252.91 KiB)

xmin: -0.6490912727616953
xmax: -0.6481352498171447
ymin: 0.385026775464711
ymax: 0.3855645383710207

contrast: 1.74
brightness: 0.23
saturation: 0.61
gamma: 1.06
gamma_r: 0.99
gamma_g: 0.98
gamma_b: 0.93
vignette: 1
temp: 4677