tweet_id: 1695027948515103174
masto_id: 110949900960601664

newton_power: 4
newton_const: 4

n_iter: 184
ct: 36
hue_offset: 332
saturation: -0.63

num_attempts: 130
dur: 602
std: 7.7
size: 1274280 (1.22 MiB)

xmin: -0.1382989126847134
xmax: 0.32323954885374817
ymin: -1.7413990988379828
ymax: -1.4817837142225982

contrast: 1.33
brightness: 0.08
saturation: 0.61
gamma: 0.93
gamma_r: 1.04
gamma_g: 0.9
gamma_b: 0.95
vignette: -41
temp: 2872