tweet_id: 1696072663335096793
masto_id: 110966224495012994

n_iter: 158
ct: 158
hue_offset: 337
saturation: -0.63

num_attempts: 16
dur: 7
std: 24.25
size: 1649350 (1.57 MiB)

xmin: -0.9474320511042111
xmax: -0.38493205110421114
ymin: -1.1121623060737003
ymax: -0.7957560560737003

contrast: 1.46
brightness: 0.02
saturation: 1.49
gamma: 0.96
gamma_r: 0.96
gamma_g: 0.96
gamma_b: 1.0
vignette: -10
temp: 7517