tweet_id: 1695377215381229660
masto_id: 110955358195248496

n_iter: 498
ct: 74
hue_offset: 107
saturation: 0.46

num_attempts: 8
dur: 9
std: 80.27
size: 2264418 (2.16 MiB)

xmin: -0.20957322744066298
xmax: -0.15261120212420728
ymin: -0.9827945312394428
ymax: -0.9507533919989365

contrast: 1.68
brightness: -0.03
saturation: 1.16
gamma: 0.93
gamma_r: 1.05
gamma_g: 1.08
gamma_b: 0.92
vignette: -33
temp: 6301