tweet_id: 1696775367057387940
masto_id: 110977204293508722

n_iter: 486
ct: 255
hue_offset: 50
saturation: 0.62

num_attempts: 332
dur: 607
std: 72.34
size: 1222396 (1.17 MiB)

xmin: -0.19952081292492596
xmax: -0.19476457035655498
ymin: -1.0294122772766146
ymax: -1.026736890831906

contrast: 1.59
brightness: 0.04
saturation: 1.17
gamma: 0.93
gamma_r: 0.92
gamma_g: 0.98
gamma_b: 1.04
vignette: -21
temp: 3892