tweet_id: 1694449912509853938
masto_id: 110940868977468258

n_iter: 414
ct: 255
hue_offset: 321
saturation: 0.3

num_attempts: 319
dur: 602
std: 33.35
size: 450378 (439.82 KiB)

xmin: 0.21523344714748793
xmax: 0.22126662965125868
ymin: -1.2197679902964367
ymax: -1.2163743251380656

contrast: 1.24
brightness: -0.06
saturation: 0.9
gamma: 1.09
gamma_r: 0.98
gamma_g: 0.94
gamma_b: 0.9
vignette: 3
temp: 6352