tweet_id: 1691795846709277113
masto_id: 110899399364625175

n_iter: 563
ct: 255
hue_offset: 186
saturation: 0.66

num_attempts: 215
dur: 605
std: 69.78
size: 1158922 (1.11 MiB)

xmin: -0.569909647123684
xmax: -0.564482238711201
ymin: -0.4625306554616673
ymax: -0.45947773822964555

contrast: 1.79
brightness: 0.09
saturation: 1.25
gamma: 0.98
gamma_r: 0.93
gamma_g: 0.95
gamma_b: 0.96
vignette: -11
temp: 7278