tweet_id: 1692763057586401626
masto_id: 110914511927617104

newton_power: 6
newton_const: -3

n_iter: 113
ct: 21
hue_offset: 242
saturation: 0.89

num_attempts: 84
dur: 611
std: 13.46
size: 1341175 (1.28 MiB)

xmin: 2.2035672578423666
xmax: 2.2120778961402388
ymin: 1.2671778396024833
ymax: 1.2719650736450365

contrast: 1.68
brightness: 0.09
saturation: 1.38
gamma: 0.96
gamma_r: 0.96
gamma_g: 0.93
gamma_b: 0.98
vignette: -25
temp: 6058