tweet_id: 1698190422517142006
masto_id: 110999314528967892

n_iter: 975
ct: 209
hue_offset: 1
saturation: 0.45

num_attempts: 46
dur: 113
std: 143.26
size: 1201352 (1.15 MiB)

xmin: -0.9129795891891996
xmax: -0.9122227301541949
ymin: -0.2363332088074115
ymax: -0.23590747560022132

contrast: 1.02
brightness: 0.09
saturation: 1.52
gamma: 0.97
gamma_r: 1.01
gamma_g: 0.98
gamma_b: 0.98
vignette: 10
temp: 7347