tweet_id: 1693509748102955319
masto_id: 110926179007600085

n_iter: 215
ct: 7
hue_offset: 275
saturation: -0.87

num_attempts: 80
dur: 38
std: 24.81
size: 933741 (911.86 KiB)

xmin: -0.7003399251775946
xmax: -0.6993369161505133
ymin: 0.3482561355416425
ymax: 0.3488203281193757

contrast: 0.97
brightness: 0.03
saturation: 0.97
gamma: 1.05
gamma_r: 0.98
gamma_g: 1.01
gamma_b: 1.09
vignette: 4
temp: 3798