tweet_id: 1694170635113509189
masto_id: 110936505342672328

n_iter: 342
ct: 31
hue_offset: 100
saturation: 0.98

num_attempts: 13
dur: 13
std: 46.74
size: 751797 (734.18 KiB)

xmin: 0.1833617002916328
xmax: 0.2856344275643601
ymin: -1.1483839399892561
ymax: -1.090855530898347

contrast: 1.15
brightness: -0.04
saturation: 1.4
gamma: 1.01
gamma_r: 1.02
gamma_g: 0.91
gamma_b: 0.92
vignette: -23
temp: 3331