tweet_id: 1692094445859086542
masto_id: 110904065044852832

n_iter: 403
ct: 255
hue_offset: 110
saturation: 0.78

num_attempts: 380
dur: 605
std: 48.62
size: 759977 (742.17 KiB)

xmin: -0.061402699804793626
xmax: -0.0492814876835815
ymin: 0.7703949076658905
ymax: 0.7772130894840723

contrast: 1.46
brightness: -0.06
saturation: 1.73
gamma: 1.09
gamma_r: 1.03
gamma_g: 0.93
gamma_b: 0.92
vignette: 31
temp: 5774