tweet_id: 1693206923921768766
masto_id: 110921447411731299

n_iter: 478
ct: 196
hue_offset: 139
saturation: -0.51

num_attempts: 8
dur: 2
std: 42.65
size: 970549 (947.8 KiB)

xmin: 0.19651146875389935
xmax: 0.19717702615822547
ymin: -0.5655597911564169
ymax: -0.5651854151164835

contrast: 1.69
brightness: -0.04
saturation: 0.55
gamma: 0.96
gamma_r: 0.92
gamma_g: 1.03
gamma_b: 1.01
vignette: -23
temp: 2170