tweet_id: 1697945442305372583
masto_id: 110995486805697529

n_iter: 438
ct: 235
hue_offset: 292
saturation: 0.78

num_attempts: 4
dur: 5
std: 34.52
size: 842502 (822.76 KiB)

xmin: -0.42200861539383094
xmax: 0.22084852746331196
ymin: -1.386800105111456
ymax: -1.0251929622543132

contrast: 0.84
brightness: -0.06
saturation: 1.44
gamma: 1.04
gamma_r: 0.91
gamma_g: 0.98
gamma_b: 1.04
vignette: -46
temp: 5929