tweet_id: 1694937434193121640
masto_id: 110948486565055743

newton_power: 7
newton_const: 1

n_iter: 196
ct: 190
hue_offset: 291
saturation: 0.06

num_attempts: 65
dur: 600
std: 17.95
size: 700577 (684.16 KiB)

xmin: -0.21731602277777196
xmax: -0.17007192828958298
ymin: 1.004769705980113
ymax: 1.0313445091297193

contrast: 1.55
brightness: 0.1
saturation: 1.19
gamma: 1.09
gamma_r: 0.92
gamma_g: 0.96
gamma_b: 1.06
vignette: 8
temp: 5882