tweet_id: 1694027796199412205
masto_id: 110934273497180499

n_iter: 530
ct: 255
hue_offset: 107
saturation: 0.11

num_attempts: 353
dur: 600
std: 72.15
size: 1077450 (1.03 MiB)

xmin: 0.552969160401998
xmax: 0.5574685979723016
ymin: 0.38424883526820763
ymax: 0.38677976890150345

contrast: 1.39
brightness: 0.01
saturation: 0.94
gamma: 0.92
gamma_r: 1.01
gamma_g: 0.99
gamma_b: 1.08
vignette: 33
temp: 5385