tweet_id: 1695390487933305118
masto_id: 110955565642691263

newton_power: 6
newton_const: -4

n_iter: 155
ct: 162
hue_offset: 341
saturation: 0.81

num_attempts: 90
dur: 611
std: 15.87
size: 1051559 (1.0 MiB)

xmin: 0.16639777500009068
xmax: 0.17807092675106345
ymin: 1.0727251602205081
ymax: 1.0792913080804303

contrast: 1.46
brightness: 0.06
saturation: 1.42
gamma: 1.02
gamma_r: 0.93
gamma_g: 1.02
gamma_b: 0.97
vignette: -11
temp: 7854