tweet_id: 1698975693130940706
masto_id: 111011584275339993

n_iter: 798
ct: 38
hue_offset: 281
saturation: -0.23

num_attempts: 26
dur: 26
std: 97.88
size: 750760 (733.16 KiB)

xmin: -0.6460240835577431
xmax: -0.6455326226903146
ymin: 0.37673345145188497
ymax: 0.37700989818981345

contrast: 1.29
brightness: 0.08
saturation: 1.72
gamma: 0.95
gamma_r: 0.92
gamma_g: 0.91
gamma_b: 1.06
vignette: 0
temp: 6973