tweet_id: 1693539772373864738
masto_id: 110926648200933785

n_iter: 466
ct: 180
hue_offset: 297
saturation: 0.91

num_attempts: 10
dur: 10
std: 16.48
size: 793943 (775.33 KiB)

xmin: -0.6267040074033967
xmax: -0.6261099185871187
ymin: 0.4700921214853193
ymax: 0.4704262964444757

contrast: 1.31
brightness: 0.03
saturation: 0.5
gamma: 1.02
gamma_r: 1.0
gamma_g: 1.05
gamma_b: 0.92
vignette: -32
temp: 2145