tweet_id: 1692056006019191044
masto_id: 110903464134170671

n_iter: 333
ct: 206
hue_offset: 359
saturation: 0.75

num_attempts: 6
dur: 1
std: 27.29
size: 393319 (384.1 KiB)

xmin: -1.5107861733373071
xmax: -1.0107861733373071
ymin: -0.7315281376856966
ymax: -0.4502781376856966

contrast: 1.5
brightness: 0.03
saturation: 0.49
gamma: 1.07
gamma_r: 1.07
gamma_g: 0.96
gamma_b: 1.0
vignette: -4
temp: 2950