tweet_id: 1695079353661735134
masto_id: 110950704089431061

n_iter: 390
ct: 240
hue_offset: 187
saturation: -0.9

num_attempts: 26
dur: 20
std: 87.9
size: 1088679 (1.04 MiB)

xmin: 0.36392413211674546
xmax: 0.36666573595499086
ymin: -0.12270129960869713
ymax: -0.12115914744968412

contrast: 0.87
brightness: -0.07
saturation: 0.5
gamma: 1.08
gamma_r: 0.92
gamma_g: 0.92
gamma_b: 1.08
vignette: 6
temp: 3193