tweet_id: 1693383946757702129
masto_id: 110924213407732151

n_iter: 306
ct: 174
hue_offset: 252
saturation: -0.52

num_attempts: 15
dur: 7
std: 25.08
size: 807915 (788.98 KiB)

xmin: -1.1355484125757518
xmax: 1.1144515874242482
ymin: -1.2625366848222623
ymax: 0.003088315177737666

contrast: 1.48
brightness: 0.19
saturation: 0.51
gamma: 0.92
gamma_r: 0.91
gamma_g: 1.08
gamma_b: 0.92
vignette: -19
temp: 6659