tweet_id: 1695839151990644827
masto_id: 110962575957291724

n_iter: 630
ct: 1
hue_offset: 235
saturation: -0.91

num_attempts: 208
dur: 606
std: 62.8
size: 910744 (889.4 KiB)

xmin: -0.2343322629081659
xmax: -0.20555528449089971
ymin: -0.9682101834897786
ymax: -0.9520231331300664

contrast: 1.35
brightness: 0.15
saturation: 0.33
gamma: 1.04
gamma_r: 0.94
gamma_g: 0.92
gamma_b: 1.01
vignette: -14
temp: 3523