tweet_id: 1696352955220607409
masto_id: 110970604038115794

n_iter: 337
ct: 19
hue_offset: 211
saturation: -0.79

num_attempts: 19
dur: 15
std: 44.28
size: 2008573 (1.92 MiB)

xmin: -0.4515886187302862
xmax: -0.3790079735689959
ymin: -1.0017492306278255
ymax: -0.9609226177245997

contrast: 0.87
brightness: 0.2
saturation: 0.99
gamma: 1.05
gamma_r: 1.07
gamma_g: 0.99
gamma_b: 0.94
vignette: 24
temp: 2144