tweet_id: 1695607817036763215
masto_id: 110958961313280142

n_iter: 280
ct: 153
hue_offset: 9
saturation: -0.42

num_attempts: 32
dur: 22
std: 55.42
size: 1271042 (1.21 MiB)

xmin: -0.4022641726994882
xmax: -0.3973561972393655
ymin: -0.5972111843325607
ymax: -0.5944504481362417

contrast: 1.43
brightness: -0.08
saturation: 0.86
gamma: 0.92
gamma_r: 1.03
gamma_g: 0.9
gamma_b: 1.05
vignette: 16
temp: 7909