tweet_id: 1695781397569708257
masto_id: 110961673588541538

n_iter: 475
ct: 255
hue_offset: 153
saturation: 0.58

num_attempts: 239
dur: 607
std: 73.36
size: 939595 (917.57 KiB)

xmin: 0.2015965559768187
xmax: 0.20742745976690616
ymin: 1.0492924032632645
ymax: 1.0525722866451888

contrast: 0.78
brightness: -0.04
saturation: 1.39
gamma: 1.05
gamma_r: 0.92
gamma_g: 1.02
gamma_b: 1.07
vignette: -15
temp: 2136