tweet_id: 1692484416864408041
masto_id: 110910158208280473

n_iter: 813
ct: 140
hue_offset: 273
saturation: -0.2

num_attempts: 245
dur: 417
std: 36.12
size: 1493406 (1.42 MiB)

xmin: -0.697493772085199
xmax: -0.6968704278433414
ymin: 0.3607019662575459
ymax: 0.3610525973935908

contrast: 1.74
brightness: 0.23
saturation: 1.48
gamma: 1.06
gamma_r: 0.96
gamma_g: 1.06
gamma_b: 1.06
vignette: -41
temp: 3901