tweet_id: 1698349945072345116
masto_id: 111001807060617298

newton_power: 5
newton_const: 6

n_iter: 98
ct: 227
hue_offset: 224
saturation: 0.71

num_attempts: 89
dur: 619
std: 10.67
size: 451504 (440.92 KiB)

xmin: 2.6178120307820096
xmax: 2.625210304518138
ymin: -0.1991905385874122
ymax: -0.19502900961084008

contrast: 1.7
brightness: 0.15
saturation: 1.45
gamma: 0.93
gamma_r: 0.97
gamma_g: 1.08
gamma_b: 0.94
vignette: -2
temp: 2619