tweet_id: 1697466154124488850
masto_id: 110987997846540043

n_iter: 666
ct: 137
hue_offset: 310
saturation: 0.72

num_attempts: 173
dur: 179
std: 36.45
size: 1503394 (1.43 MiB)

xmin: -0.4672813896836874
xmax: -0.4665469056587149
ymin: -0.5976624848871025
ymax: -0.5972493376230555

contrast: 0.97
brightness: 0.02
saturation: 1.59
gamma: 1.06
gamma_r: 1.0
gamma_g: 1.03
gamma_b: 0.97
vignette: -34
temp: 4663