tweet_id: 1698651925007266045
masto_id: FAIL

newton_power: 5
newton_const: -5

n_iter: 208
ct: 18
hue_offset: 325
saturation: 0.94

num_attempts: 98
dur: 600
std: 10.59
size: 1374187 (1.31 MiB)

xmin: -2.034524701587757
xmax: 0.965475298412243
ymin: -1.3177106704222834
ymax: 0.3697893295777166

contrast: 1.36
brightness: 0.18
saturation: 0.65
gamma: 1.0
gamma_r: 1.1
gamma_g: 0.93
gamma_b: 1.05
vignette: -47
temp: 4154