tweet_id: 1694695058266554779
masto_id: 110944699465214457

n_iter: 297
ct: 255
hue_offset: 295
saturation: 0.3

num_attempts: 395
dur: 602
std: 54.39
size: 1409651 (1.34 MiB)

xmin: -0.21299283000981872
xmax: -0.20875104846156844
ymin: -0.9612037714285948
ymax: -0.958817769307704

contrast: 1.2
brightness: 0.11
saturation: 1.06
gamma: 1.09
gamma_r: 0.93
gamma_g: 1.04
gamma_b: 0.91
vignette: -27
temp: 5521