tweet_id: 1697061564736766280
masto_id: 110981676079832923

n_iter: 447
ct: 1
hue_offset: 10
saturation: 0.92

num_attempts: 347
dur: 608
std: 73.36
size: 931579 (909.75 KiB)

xmin: 0.5143073012156036
xmax: 0.5220894023829188
ymin: -0.13117544430268646
ymax: -0.12679801239607166

contrast: 1.3
brightness: -0.03
saturation: 0.42
gamma: 1.1
gamma_r: 1.0
gamma_g: 1.0
gamma_b: 1.04
vignette: 27
temp: 5293