tweet_id: 1693185871397175537
masto_id: 110921118468065079

newton_power: 3
newton_const: -5

n_iter: 74
ct: 66
hue_offset: 252
saturation: -0.08

num_attempts: 293
dur: 601
std: 3.83
size: 462911 (452.06 KiB)

xmin: 1.3628493033552997
xmax: 1.4112364001294933
ymin: 1.9371583812661184
ymax: 1.9643761232016022

contrast: 1.68
brightness: 0.08
saturation: 1.53
gamma: 0.91
gamma_r: 0.92
gamma_g: 1.09
gamma_b: 0.91
vignette: 29
temp: 4008