tweet_id: 1697974211816378500
masto_id: 110995936323864153

n_iter: 207
ct: 219
hue_offset: 131
saturation: -0.13

num_attempts: 46
dur: 27
std: 33.31
size: 1396445 (1.33 MiB)

xmin: -0.8391765706462619
xmax: -0.7654060788429833
ymin: -0.717321526284213
ymax: -0.6758256246448687

contrast: 1.0
brightness: 0.18
saturation: 0.79
gamma: 1.06
gamma_r: 0.99
gamma_g: 0.94
gamma_b: 1.08
vignette: 30
temp: 4187