tweet_id: 1691736277802946615
masto_id: 110898468732647994

newton_power: 7
newton_const: 1

n_iter: 226
ct: 236
hue_offset: 45
saturation: 0.41

num_attempts: 66
dur: 600
std: 17.18
size: 966919 (944.26 KiB)

xmin: -2.9299838802989253
xmax: -2.92098837805005
ymin: -1.2388040458326957
ymax: -1.2337440758177032

contrast: 1.71
brightness: 0.18
saturation: 0.66
gamma: 1.02
gamma_r: 1.03
gamma_g: 0.95
gamma_b: 1.01
vignette: -28
temp: 4729