tweet_id: 1699251519206703153
masto_id: 111015894081120967

n_iter: 277
ct: 1
hue_offset: 228
saturation: -0.9

num_attempts: 522
dur: 602
std: 57.14
size: 775140 (756.97 KiB)

xmin: -0.3709380785734444
xmax: -0.36654247417784
ymin: 0.6561809677366841
ymax: 0.6586534952092116

contrast: 1.64
brightness: -0.09
saturation: 1.33
gamma: 0.91
gamma_r: 0.97
gamma_g: 1.1
gamma_b: 0.94
vignette: 7
temp: 2308