tweet_id: 1697016843997778020
masto_id: 110980977304854585

n_iter: 399
ct: 255
hue_offset: 303
saturation: 0.52

num_attempts: 405
dur: 605
std: 29.07
size: 400612 (391.22 KiB)

xmin: -0.577190318583449
xmax: -0.4955576655222246
ymin: 0.1329000410811434
ymax: 0.17881840842808217

contrast: 1.08
brightness: -0.06
saturation: 1.66
gamma: 1.0
gamma_r: 1.1
gamma_g: 1.01
gamma_b: 1.08
vignette: 4
temp: 6410