tweet_id: 1692569335955444207
masto_id: 110911485056648931

n_iter: 203
ct: 163
hue_offset: 4
saturation: 0.52

num_attempts: 23
dur: 9
std: 33.77
size: 1824839 (1.74 MiB)

xmin: -0.530124361226066
xmax: -0.39376072486242963
ymin: -0.9266733582349775
ymax: -0.8499688127804321

contrast: 1.79
brightness: 0.07
saturation: 1.31
gamma: 0.96
gamma_r: 1.07
gamma_g: 0.98
gamma_b: 0.97
vignette: -8
temp: 2913