tweet_id: 1698321052110360942
masto_id: 111001355664149758

newton_power: 6
newton_const: 5

n_iter: 158
ct: 215
hue_offset: 64
saturation: 0.29

num_attempts: 83
dur: 601
std: 14.46
size: 1085717 (1.04 MiB)

xmin: 1.0417076600087656
xmax: 1.1055374472428081
ymin: -0.2879255846170252
ymax: -0.2520213292978763

contrast: 1.26
brightness: 0.22
saturation: 1.67
gamma: 1.02
gamma_r: 1.07
gamma_g: 0.95
gamma_b: 1.09
vignette: 15
temp: 5184