tweet_id: 1696986602537447831
masto_id: 110980504796207932

n_iter: 417
ct: 255
hue_offset: 249
saturation: 0.62

num_attempts: 289
dur: 601
std: 66.42
size: 463312 (452.45 KiB)

xmin: 0.34896787205488256
xmax: 0.35652930872785044
ymin: 0.6546763985736863
ymax: 0.6589297067022307

contrast: 1.41
brightness: 0.02
saturation: 0.72
gamma: 1.04
gamma_r: 0.97
gamma_g: 1.08
gamma_b: 0.97
vignette: -8
temp: 3309