tweet_id: 1698376207216070695
masto_id: 111002217311047088

n_iter: 356
ct: 1
hue_offset: 159
saturation: 0.65

num_attempts: 436
dur: 600
std: 37.58
size: 356527 (348.17 KiB)

xmin: -0.58059789987034
xmax: -0.5528201220925623
ymin: 0.23551577253297684
ymax: 0.25114077253297684

contrast: 1.62
brightness: 0.0
saturation: 0.53
gamma: 0.99
gamma_r: 0.97
gamma_g: 1.04
gamma_b: 0.94
vignette: 5
temp: 6028