tweet_id: 1693603317274808768
masto_id: 110927640999804247

n_iter: 148
ct: 15
hue_offset: 311
saturation: -0.5

num_attempts: 32
dur: 12
std: 21.58
size: 942894 (920.79 KiB)

xmin: -0.5315395971792891
xmax: -0.5310083181249659
ymin: 0.5224687686168257
ymax: 0.5227676130848825

contrast: 1.06
brightness: 0.05
saturation: 1.2
gamma: 0.93
gamma_r: 1.06
gamma_g: 0.93
gamma_b: 0.98
vignette: 30
temp: 3728