tweet_id: 1698881838100472070
masto_id: 111010117832245058

n_iter: 292
ct: 104
hue_offset: 151
saturation: 0.02

num_attempts: 1
dur: 2
std: 43.26
size: 1069062 (1.02 MiB)

xmin: -1.085795279716707
xmax: -0.44293813685956407
ymin: -0.8731250915087638
ymax: -0.5115179486516209

contrast: 1.27
brightness: -0.09
saturation: 0.76
gamma: 0.99
gamma_r: 0.94
gamma_g: 0.97
gamma_b: 1.05
vignette: -10
temp: 6889