tweet_id: 1698132620977361077
masto_id: 110998411271663793

n_iter: 289
ct: 218
hue_offset: 81
saturation: 0.48

num_attempts: 8
dur: 6
std: 23.87
size: 300371 (293.33 KiB)

xmin: 0.20222096543920332
xmax: 0.2725334654392033
ymin: -0.13679336163487754
ymax: -0.09724258038487754

contrast: 1.12
brightness: -0.02
saturation: 1.72
gamma: 1.03
gamma_r: 0.97
gamma_g: 0.93
gamma_b: 0.95
vignette: 12
temp: 7754