tweet_id: 1697672772200149007
masto_id: 110991226241091467

n_iter: 308
ct: 185
hue_offset: 336
saturation: -0.84

num_attempts: 25
dur: 23
std: 32.73
size: 735891 (718.64 KiB)

xmin: -1.2682183870472412
xmax: 0.2317816129527588
ymin: -1.2428836044085272
ymax: -0.3991336044085272

contrast: 1.06
brightness: -0.03
saturation: 0.31
gamma: 1.07
gamma_r: 0.99
gamma_g: 1.06
gamma_b: 1.06
vignette: 25
temp: 2011