tweet_id: 1695957894263410698
masto_id: 110964431199116113

n_iter: 432
ct: 150
hue_offset: 358
saturation: 0.28

num_attempts: 23
dur: 8
std: 45.99
size: 2146935 (2.05 MiB)

xmin: 0.6031861068361146
xmax: 0.6769565986393933
ymin: -1.2523184029408412
ymax: -1.2108225013014968

contrast: 1.45
brightness: -0.06
saturation: 1.16
gamma: 1.01
gamma_r: 1.07
gamma_g: 0.99
gamma_b: 1.01
vignette: -44
temp: 5667