tweet_id: 1691762248329433503
masto_id: 110898874305781934

n_iter: 296
ct: 1
hue_offset: 79
saturation: -0.24

num_attempts: 424
dur: 604
std: 50.97
size: 1343025 (1.28 MiB)

xmin: 0.5525107638849027
xmax: 0.5587219440091263
ymin: 0.38396952909611426
ymax: 0.38746331791599004

contrast: 0.8
brightness: -0.03
saturation: 1.11
gamma: 1.01
gamma_r: 1.01
gamma_g: 1.09
gamma_b: 1.0
vignette: -33
temp: 7066