tweet_id: 1692418451833344105
masto_id: 110909127424025113

n_iter: 472
ct: 160
hue_offset: 121
saturation: -0.02

num_attempts: 15
dur: 4
std: 47.48
size: 1596177 (1.52 MiB)

xmin: -0.35090928890169737
xmax: -0.28059678890169737
ymin: -1.0472353809660422
ymax: -1.0076845997160422

contrast: 0.94
brightness: -0.08
saturation: 0.91
gamma: 1.09
gamma_r: 0.94
gamma_g: 0.9
gamma_b: 0.92
vignette: -16
temp: 6807