tweet_id: 1693669014017605779
masto_id: 110928667570596971

newton_power: 6
newton_const: 9

n_iter: 229
ct: 157
hue_offset: 327
saturation: 0.04

num_attempts: 86
dur: 600
std: 13.46
size: 1001155 (977.69 KiB)

xmin: 1.1466066975377354
xmax: 1.179039129970168
ymin: -1.5168701709494385
ymax: -1.4986269277061952

contrast: 0.71
brightness: -0.02
saturation: 0.56
gamma: 0.9
gamma_r: 0.91
gamma_g: 1.07
gamma_b: 0.94
vignette: 17
temp: 5640