tweet_id: 1692160811714650403
masto_id: 110905101933581547

newton_power: 4
newton_const: 1

n_iter: 212
ct: 206
hue_offset: 72
saturation: -0.95

num_attempts: 103
dur: 600
std: 7.66
size: 564572 (551.34 KiB)

xmin: 0.6768084967886772
xmax: 0.7557558652097298
ymin: -0.03230941976414403
ymax: 0.012098474972698073

contrast: 1.7
brightness: 0.06
saturation: 1.39
gamma: 0.93
gamma_r: 0.93
gamma_g: 1.02
gamma_b: 1.09
vignette: 4
temp: 3047