tweet_id: 1692931373214908855
masto_id: 110917141765991678

n_iter: 321
ct: 220
hue_offset: 82
saturation: 0.15

num_attempts: 17
dur: 16
std: 26.48
size: 307199 (300.0 KiB)

xmin: -1.9382713745490372
xmax: -1.038271374549037
ymin: -0.6729680749951725
ymax: -0.16671807499517255

contrast: 1.41
brightness: -0.06
saturation: 1.22
gamma: 1.03
gamma_r: 0.99
gamma_g: 0.95
gamma_b: 1.0
vignette: -41
temp: 5167