tweet_id: 1692965361031782687
masto_id: 110917672997052806

n_iter: 974
ct: 253
hue_offset: 93
saturation: 0.67

num_attempts: 13
dur: 22
std: 40.83
size: 1080563 (1.03 MiB)

xmin: -0.2092198655504478
xmax: -0.19866577584068526
ymin: -0.6783830675551864
ymax: -0.672446392093445

contrast: 1.54
brightness: -0.05
saturation: 1.63
gamma: 0.96
gamma_r: 1.03
gamma_g: 1.09
gamma_b: 0.95
vignette: 29
temp: 6790