tweet_id: 1695248525041234213
masto_id: 110953347249485215

n_iter: 323
ct: 255
hue_offset: 103
saturation: -0.47

num_attempts: 452
dur: 601
std: 55.34
size: 347232 (339.09 KiB)

xmin: 0.0962158489185474
xmax: 0.10046213341960897
ymin: -0.7952282043908863
ymax: -0.7928396693590392

contrast: 1.72
brightness: 0.15
saturation: 0.35
gamma: 1.07
gamma_r: 1.06
gamma_g: 1.09
gamma_b: 1.05
vignette: -7
temp: 2494