tweet_id: 1698868560842354877
masto_id: 111009910454402145

n_iter: 749
ct: 95
hue_offset: 141
saturation: -0.85

num_attempts: 88
dur: 101
std: 39.23
size: 1725685 (1.65 MiB)

xmin: -0.6223462119018999
xmax: -0.6217025041452214
ymin: -0.4594915034134308
ymax: -0.4591294178002992

contrast: 1.35
brightness: 0.12
saturation: 1.55
gamma: 0.94
gamma_r: 1.05
gamma_g: 1.01
gamma_b: 1.03
vignette: -42
temp: 3918