tweet_id: 1699001376175698106
masto_id: 111011985763779333

n_iter: 351
ct: 67
hue_offset: 219
saturation: -0.76

num_attempts: 8
dur: 4
std: 21.67
size: 601174 (587.08 KiB)

xmin: -0.04492817726784448
xmax: 0.14257182273215552
ymin: -1.0287889146551714
ymax: -0.9233201646551714

contrast: 0.85
brightness: 0.2
saturation: 1.59
gamma: 1.07
gamma_r: 1.09
gamma_g: 0.95
gamma_b: 0.98
vignette: -19
temp: 2228