tweet_id: 1697137727798415473
masto_id: 110982866197657803

n_iter: 501
ct: 255
hue_offset: 306
saturation: -0.31

num_attempts: 257
dur: 610
std: 87.45
size: 1136544 (1.08 MiB)

xmin: 0.18482637729399132
xmax: 0.1919185758755516
ymin: -0.7428021476299325
ymax: -0.7388127859278047

contrast: 1.36
brightness: 0.16
saturation: 1.3
gamma: 1.05
gamma_r: 1.07
gamma_g: 0.97
gamma_b: 0.9
vignette: -20
temp: 2426