tweet_id: 1697801975360856069
masto_id: 110993245007988016

n_iter: 408
ct: 255
hue_offset: 214
saturation: -0.17

num_attempts: 368
dur: 604
std: 74.54
size: 1102366 (1.05 MiB)

xmin: -0.5460554332313359
xmax: -0.541321705420685
ymin: -0.32808364683250946
ymax: -0.3254209249390183

contrast: 1.17
brightness: -0.02
saturation: 1.56
gamma: 0.96
gamma_r: 0.93
gamma_g: 0.98
gamma_b: 1.03
vignette: 9
temp: 3023