tweet_id: 1693034918429745379
masto_id: 110918759861401721

newton_power: 6
newton_const: 3

n_iter: 123
ct: 225
hue_offset: 352
saturation: 0.62

num_attempts: 80
dur: 601
std: 16.29
size: 1170767 (1.12 MiB)

xmin: 1.063084833692554
xmax: 1.0701105948166758
ymin: -1.8522297306791407
ymax: -1.8482777400468222

contrast: 1.43
brightness: 0.2
saturation: 1.48
gamma: 1.08
gamma_r: 0.92
gamma_g: 1.02
gamma_b: 0.91
vignette: 24
temp: 4021