tweet_id: 1695115100812714070
masto_id: 110951262582461724

n_iter: 550
ct: 255
hue_offset: 300
saturation: -0.85

num_attempts: 227
dur: 606
std: 51.13
size: 601633 (587.53 KiB)

xmin: 0.452441069982485
xmax: 0.4727456385104038
ymin: -0.05120323653024106
ymax: -0.039781916733286744

contrast: 1.1
brightness: 0.04
saturation: 1.35
gamma: 1.0
gamma_r: 0.97
gamma_g: 1.01
gamma_b: 0.9
vignette: -43
temp: 6429