tweet_id: 1695057363105874102
masto_id: 110950360501317557

n_iter: 593
ct: 255
hue_offset: 227
saturation: -0.75

num_attempts: 336
dur: 600
std: 62.42
size: 1125901 (1.07 MiB)

xmin: -0.2458264697419228
xmax: -0.23885782862694022
ymin: 1.062786320444244
ymax: 1.0667061810714218

contrast: 1.55
brightness: 0.12
saturation: 0.62
gamma: 1.07
gamma_r: 1.04
gamma_g: 0.99
gamma_b: 1.07
vignette: -19
temp: 7163