tweet_id: 1696645664195658048
masto_id: 110975177853868221

n_iter: 217
ct: 199
hue_offset: 45
saturation: 0.72

num_attempts: 61
dur: 20
std: 32.03
size: 1950651 (1.86 MiB)

xmin: -0.34462465364370853
xmax: -0.2869323459514008
ymin: -0.9292335003337109
ymax: -0.8967815772567878

contrast: 1.48
brightness: -0.03
saturation: 1.01
gamma: 0.95
gamma_r: 1.0
gamma_g: 1.02
gamma_b: 1.08
vignette: 24
temp: 6010