tweet_id: 1695799750094639601
masto_id: 110961960314839994

n_iter: 381
ct: 154
hue_offset: 258
saturation: 0.27

num_attempts: 5
dur: 3
std: 60.75
size: 1920503 (1.83 MiB)

xmin: 0.6446716693872703
xmax: 0.7346716693872702
ymin: -1.2348079482542516
ymax: -1.1841829482542516

contrast: 0.92
brightness: -0.04
saturation: 0.87
gamma: 1.05
gamma_r: 0.98
gamma_g: 0.94
gamma_b: 1.09
vignette: -39
temp: 3663