tweet_id: 1692305725274423719
masto_id: 110907366075516877

n_iter: 428
ct: 1
hue_offset: 286
saturation: -0.72

num_attempts: 299
dur: 609
std: 53.42
size: 444811 (434.39 KiB)

xmin: 0.5269167911064092
xmax: 0.5383128025024206
ymin: -0.16821907223484445
ymax: -0.16180881582458803

contrast: 0.91
brightness: -0.03
saturation: 1.44
gamma: 0.94
gamma_r: 0.93
gamma_g: 0.94
gamma_b: 1.04
vignette: 4
temp: 6714