tweet_id: 1692720460146921555
masto_id: 110913846323414035

n_iter: 321
ct: 17
hue_offset: 232
saturation: 0.04

num_attempts: 12
dur: 4
std: 55.07
size: 1142074 (1.09 MiB)

xmin: 0.6652890361804125
xmax: 0.7131613766059444
ymin: -1.1544965691267741
ymax: -1.1275683776374124

contrast: 1.54
brightness: -0.04
saturation: 1.63
gamma: 0.99
gamma_r: 0.98
gamma_g: 1.05
gamma_b: 0.97
vignette: 2
temp: 2917