tweet_id: 1695480995338936502
masto_id: 110956980002552005

newton_power: 3
newton_const: 7

n_iter: 118
ct: 178
hue_offset: 348
saturation: 0.87

num_attempts: 256
dur: 604
std: 3.82
size: 705359 (688.83 KiB)

xmin: -0.0608716847232178
xmax: 2.939128315276782
ymin: -0.16990778310919374
ymax: 1.5175922168908063

contrast: 0.82
brightness: 0.12
saturation: 1.05
gamma: 0.99
gamma_r: 0.95
gamma_g: 1.01
gamma_b: 0.99
vignette: 16
temp: 6589