tweet_id: 1695777235641266497
masto_id: 110961608480376383

n_iter: 772
ct: 11
hue_offset: 295
saturation: 0.33

num_attempts: 99
dur: 123
std: 69.14
size: 1254661 (1.2 MiB)

xmin: 0.29360948770621054
xmax: 0.3145518960831739
ymin: -0.5826128639811916
ymax: -0.5708327592691497

contrast: 1.73
brightness: -0.06
saturation: 1.54
gamma: 0.99
gamma_r: 0.96
gamma_g: 0.98
gamma_b: 0.91
vignette: -32
temp: 3384