tweet_id: 1696891605494518095
masto_id: 110979021296686830

n_iter: 609
ct: 22
hue_offset: 330
saturation: 0.83

num_attempts: 76
dur: 67
std: 65.17
size: 928116 (906.36 KiB)

xmin: -0.7432979878493464
xmax: -0.7428365736147173
ymin: 0.12729371502669773
ymax: 0.12755326053367663

contrast: 0.95
brightness: -0.02
saturation: 0.7
gamma: 1.0
gamma_r: 1.08
gamma_g: 1.04
gamma_b: 0.92
vignette: -42
temp: 2198