tweet_id: 1691766522719642021
masto_id: FAIL

newton_power: 4
newton_const: -8

n_iter: 155
ct: 67
hue_offset: 188
saturation: 0.97

num_attempts: 111
dur: 610
std: 8.17
size: 670682 (654.96 KiB)

xmin: 0.5069828530943825
xmax: 0.5978919440034735
ymin: 1.0085287913692529
ymax: 1.0596651550056164

contrast: 1.13
brightness: -0.09
saturation: 1.34
gamma: 1.02
gamma_r: 0.92
gamma_g: 0.94
gamma_b: 1.0
vignette: 10
temp: 6983