tweet_id: 1699122462477127730
masto_id: 111013877641570171

n_iter: 317
ct: 236
hue_offset: 269
saturation: 0.21

num_attempts: 1
dur: 2
std: 22.61
size: 473058 (461.97 KiB)

xmin: 0.1401202862949087
xmax: 0.19708231161136439
ymin: -1.111126280383497
ymax: -1.0790851411429907

contrast: 1.39
brightness: -0.04
saturation: 0.5
gamma: 1.04
gamma_r: 1.05
gamma_g: 0.93
gamma_b: 1.04
vignette: 18
temp: 3482