tweet_id: 1696205767890645442
masto_id: 110968304388547697

newton_power: 3
newton_const: 6

n_iter: 239
ct: 177
hue_offset: 304
saturation: -0.18

num_attempts: 270
dur: 601
std: 3.77
size: 538776 (526.15 KiB)

xmin: -0.3049730732399607
xmax: -0.12850248500466657
ymin: -1.051929542222433
ymax: -0.9526648363400801

contrast: 1.14
brightness: 0.04
saturation: 1.14
gamma: 0.98
gamma_r: 1.02
gamma_g: 0.92
gamma_b: 1.06
vignette: 12
temp: 5527