tweet_id: 1693850208801599559
masto_id: 110931498736611122

newton_power: 3
newton_const: -10

n_iter: 209
ct: 44
hue_offset: 125
saturation: 0.48

num_attempts: 292
dur: 600
std: 3.89
size: 597286 (583.29 KiB)

xmin: 0.28215151689170526
xmax: 0.292865802605991
ymin: 1.49623611560617
ymax: 1.5022629013204558

contrast: 1.58
brightness: 0.01
saturation: 0.61
gamma: 1.07
gamma_r: 1.07
gamma_g: 1.02
gamma_b: 0.95
vignette: 7
temp: 2586