tweet_id: 1695110659787358341
masto_id: 110951193275294107

n_iter: 940
ct: 110
hue_offset: 166
saturation: 0.49

num_attempts: 6
dur: 4
std: 105.81
size: 1487558 (1.42 MiB)

xmin: -0.9603080071121848
xmax: -0.9430666278018399
ymin: -0.2592613593167592
ymax: -0.24956308345469022

contrast: 0.84
brightness: 0.19
saturation: 1.13
gamma: 0.93
gamma_r: 0.94
gamma_g: 0.92
gamma_b: 0.99
vignette: 25
temp: 4359