tweet_id: 1695269621476295098
masto_id: 110953677078712155

newton_power: 6
newton_const: 5

n_iter: 101
ct: 182
hue_offset: 242
saturation: -0.08

num_attempts: 75
dur: 601
std: 17.58
size: 814227 (795.14 KiB)

xmin: 0.3330585494011591
xmax: 0.34230354169699884
ymin: 0.2412246260037123
ymax: 0.24642493417012218

contrast: 1.23
brightness: -0.05
saturation: 0.37
gamma: 0.99
gamma_r: 1.06
gamma_g: 1.05
gamma_b: 0.99
vignette: -17
temp: 7576