tweet_id: 1694895938882376027
masto_id: 110947838132007171

n_iter: 396
ct: 122
hue_offset: 49
saturation: 0.78

num_attempts: 4
dur: 1
std: 20.01
size: 1677554 (1.6 MiB)

xmin: 0.6716805705699391
xmax: 0.7185555705699391
ymin: -1.3023096493948103
ymax: -1.2759424618948103

contrast: 1.6
brightness: 0.1
saturation: 1.07
gamma: 1.0
gamma_r: 1.05
gamma_g: 1.08
gamma_b: 0.97
vignette: 9
temp: 6988