tweet_id: 1691853671875932433
masto_id: 110900302742841103

n_iter: 579
ct: 255
hue_offset: 29
saturation: -0.31

num_attempts: 249
dur: 602
std: 85.25
size: 823953 (804.64 KiB)

xmin: 0.055105690835488996
xmax: 0.06070009642989459
ymin: 1.1265760178511184
ymax: 1.1297228709979716

contrast: 1.51
brightness: 0.1
saturation: 0.53
gamma: 0.97
gamma_r: 1.1
gamma_g: 0.99
gamma_b: 0.96
vignette: 11
temp: 3087