tweet_id: 1695620739112763575
masto_id: 110959163187810864

n_iter: 409
ct: 85
hue_offset: 68
saturation: -0.38

num_attempts: 11
dur: 6
std: 42.21
size: 1610309 (1.54 MiB)

xmin: -1.0290902656129488
xmax: -0.8334380916999053
ymin: -0.7824195454091649
ymax: -0.672365197583078

contrast: 0.74
brightness: 0.01
saturation: 1.72
gamma: 1.06
gamma_r: 1.04
gamma_g: 1.0
gamma_b: 1.0
vignette: 5
temp: 7997