tweet_id: 1692300928911647140
masto_id: 110907291085583228

n_iter: 541
ct: 166
hue_offset: 342
saturation: -0.09

num_attempts: 5
dur: 2
std: 67.94
size: 449736 (439.2 KiB)

xmin: -0.8612402829378369
xmax: -0.8607780689327525
ymin: 0.2093186629600352
ymax: 0.20957865833789516

contrast: 1.48
brightness: 0.09
saturation: 0.81
gamma: 0.92
gamma_r: 0.96
gamma_g: 0.95
gamma_b: 1.08
vignette: 0
temp: 3089