tweet_id: 1694782003244159252
masto_id: 110946057955444397

n_iter: 390
ct: 1
hue_offset: 91
saturation: 0.82

num_attempts: 307
dur: 602
std: 48.61
size: 905321 (884.1 KiB)

xmin: 0.0812098116990887
xmax: 0.08585018292878707
ymin: 1.1497695023546868
ymax: 1.152379711171392

contrast: 0.78
brightness: 0.15
saturation: 1.15
gamma: 0.92
gamma_r: 1.02
gamma_g: 0.96
gamma_b: 0.96
vignette: 2
temp: 5293