tweet_id: 1698889120880226481
masto_id: 111010231707888097

n_iter: 448
ct: 1
hue_offset: 173
saturation: 0.39

num_attempts: 340
dur: 603
std: 66.19
size: 1142025 (1.09 MiB)

xmin: 0.4890185933856026
xmax: 0.4940754833982448
ymin: -0.07493503685547598
ymax: -0.07209053622336473

contrast: 0.96
brightness: 0.02
saturation: 0.83
gamma: 1.08
gamma_r: 0.96
gamma_g: 1.04
gamma_b: 0.93
vignette: 10
temp: 2611