tweet_id: 1693004656425717940
masto_id: 110918287003626537

newton_power: 4
newton_const: -4

n_iter: 123
ct: 31
hue_offset: 161
saturation: 0.81

num_attempts: 122
dur: 600
std: 6.61
size: 1167757 (1.11 MiB)

xmin: -1.9974696100691407
xmax: 1.0025303899308593
ymin: -1.4499559323444944
ymax: 0.23754406765550562

contrast: 0.95
brightness: 0.17
saturation: 1.6
gamma: 0.93
gamma_r: 1.09
gamma_g: 1.08
gamma_b: 0.92
vignette: -43
temp: 3171