tweet_id: 1692351436422627423
masto_id: 110908080481842455

newton_power: 3
newton_const: -7

n_iter: 188
ct: 110
hue_offset: 242
saturation: 0.74

num_attempts: 243
dur: 601
std: 4.0
size: 715706 (698.93 KiB)

xmin: -2.8008354768166006
xmax: -2.7887142646953884
ymin: -0.032686816369097205
ymax: -0.025868634550915388

contrast: 0.99
brightness: 0.14
saturation: 0.84
gamma: 1.02
gamma_r: 0.93
gamma_g: 1.04
gamma_b: 0.98
vignette: 6
temp: 4810