tweet_id: 1694540509149110435
masto_id: 110942284492065636

n_iter: 341
ct: 1
hue_offset: 224
saturation: 0.2

num_attempts: 434
dur: 603
std: 39.8
size: 208294 (203.41 KiB)

xmin: -0.38563498540067553
xmax: -0.37972656590289117
ymin: 0.6857509682781302
ymax: 0.6890744542456338

contrast: 1.18
brightness: -0.04
saturation: 1.24
gamma: 1.02
gamma_r: 1.06
gamma_g: 1.07
gamma_b: 0.96
vignette: -31
temp: 3892