tweet_id: 1693146761043337231
masto_id: 110920507343940700

n_iter: 498
ct: 133
hue_offset: 118
saturation: 0.89

num_attempts: 12
dur: 19
std: 37.99
size: 887928 (867.12 KiB)

xmin: -1.244848055014966
xmax: -1.24327076794872
ymin: 0.09057517153205685
ymax: 0.09146239550682025

contrast: 1.39
brightness: -0.08
saturation: 1.01
gamma: 1.08
gamma_r: 0.95
gamma_g: 1.03
gamma_b: 1.08
vignette: -17
temp: 7404