tweet_id: 1698194572344779093
masto_id: 110999379343472444

n_iter: 338
ct: 255
hue_offset: 325
saturation: 0.24

num_attempts: 414
dur: 604
std: 57.6
size: 1149399 (1.1 MiB)

xmin: 0.13141866332070462
xmax: 0.13638144247703216
ymin: 0.8133450519445455
ymax: 0.8161366152199798

contrast: 1.11
brightness: 0.04
saturation: 0.62
gamma: 1.07
gamma_r: 1.0
gamma_g: 1.01
gamma_b: 0.99
vignette: -25
temp: 4024