tweet_id: 1695743925846454365
masto_id: 110961088040707329

n_iter: 178
ct: 201
hue_offset: 19
saturation: 0.6

num_attempts: 10
dur: 5
std: 21.5
size: 783524 (765.16 KiB)

xmin: -0.15898750065503053
xmax: -0.15640352132686516
ymin: -0.8476898492242788
ymax: -0.8462363608521858

contrast: 1.57
brightness: 0.06
saturation: 0.56
gamma: 0.94
gamma_r: 0.94
gamma_g: 0.93
gamma_b: 1.08
vignette: 9
temp: 2641