tweet_id: 1694157415699116425
masto_id: 110936298922847924

n_iter: 961
ct: 176
hue_offset: 27
saturation: -0.51

num_attempts: 66
dur: 115
std: 17.45
size: 897641 (876.6 KiB)

xmin: 0.37966316343496853
xmax: 0.3869358907076958
ymin: -0.1291427905567789
ymax: -0.12505188146586982

contrast: 0.71
brightness: 0.09
saturation: 1.65
gamma: 1.03
gamma_r: 1.03
gamma_g: 0.94
gamma_b: 1.03
vignette: -25
temp: 5112