tweet_id: 1696050771564068897
masto_id: 110965882536386032

n_iter: 607
ct: 255
hue_offset: 280
saturation: -0.53

num_attempts: 181
dur: 600
std: 68.89
size: 867574 (847.24 KiB)

xmin: 0.48119467128357307
xmax: 0.4902036802925821
ymin: -0.06617703806512942
ymax: -0.06110947049756185

contrast: 0.95
brightness: 0.19
saturation: 1.4
gamma: 0.91
gamma_r: 1.03
gamma_g: 1.08
gamma_b: 0.91
vignette: 21
temp: 3663