tweet_id: 1692695637949628699
masto_id: 110913458435526176

n_iter: 449
ct: 126
hue_offset: 161
saturation: 0.33

num_attempts: 1
dur: 1
std: 62.28
size: 2265334 (2.16 MiB)

xmin: -0.9823162716273526
xmax: -0.9260662716273526
ymin: -0.6368191266619248
ymax: -0.6051785016619248

contrast: 1.8
brightness: -0.09
saturation: 0.98
gamma: 0.94
gamma_r: 0.96
gamma_g: 0.98
gamma_b: 1.01
vignette: -30
temp: 5250