tweet_id: 1698768468739547229
masto_id: 111008346481743801

n_iter: 594
ct: 1
hue_offset: 259
saturation: -0.76

num_attempts: 212
dur: 609
std: 80.98
size: 1107367 (1.06 MiB)

xmin: -0.39589174957141604
xmax: -0.37762690938876764
ymin: 0.6207185353371565
ymax: 0.6309925079398963

contrast: 1.77
brightness: -0.08
saturation: 1.35
gamma: 1.05
gamma_r: 0.91
gamma_g: 1.05
gamma_b: 0.92
vignette: 19
temp: 3075