tweet_id: 1699195448110600308
masto_id: 111015018134210785

newton_power: 4
newton_const: 3

n_iter: 123
ct: 254
hue_offset: 75
saturation: 0.02

num_attempts: 126
dur: 601
std: 7.74
size: 495682 (484.06 KiB)

xmin: 0.1878432979320266
xmax: 0.20042191428422784
ymin: 0.8431615513750161
ymax: 0.8502370230731293

contrast: 1.2
brightness: 0.02
saturation: 0.83
gamma: 1.01
gamma_r: 0.9
gamma_g: 0.93
gamma_b: 0.91
vignette: -9
temp: 4483