tweet_id: 1693336815820841167
masto_id: 110923477034620642

newton_power: 3
newton_const: 8

n_iter: 71
ct: 236
hue_offset: 97
saturation: 0.29

num_attempts: 236
dur: 601
std: 3.91
size: 673002 (657.23 KiB)

xmin: -0.027612677143417752
xmax: 0.039053989523248914
ymin: 0.414776972618196
ymax: 0.452276972618196

contrast: 1.4
brightness: 0.07
saturation: 0.91
gamma: 0.9
gamma_r: 0.99
gamma_g: 0.99
gamma_b: 1.07
vignette: -35
temp: 2927