tweet_id: 1692008125727973745
masto_id: 110902716121937457

newton_power: 7
newton_const: 4

n_iter: 140
ct: 59
hue_offset: 114
saturation: -0.5

num_attempts: 58
dur: 605
std: 26.0
size: 1374869 (1.31 MiB)

xmin: 0.5159028088121183
xmax: 0.6111409040502135
ymin: -0.7748958646444017
ymax: -0.7213244360729731

contrast: 1.78
brightness: -0.04
saturation: 0.34
gamma: 0.92
gamma_r: 0.96
gamma_g: 1.07
gamma_b: 0.97
vignette: -38
temp: 3806