tweet_id: 1698224721181962393
masto_id: 110999850406901005

n_iter: 510
ct: 255
hue_offset: 18
saturation: 0.12

num_attempts: 268
dur: 603
std: 79.16
size: 832321 (812.81 KiB)

xmin: -0.5057733968736664
xmax: -0.5009307818615598
ymin: -0.4658012878530904
ymax: -0.46307731690878046

contrast: 1.79
brightness: -0.09
saturation: 1.03
gamma: 0.93
gamma_r: 1.01
gamma_g: 0.96
gamma_b: 0.97
vignette: -21
temp: 7529