tweet_id: 1697289731791286773
masto_id: 110985241354539892

n_iter: 414
ct: 1
hue_offset: 104
saturation: -0.16

num_attempts: 362
dur: 606
std: 51.43
size: 663318 (647.77 KiB)

xmin: 0.4233048190089952
xmax: 0.4297773109183803
ymin: 0.5745878391291623
ymax: 0.5782286158281915

contrast: 1.25
brightness: 0.15
saturation: 1.18
gamma: 1.04
gamma_r: 1.04
gamma_g: 0.97
gamma_b: 0.91
vignette: 11
temp: 4760