tweet_id: 1693801322846253084
masto_id: 110930734883550069

newton_power: 4
newton_const: 3

n_iter: 191
ct: 187
hue_offset: 292
saturation: -0.89

num_attempts: 132
dur: 602
std: 7.0
size: 1033113 (1008.9 KiB)

xmin: -0.2037520854618502
xmax: -0.17419543521554479
ymin: 0.8381549262595267
ymax: 0.8547805420230735

contrast: 0.92
brightness: 0.09
saturation: 1.05
gamma: 0.95
gamma_r: 0.99
gamma_g: 0.97
gamma_b: 0.98
vignette: 27
temp: 2825