tweet_id: 1696827127054623001
masto_id: 110978012913953451

n_iter: 402
ct: 230
hue_offset: 344
saturation: 0.93

num_attempts: 35
dur: 26
std: 46.49
size: 618515 (604.02 KiB)

xmin: -0.12678206447314455
xmax: 0.15446793552685545
ymin: -1.0712498711446325
ymax: -0.9130467461446325

contrast: 1.22
brightness: 0.06
saturation: 0.36
gamma: 0.96
gamma_r: 1.01
gamma_g: 0.97
gamma_b: 1.0
vignette: 32
temp: 2607