tweet_id: 1696020231221592564
masto_id: 110965405255295739

n_iter: 457
ct: 1
hue_offset: 243
saturation: -0.54

num_attempts: 307
dur: 605
std: 66.9
size: 887585 (866.78 KiB)

xmin: 0.37583291528208074
xmax: 0.3802285196776851
ymin: -0.6639382296191195
ymax: -0.6614657021465921

contrast: 1.01
brightness: 0.15
saturation: 0.5
gamma: 1.07
gamma_r: 0.93
gamma_g: 0.96
gamma_b: 0.96
vignette: -16
temp: 2282