tweet_id: 1694752808522731819
masto_id: 110945601710392018

n_iter: 554
ct: 1
hue_offset: 186
saturation: -0.35

num_attempts: 241
dur: 601
std: 78.49
size: 469435 (458.43 KiB)

xmin: 0.15167152822069552
xmax: 0.1585562098041723
ymin: 0.8353603584473839
ymax: 0.8392329918380895

contrast: 1.6
brightness: 0.13
saturation: 0.7
gamma: 1.03
gamma_r: 1.06
gamma_g: 0.98
gamma_b: 0.9
vignette: -5
temp: 5268