tweet_id: 1692713105065714114
masto_id: 110913731420431452

newton_power: 5
newton_const: -10

n_iter: 184
ct: 241
hue_offset: 189
saturation: -0.89

num_attempts: 101
dur: 613
std: 13.19
size: 777162 (758.95 KiB)

xmin: -0.2873299224213328
xmax: 0.9126700775786671
ymin: -0.07105493806673224
ymax: 0.6039450619332677

contrast: 0.96
brightness: -0.05
saturation: 0.5
gamma: 1.04
gamma_r: 1.03
gamma_g: 1.04
gamma_b: 0.97
vignette: -6
temp: 7153