tweet_id: 1696745052851069067
masto_id: 110976730520120119

n_iter: 423
ct: 255
hue_offset: 279
saturation: 0.29

num_attempts: 403
dur: 606
std: 73.02
size: 933757 (911.87 KiB)

xmin: -0.5348346865528135
xmax: -0.530263257981385
ymin: 0.6105007703090393
ymax: 0.6130721988804678

contrast: 1.19
brightness: -0.01
saturation: 0.75
gamma: 0.98
gamma_r: 1.02
gamma_g: 1.02
gamma_b: 1.01
vignette: -27
temp: 6130