tweet_id: 1698035021704253686
masto_id: 110996886350977282

n_iter: 451
ct: 94
hue_offset: 342
saturation: -0.1

num_attempts: 1
dur: 0
std: 46.29
size: 1586758 (1.51 MiB)

xmin: -0.5794245034855363
xmax: -0.5004771350644837
ymin: -0.9396501663434167
ymax: -0.8952422716065745

contrast: 1.35
brightness: -0.04
saturation: 1.36
gamma: 1.08
gamma_r: 1.01
gamma_g: 1.08
gamma_b: 1.02
vignette: 5
temp: 6720