tweet_id: 1696952299644481544
masto_id: 110979969592748240

n_iter: 973
ct: 99
hue_offset: 281
saturation: -0.62

num_attempts: 34
dur: 17
std: 21.03
size: 884151 (863.43 KiB)

xmin: -0.34255444347960484
xmax: -0.34132443117948186
ymin: -0.6309860450563544
ymax: -0.6302941631375352

contrast: 1.65
brightness: -0.03
saturation: 1.48
gamma: 1.09
gamma_r: 1.01
gamma_g: 0.91
gamma_b: 1.07
vignette: -41
temp: 7811