tweet_id: 1692663357529043019
masto_id: 110912954048404218

n_iter: 262
ct: 199
hue_offset: 263
saturation: -0.16

num_attempts: 68
dur: 38
std: 50.95
size: 643130 (628.06 KiB)

xmin: -0.6798780432028977
xmax: -0.6792971544430952
ymin: 0.3256270938329269
ymax: 0.3259538437603158

contrast: 1.35
brightness: 0.2
saturation: 0.64
gamma: 1.05
gamma_r: 0.9
gamma_g: 1.03
gamma_b: 1.08
vignette: 21
temp: 2802