tweet_id: 1698345603804148007
masto_id: 111001739323314706

n_iter: 258
ct: 1
hue_offset: 198
saturation: -0.88

num_attempts: 433
dur: 606
std: 43.33
size: 987404 (964.26 KiB)

xmin: 0.2830974540619211
xmax: 0.29198634295081
ymin: -0.7043907467200288
ymax: -0.6993907467200288

contrast: 1.03
brightness: 0.13
saturation: 1.15
gamma: 0.93
gamma_r: 1.03
gamma_g: 1.08
gamma_b: 1.0
vignette: 32
temp: 5238