tweet_id: 1693234248122049021
masto_id: 110921874295334447

n_iter: 335
ct: 70
hue_offset: 131
saturation: 0.85

num_attempts: 13
dur: 10
std: 26.09
size: 955185 (932.8 KiB)

xmin: -1.913892370651023
xmax: -0.7888923706510229
ymin: -0.9955467711211667
ymax: -0.36273427112116674

contrast: 1.2
brightness: 0.05
saturation: 1.24
gamma: 1.0
gamma_r: 0.99
gamma_g: 0.95
gamma_b: 0.92
vignette: -17
temp: 7803