tweet_id: 1693367049278636470
masto_id: 110923949323451069

newton_power: 7
newton_const: 9

n_iter: 233
ct: 115
hue_offset: 140
saturation: -0.68

num_attempts: 84
dur: 604
std: 21.5
size: 998459 (975.06 KiB)

xmin: -2.8513599208351694
xmax: -2.8415879338644854
ymin: 1.7326679279227828
ymax: 1.7381646705937925

contrast: 1.6
brightness: 0.04
saturation: 1.3
gamma: 1.03
gamma_r: 0.95
gamma_g: 0.92
gamma_b: 0.99
vignette: 3
temp: 7414