tweet_id: 1698229020201021686
masto_id: 110999917671767750

newton_power: 5
newton_const: -3

n_iter: 143
ct: 136
hue_offset: 215
saturation: -0.13

num_attempts: 106
dur: 600
std: 11.32
size: 1251608 (1.19 MiB)

xmin: 0.48297302150634946
xmax: 0.49057758424399206
ymin: 0.2383628357356602
ymax: 0.24264040227558414

contrast: 1.01
brightness: 0.11
saturation: 1.26
gamma: 0.92
gamma_r: 0.95
gamma_g: 1.02
gamma_b: 0.97
vignette: -48
temp: 3319