tweet_id: 1694484416096256155
masto_id: 110941408295244848

newton_power: 3
newton_const: -1

n_iter: 117
ct: 140
hue_offset: 166
saturation: 0.31

num_attempts: 248
dur: 600
std: 4.31
size: 652897 (637.59 KiB)

xmin: 0.10572307805314196
xmax: 0.12396016012001126
ymin: 0.5718993447018841
ymax: 0.582157703364498

contrast: 0.71
brightness: -0.01
saturation: 1.22
gamma: 0.98
gamma_r: 1.08
gamma_g: 1.08
gamma_b: 1.0
vignette: -29
temp: 2244