tweet_id: 1693699293369057665
masto_id: 110929140652655997

newton_power: 6
newton_const: -8

n_iter: 191
ct: 36
hue_offset: 149
saturation: -0.42

num_attempts: 75
dur: 601
std: 18.57
size: 1362181 (1.3 MiB)

xmin: 1.9486508443874886
xmax: 1.957513473634165
ymin: 1.3433976320250647
ymax: 1.3483828609763202

contrast: 1.43
brightness: -0.01
saturation: 0.37
gamma: 0.91
gamma_r: 0.99
gamma_g: 0.9
gamma_b: 1.05
vignette: -23
temp: 3777