tweet_id: 1696042497611325595
masto_id: 110965753152600726

n_iter: 312
ct: 39
hue_offset: 324
saturation: -0.62

num_attempts: 40
dur: 21
std: 46.88
size: 2196002 (2.09 MiB)

xmin: -0.3965003439788486
xmax: -0.31755297555779594
ymin: -0.962157733651924
ymax: -0.9177498389150819

contrast: 1.26
brightness: 0.23
saturation: 0.47
gamma: 1.09
gamma_r: 0.94
gamma_g: 0.99
gamma_b: 1.0
vignette: 16
temp: 6365