tweet_id: 1693630064682770499
masto_id: 110928058882213304

n_iter: 376
ct: 30
hue_offset: 142
saturation: -0.41

num_attempts: 74
dur: 58
std: 56.64
size: 1250219 (1.19 MiB)

xmin: -0.5370865823056259
xmax: -0.5366705223929985
ymin: 0.5863233340224578
ymax: 0.5865573677233108

contrast: 1.51
brightness: 0.12
saturation: 0.69
gamma: 1.01
gamma_r: 0.99
gamma_g: 0.92
gamma_b: 0.96
vignette: 4
temp: 6130