tweet_id: 1693759616755130462
masto_id: 110930083161793179

newton_power: 7
newton_const: -10

n_iter: 194
ct: 72
hue_offset: 164
saturation: 0.71

num_attempts: 85
dur: 602
std: 18.33
size: 1263467 (1.2 MiB)

xmin: -0.9128022069707686
xmax: -0.9047268368496381
ymin: 0.9090032373785246
ymax: 0.9135456330716606

contrast: 1.22
brightness: -0.02
saturation: 0.74
gamma: 0.95
gamma_r: 1.03
gamma_g: 1.07
gamma_b: 1.0
vignette: -22
temp: 6682