tweet_id: 1696320151652634624
masto_id: 110970091682139758

n_iter: 434
ct: 100
hue_offset: 33
saturation: -0.43

num_attempts: 2
dur: 4
std: 31.29
size: 612235 (597.89 KiB)

xmin: -0.5007417513294792
xmax: -0.05074175132947917
ymin: -0.8846894563472747
ymax: -0.6315644563472746

contrast: 0.84
brightness: 0.17
saturation: 0.93
gamma: 1.0
gamma_r: 0.93
gamma_g: 0.98
gamma_b: 0.99
vignette: 21
temp: 5954