tweet_id: 1695986816615436395
masto_id: 110964883203188238

n_iter: 945
ct: 161
hue_offset: 240
saturation: -0.83

num_attempts: 104
dur: 178
std: 57.04
size: 1195487 (1.14 MiB)

xmin: -0.8985187636466094
xmax: -0.898033444549303
ymin: -0.23685572325251902
ymax: -0.23658273126028412

contrast: 0.79
brightness: -0.02
saturation: 1.38
gamma: 1.01
gamma_r: 0.98
gamma_g: 1.05
gamma_b: 1.01
vignette: -3
temp: 6231