tweet_id: 1693211684326834290
masto_id: 110921521662702404

n_iter: 627
ct: 255
hue_offset: 121
saturation: 0.17

num_attempts: 210
dur: 600
std: 103.63
size: 628204 (613.48 KiB)

xmin: -0.3675764025405257
xmax: -0.35789117251631264
ymin: 0.6402018519212289
ymax: 0.6456497938098488

contrast: 1.74
brightness: -0.02
saturation: 1.51
gamma: 1.02
gamma_r: 1.03
gamma_g: 1.06
gamma_b: 0.91
vignette: -1
temp: 3772