tweet_id: 1696134015160566076
masto_id: 110967183240068405

n_iter: 213
ct: 96
hue_offset: 268
saturation: 0.38

num_attempts: 12
dur: 7
std: 21.71
size: 1045121 (1020.63 KiB)

xmin: 0.05514207904099511
xmax: 0.20030336936357576
ymin: -1.2508998334157093
ymax: -1.1692466076092578

contrast: 1.76
brightness: 0.12
saturation: 1.43
gamma: 1.1
gamma_r: 1.08
gamma_g: 0.98
gamma_b: 0.96
vignette: 16
temp: 2868