tweet_id: 1695299718077694231
masto_id: 110954147291144498

newton_power: 4
newton_const: -7

n_iter: 171
ct: 227
hue_offset: 264
saturation: -0.53

num_attempts: 132
dur: 601
std: 7.11
size: 1047738 (1023.18 KiB)

xmin: -1.734588494430901
xmax: -1.7266309347492033
ymin: 1.6892405936103563
ymax: 1.693716720931311

contrast: 0.99
brightness: 0.13
saturation: 1.62
gamma: 1.1
gamma_r: 0.93
gamma_g: 1.06
gamma_b: 0.92
vignette: 33
temp: 6954