tweet_id: 1691982415793721791
masto_id: 110902314440916530

n_iter: 498
ct: 169
hue_offset: 88
saturation: -0.43

num_attempts: 55
dur: 47
std: 17.0
size: 542259 (529.55 KiB)

xmin: -0.0018409372346877007
xmax: -0.0013212542413136587
ymin: 0.7521866695467305
ymax: 0.7524789912305034

contrast: 1.69
brightness: 0.11
saturation: 1.67
gamma: 0.97
gamma_r: 0.95
gamma_g: 0.93
gamma_b: 1.04
vignette: 10
temp: 5851