tweet_id: 1698885087381655556
masto_id: 111010168651733318

n_iter: 572
ct: 35
hue_offset: 72
saturation: 0.32

num_attempts: 71
dur: 77
std: 67.03
size: 1961573 (1.87 MiB)

xmin: 0.383750280513826
xmax: 0.38465833953766254
ymin: 0.26395428596813586
ymax: 0.26446506916904394

contrast: 1.24
brightness: 0.14
saturation: 0.26
gamma: 1.08
gamma_r: 1.07
gamma_g: 0.96
gamma_b: 1.0
vignette: -37
temp: 4600