tweet_id: 1698945661247316305
masto_id: 111011115136124231

n_iter: 288
ct: 236
hue_offset: 135
saturation: -0.81

num_attempts: 44
dur: 32
std: 77.85
size: 782872 (764.52 KiB)

xmin: -1.3245538683369065
xmax: -1.3228495649709073
ymin: 0.05717106867425947
ymax: 0.058129739317633995

contrast: 0.7
brightness: 0.12
saturation: 0.53
gamma: 1.07
gamma_r: 0.95
gamma_g: 1.04
gamma_b: 0.97
vignette: -6
temp: 7740