tweet_id: 1695446443379822843
masto_id: 110956439823608800

n_iter: 294
ct: 1
hue_offset: 52
saturation: 0.99

num_attempts: 536
dur: 603
std: 45.17
size: 1366246 (1.3 MiB)

xmin: -0.2189529424383494
xmax: -0.21238479793917042
ymin: 1.0040538740022265
ymax: 1.0077484552830147

contrast: 1.24
brightness: -0.01
saturation: 1.18
gamma: 0.93
gamma_r: 0.94
gamma_g: 0.98
gamma_b: 1.04
vignette: -32
temp: 5123