tweet_id: 1698979803423207711
masto_id: 111011648449925246

n_iter: 530
ct: 1
hue_offset: 34
saturation: -0.05

num_attempts: 256
dur: 603
std: 47.17
size: 112691 (110.05 KiB)

xmin: -0.2104870007391615
xmax: -0.20431416123298865
ymin: -0.7490767145544353
ymax: -0.745604492332213

contrast: 1.18
brightness: -0.08
saturation: 1.6
gamma: 1.01
gamma_r: 1.04
gamma_g: 0.9
gamma_b: 1.05
vignette: -1
temp: 2382