tweet_id: 1698039732788478341
masto_id: 110996960215882443

n_iter: 856
ct: 96
hue_offset: 134
saturation: 0.15

num_attempts: 117
dur: 217
std: 111.06
size: 1156851 (1.1 MiB)

xmin: -0.7425308805863216
xmax: -0.741403167025566
ymin: 0.14850226255540844
ymax: 0.14913660143333343

contrast: 1.53
brightness: 0.16
saturation: 0.94
gamma: 1.01
gamma_r: 0.99
gamma_g: 1.06
gamma_b: 0.9
vignette: 29
temp: 4915