tweet_id: 1699007817904951392
masto_id: 111012086410217627

n_iter: 651
ct: 123
hue_offset: 231
saturation: -0.45

num_attempts: 321
dur: 436
std: 62.65
size: 1434707 (1.37 MiB)

xmin: 0.37715021803250437
xmax: 0.37795343088391
ymin: 0.2821090308804577
ymax: 0.2825608381093733

contrast: 0.85
brightness: 0.08
saturation: 1.72
gamma: 0.98
gamma_r: 1.07
gamma_g: 0.94
gamma_b: 0.97
vignette: -46
temp: 2327