tweet_id: 1691971144805409055
masto_id: 110902138259103364

n_iter: 189
ct: 211
hue_offset: 37
saturation: -0.3

num_attempts: 12
dur: 11
std: 22.34
size: 802311 (783.51 KiB)

xmin: 0.07933606751153466
xmax: 0.8293360675115347
ymin: -1.4726872368674133
ymax: -1.0508122368674133

contrast: 1.44
brightness: -0.0
saturation: 0.33
gamma: 1.09
gamma_r: 1.04
gamma_g: 1.05
gamma_b: 1.01
vignette: -34
temp: 6927