tweet_id: 1696740594779898132
masto_id: 110976660941374062

n_iter: 1018
ct: 95
hue_offset: 284
saturation: -0.74

num_attempts: 4
dur: 11
std: 27.86
size: 811103 (792.09 KiB)

xmin: -0.8275315636470519
xmax: 0.17246843635294806
ymin: 0.5517563604458657
ymax: 1.1142563604458657

contrast: 1.76
brightness: 0.01
saturation: 0.27
gamma: 1.0
gamma_r: 1.09
gamma_g: 1.08
gamma_b: 1.02
vignette: -15
temp: 7240