tweet_id: 1697496227955577281
masto_id: 110988467665843830

n_iter: 870
ct: 42
hue_offset: 100
saturation: 0.0

num_attempts: 14
dur: 32
std: 19.99
size: 608304 (594.05 KiB)

xmin: -0.6995141480338809
xmax: -0.6987363918604412
ymin: -0.3768671539171007
ymax: -0.37642966606954087

contrast: 1.05
brightness: 0.05
saturation: 1.37
gamma: 1.05
gamma_r: 1.06
gamma_g: 0.99
gamma_b: 1.05
vignette: -4
temp: 4578