tweet_id: 1697443881820774638
masto_id: 110987649816514740

newton_power: 3
newton_const: -10

n_iter: 239
ct: 3
hue_offset: 104
saturation: 0.1

num_attempts: 256
dur: 601
std: 3.99
size: 790694 (772.16 KiB)

xmin: 1.1050183028487943
xmax: 1.1126325160467638
ymin: 1.0695665071942027
ymax: 1.0738495021180605

contrast: 1.38
brightness: 0.1
saturation: 0.66
gamma: 1.0
gamma_r: 0.96
gamma_g: 0.94
gamma_b: 0.99
vignette: 25
temp: 7035