tweet_id: 1695136341120499856
masto_id: 110951594511594010

n_iter: 148
ct: 253
hue_offset: 263
saturation: -0.6

num_attempts: 77
dur: 34
std: 22.9
size: 975024 (952.17 KiB)

xmin: -1.1865359146383312
xmax: -0.9052859146383312
ymin: -0.5762884421752161
ymax: -0.41808531717521613

contrast: 1.12
brightness: 0.03
saturation: 0.56
gamma: 1.03
gamma_r: 0.92
gamma_g: 1.02
gamma_b: 0.9
vignette: -11
temp: 6271