tweet_id: 1697685556111552662
masto_id: 110991426046739574

newton_power: 6
newton_const: 2

n_iter: 202
ct: 39
hue_offset: 191
saturation: 0.32

num_attempts: 86
dur: 602
std: 14.54
size: 1272601 (1.21 MiB)

xmin: -0.6848672307963328
xmax: -0.6545642004933026
ymin: 1.2389089079359472
ymax: 1.2559543624814018

contrast: 1.09
brightness: -0.02
saturation: 0.73
gamma: 1.07
gamma_r: 1.08
gamma_g: 0.94
gamma_b: 1.04
vignette: 30
temp: 2693