tweet_id: 1694354918847426808
masto_id: 110939384815354159

n_iter: 680
ct: 244
hue_offset: 197
saturation: -0.99

num_attempts: 73
dur: 71
std: 15.36
size: 757368 (739.62 KiB)

xmin: -0.7884792272716046
xmax: -0.7859395447319221
ymin: 0.16515331935495015
ymax: 0.16658189078352156

contrast: 1.05
brightness: -0.02
saturation: 0.3
gamma: 1.03
gamma_r: 1.03
gamma_g: 1.05
gamma_b: 1.0
vignette: -17
temp: 5210