tweet_id: 1694888824139366666
masto_id: 110947727078190598

newton_power: 7
newton_const: 5

n_iter: 203
ct: 99
hue_offset: 259
saturation: -0.86

num_attempts: 68
dur: 622
std: 24.26
size: 1422258 (1.36 MiB)

xmin: 0.7776697580449095
xmax: 0.8063778920162014
ymin: -0.6639996729857243
ymax: -0.6478513476268726

contrast: 1.09
brightness: 0.06
saturation: 1.01
gamma: 0.93
gamma_r: 0.92
gamma_g: 1.02
gamma_b: 1.01
vignette: -26
temp: 5015