tweet_id: 1693083440793497805
masto_id: 110919517926989321

n_iter: 369
ct: 227
hue_offset: 295
saturation: -0.95

num_attempts: 9
dur: 2
std: 20.45
size: 626646 (611.96 KiB)

xmin: 0.3406997814728925
xmax: 0.42105692433003533
ymin: 0.04739246554091503
ymax: 0.09259335839805789

contrast: 1.42
brightness: -0.05
saturation: 1.2
gamma: 0.96
gamma_r: 0.99
gamma_g: 0.98
gamma_b: 1.04
vignette: 23
temp: 4858