tweet_id: 1693332508098666840
masto_id: 110923409597405617

n_iter: 327
ct: 1
hue_offset: 86
saturation: 0.6

num_attempts: 415
dur: 604
std: 54.13
size: 887066 (866.28 KiB)

xmin: 0.16192890315409914
xmax: 0.1669040275322086
ymin: -1.0941662744463487
ymax: -1.0913677669836621

contrast: 1.03
brightness: 0.21
saturation: 0.84
gamma: 1.04
gamma_r: 1.07
gamma_g: 1.02
gamma_b: 0.91
vignette: 13
temp: 6010