tweet_id: 1696594103167852827
masto_id: 110974372495759082

n_iter: 424
ct: 255
hue_offset: 93
saturation: -0.61

num_attempts: 326
dur: 607
std: 43.58
size: 186358 (181.99 KiB)

xmin: -0.5086325522405091
xmax: -0.5017001432283773
ymin: 0.44864885451385494
ymax: 0.45254833458317906

contrast: 1.22
brightness: 0.07
saturation: 1.49
gamma: 1.0
gamma_r: 1.06
gamma_g: 1.0
gamma_b: 0.97
vignette: 16
temp: 2169