tweet_id: 1693513853601304756
masto_id: 110926243132221805

n_iter: 481
ct: 255
hue_offset: 98
saturation: -0.04

num_attempts: 292
dur: 604
std: 53.74
size: 831900 (812.4 KiB)

xmin: -0.5213246082783383
xmax: -0.501812413156387
ymin: 0.6079193042134525
ymax: 0.6188949139695501

contrast: 1.48
brightness: 0.15
saturation: 1.19
gamma: 1.08
gamma_r: 1.06
gamma_g: 1.04
gamma_b: 0.99
vignette: -26
temp: 6263