tweet_id: 1692914065612398690
masto_id: 110916871576393278

newton_power: 5
newton_const: -7

n_iter: 189
ct: 10
hue_offset: 231
saturation: 0.54

num_attempts: 116
dur: 606
std: 9.15
size: 1014768 (990.98 KiB)

xmin: -0.6510660292138049
xmax: -0.6317734247121971
ymin: -1.2549235490676298
ymax: -1.2440714590354756

contrast: 1.7
brightness: 0.08
saturation: 0.49
gamma: 0.99
gamma_r: 0.97
gamma_g: 1.05
gamma_b: 1.05
vignette: 13
temp: 4817