tweet_id: 1691938619009708160
masto_id: 110901629970231757

n_iter: 180
ct: 147
hue_offset: 155
saturation: -0.02

num_attempts: 23
dur: 9
std: 22.26
size: 388877 (379.76 KiB)

xmin: 0.4032169040161411
xmax: 0.4040843947990515
ymin: 0.23238955578690756
ymax: 0.23287751935229467

contrast: 1.64
brightness: 0.18
saturation: 1.19
gamma: 0.96
gamma_r: 0.94
gamma_g: 1.05
gamma_b: 1.02
vignette: 26
temp: 4398