tweet_id: 1696948395464655192
masto_id: 110979908082619368

n_iter: 429
ct: 93
hue_offset: 92
saturation: 0.75

num_attempts: 58
dur: 51
std: 26.94
size: 1104118 (1.05 MiB)

xmin: -1.6221047220670637
xmax: -0.8721047220670637
ymin: -0.9752499062960636
ymax: -0.5533749062960636

contrast: 1.27
brightness: 0.04
saturation: 1.05
gamma: 0.91
gamma_r: 1.07
gamma_g: 1.1
gamma_b: 1.05
vignette: 20
temp: 7095