tweet_id: 1695023707037606019
masto_id: 110949834803178497

n_iter: 354
ct: 255
hue_offset: 255
saturation: 0.96

num_attempts: 429
dur: 601
std: 55.35
size: 709966 (693.33 KiB)

xmin: 0.23728434718721392
xmax: 0.24209782492487938
ymin: -0.955230031202846
ymax: -0.9525224499754091

contrast: 0.76
brightness: 0.07
saturation: 1.29
gamma: 1.04
gamma_r: 1.07
gamma_g: 1.03
gamma_b: 1.02
vignette: 30
temp: 2001