tweet_id: 1693362694701678934
masto_id: 110923881233142909

n_iter: 617
ct: 255
hue_offset: 44
saturation: -0.24

num_attempts: 304
dur: 606
std: 90.44
size: 884242 (863.52 KiB)

xmin: 0.1376134742984605
xmax: 0.14367408035906656
ymin: -0.7624734165568728
ymax: -0.7590643256477819

contrast: 0.94
brightness: -0.08
saturation: 0.56
gamma: 1.05
gamma_r: 1.0
gamma_g: 1.09
gamma_b: 0.92
vignette: 23
temp: 7368