tweet_id: 1692060134841762070
masto_id: 110903528657866548

n_iter: 405
ct: 75
hue_offset: 158
saturation: 0.86

num_attempts: 36
dur: 50
std: 100.3
size: 526397 (514.06 KiB)

xmin: -1.1500111423388775
xmax: -1.148987076798683
ymin: -0.2748155723364455
ymax: -0.27423953547008606

contrast: 1.53
brightness: 0.11
saturation: 1.13
gamma: 1.05
gamma_r: 1.09
gamma_g: 0.96
gamma_b: 1.01
vignette: 24
temp: 3526