tweet_id: 1695924931186348308
masto_id: 110963916245970952

n_iter: 289
ct: 190
hue_offset: 84
saturation: -0.12

num_attempts: 102
dur: 69
std: 40.13
size: 1065253 (1.02 MiB)

xmin: -0.5361731801247838
xmax: -0.5352284470118882
ymin: 0.532713192274243
ymax: 0.5332446046502467

contrast: 1.06
brightness: -0.06
saturation: 1.12
gamma: 1.02
gamma_r: 1.0
gamma_g: 0.9
gamma_b: 1.0
vignette: -22
temp: 5456