tweet_id: 1693021632166592608
masto_id: 110918552111324454

n_iter: 344
ct: 54
hue_offset: 254
saturation: 0.25

num_attempts: 42
dur: 25
std: 42.29
size: 1884454 (1.8 MiB)

xmin: -1.4254942365482888
xmax: -1.3504942365482888
ymin: -0.3429836934250565
ymax: -0.30079619342505654

contrast: 0.94
brightness: 0.11
saturation: 1.41
gamma: 0.95
gamma_r: 1.04
gamma_g: 0.9
gamma_b: 1.07
vignette: 16
temp: 5615