tweet_id: 1695174747636498796
masto_id: 110952194643647734

n_iter: 352
ct: 1
hue_offset: 312
saturation: -0.57

num_attempts: 415
dur: 607
std: 41.99
size: 1183660 (1.13 MiB)

xmin: 0.38945791461611323
xmax: 0.4001531017818886
ymin: 0.687852575001977
ymax: 0.6938686177827257

contrast: 1.09
brightness: -0.04
saturation: 1.49
gamma: 0.93
gamma_r: 1.03
gamma_g: 1.09
gamma_b: 1.02
vignette: -25
temp: 6688