tweet_id: 1696140911485530325
masto_id: 110967290992607630

n_iter: 131
ct: 251
hue_offset: 57
saturation: -0.31

num_attempts: 412
dur: 159
std: 27.39
size: 705415 (688.88 KiB)

xmin: -1.1506848420033615
xmax: -1.1500256462222145
ymin: -0.20317198826233296
ymax: -0.20280119063543778

contrast: 0.77
brightness: 0.22
saturation: 1.54
gamma: 0.9
gamma_r: 1.07
gamma_g: 0.91
gamma_b: 1.07
vignette: 28
temp: 5313