tweet_id: 1694967577934454951
masto_id: 110948957573118405

newton_power: 6
newton_const: -8

n_iter: 102
ct: 123
hue_offset: 22
saturation: -0.58

num_attempts: 82
dur: 603
std: 16.71
size: 1256508 (1.2 MiB)

xmin: -0.0025558857140488556
xmax: 0.012557464411895728
ymin: -0.7829739216644258
ymax: -0.774472662218582

contrast: 0.89
brightness: 0.01
saturation: 1.73
gamma: 0.99
gamma_r: 0.94
gamma_g: 1.01
gamma_b: 1.1
vignette: -43
temp: 4291