tweet_id: 1694562416846139406
masto_id: 110942626945556619

n_iter: 504
ct: 204
hue_offset: 336
saturation: 0.6

num_attempts: 14
dur: 18
std: 36.3
size: 989213 (966.03 KiB)

xmin: -1.7734685067852942
xmax: 0.4765314932147058
ymin: -1.328653692569985
ymax: -0.063028692569985

contrast: 1.07
brightness: 0.13
saturation: 1.7
gamma: 1.1
gamma_r: 1.01
gamma_g: 1.02
gamma_b: 0.91
vignette: -37
temp: 6231