tweet_id: 1695317289975849314
masto_id: 110954421740537827

n_iter: 185
ct: 2
hue_offset: 63
saturation: 0.41

num_attempts: 11
dur: 6
std: 27.6
size: 1276560 (1.22 MiB)

xmin: -0.844000201911127
xmax: -0.7950871584328661
ymin: -0.8588597677308445
ymax: -0.8313461807743228

contrast: 1.25
brightness: -0.1
saturation: 0.58
gamma: 0.91
gamma_r: 0.98
gamma_g: 1.1
gamma_b: 1.02
vignette: -4
temp: 4618