tweet_id: 1697892574671892881
masto_id: 110994660641545411

n_iter: 371
ct: 1
hue_offset: 118
saturation: -0.77

num_attempts: 420
dur: 606
std: 39.31
size: 470560 (459.53 KiB)

xmin: -0.17854697940260533
xmax: -0.16555996641559234
ymin: 0.8634382545605366
ymax: 0.8707434493657313

contrast: 0.73
brightness: 0.21
saturation: 1.26
gamma: 0.95
gamma_r: 0.94
gamma_g: 1.06
gamma_b: 1.02
vignette: -6
temp: 3556