tweet_id: 1696171264358912023
masto_id: 110967765093698863

n_iter: 367
ct: 255
hue_offset: 253
saturation: 0.02

num_attempts: 367
dur: 606
std: 55.84
size: 647213 (632.04 KiB)

xmin: -0.5421607912222064
xmax: -0.5354381021465762
ymin: 0.3400663796621337
ymax: 0.3438478922671757

contrast: 1.78
brightness: 0.13
saturation: 1.04
gamma: 0.99
gamma_r: 1.0
gamma_g: 0.99
gamma_b: 1.09
vignette: -28
temp: 3094