tweet_id: 1696714779178455279
masto_id: 110976257611400742

n_iter: 572
ct: 1
hue_offset: 72
saturation: -0.26

num_attempts: 285
dur: 604
std: 76.32
size: 889734 (868.88 KiB)

xmin: -0.5560963383003477
xmax: -0.5451673765517138
ymin: 0.295025245468415
ymax: 0.30117278645202156

contrast: 1.77
brightness: -0.01
saturation: 0.67
gamma: 0.9
gamma_r: 0.97
gamma_g: 0.95
gamma_b: 1.04
vignette: -37
temp: 2114