tweet_id: 1697896841139106052
masto_id: 110994727309204096

newton_power: 6
newton_const: 2

n_iter: 173
ct: 28
hue_offset: 207
saturation: 0.27

num_attempts: 86
dur: 600
std: 13.96
size: 1424947 (1.36 MiB)

xmin: 1.1874130924677697
xmax: 1.1986280457387977
ymin: 1.8693479533147346
ymax: 1.8756563645296878

contrast: 1.52
brightness: 0.0
saturation: 0.83
gamma: 1.04
gamma_r: 0.91
gamma_g: 1.03
gamma_b: 1.05
vignette: -27
temp: 7434