tweet_id: 1691785050566647836
masto_id: 110899230516527120

n_iter: 500
ct: 235
hue_offset: 318
saturation: -0.49

num_attempts: 3
dur: 2
std: 72.51
size: 1655750 (1.58 MiB)

xmin: -0.7180079752167143
xmax: -0.6595664167751559
ymin: -0.7582876301785026
ymax: -0.725414253555126

contrast: 0.74
brightness: 0.14
saturation: 1.34
gamma: 1.08
gamma_r: 0.99
gamma_g: 1.09
gamma_b: 0.93
vignette: -3
temp: 3237