tweet_id: 1695869204438958329
masto_id: 110963045420818641

n_iter: 449
ct: 1
hue_offset: 179
saturation: -0.71

num_attempts: 331
dur: 600
std: 38.97
size: 537069 (524.48 KiB)

xmin: -0.16552402257842513
xmax: -0.047876963754895724
ymin: 0.7491181468831907
ymax: 0.815294617471426

contrast: 1.65
brightness: 0.06
saturation: 0.28
gamma: 1.06
gamma_r: 0.98
gamma_g: 0.92
gamma_b: 0.98
vignette: 26
temp: 4356