tweet_id: 1694605175342694564
masto_id: 110943295047052435

newton_power: 6
newton_const: -5

n_iter: 175
ct: 181
hue_offset: 152
saturation: 0.21

num_attempts: 73
dur: 600
std: 22.41
size: 1155639 (1.1 MiB)

xmin: 1.5962413419419388
xmax: 1.6079372483746872
ymin: -1.1418378166262935
ymax: -1.1352588692578724

contrast: 1.16
brightness: -0.05
saturation: 0.98
gamma: 1.1
gamma_r: 1.02
gamma_g: 1.04
gamma_b: 1.08
vignette: -33
temp: 6798