tweet_id: 1694756163571552282
masto_id: 110945654321960652

newton_power: 3
newton_const: 1

n_iter: 163
ct: 161
hue_offset: 116
saturation: 0.66

num_attempts: 257
dur: 601
std: 3.79
size: 638955 (623.98 KiB)

xmin: -0.7113587844526554
xmax: -0.6573047303986014
ymin: -1.2525141954069683
ymax: -1.2221087900015628

contrast: 1.27
brightness: 0.12
saturation: 0.91
gamma: 1.08
gamma_r: 1.03
gamma_g: 0.92
gamma_b: 0.98
vignette: -15
temp: 4711