tweet_id: 1693216069140292019
masto_id: 110921590293538448

newton_power: 7
newton_const: 8

n_iter: 204
ct: 21
hue_offset: 128
saturation: -0.55

num_attempts: 55
dur: 605
std: 20.81
size: 1431387 (1.37 MiB)

xmin: 2.5955891502161954
xmax: 2.6521929238011013
ymin: -0.22829853078563023
ymax: -0.1964589081441208

contrast: 0.84
brightness: -0.03
saturation: 1.71
gamma: 1.0
gamma_r: 0.96
gamma_g: 1.08
gamma_b: 0.91
vignette: -43
temp: 5076