tweet_id: 1696464633262157920
masto_id: 110972348977475939

n_iter: 192
ct: 125
hue_offset: 122
saturation: 0.46

num_attempts: 9
dur: 3
std: 21.98
size: 450195 (439.64 KiB)

xmin: -1.513029072604713
xmax: -0.3880290726047131
ymin: -1.3309622924045157
ymax: -0.6981497924045157

contrast: 1.26
brightness: 0.15
saturation: 0.3
gamma: 0.97
gamma_r: 1.08
gamma_g: 0.99
gamma_b: 0.95
vignette: 1
temp: 2120