tweet_id: 1696767267785027797
masto_id: 110977077618941006

n_iter: 278
ct: 150
hue_offset: 204
saturation: -0.99

num_attempts: 59
dur: 35
std: 42.02
size: 2334375 (2.23 MiB)

xmin: -1.0817887024519326
xmax: -1.0165713111475847
ymin: -0.533512404400718
ymax: -0.49682762179202233

contrast: 1.48
brightness: -0.0
saturation: 0.42
gamma: 1.1
gamma_r: 1.07
gamma_g: 1.02
gamma_b: 0.95
vignette: -44
temp: 4223