tweet_id: 1691798597678084107
masto_id: 110899442452980780

newton_power: 7
newton_const: 3

n_iter: 173
ct: 113
hue_offset: 62
saturation: 0.21

num_attempts: 78
dur: 602
std: 19.04
size: 1326409 (1.26 MiB)

xmin: 0.9571598880797194
xmax: 0.9728256844243669
ymin: -0.2273694624002207
ymax: -0.21855745195635648

contrast: 1.51
brightness: 0.02
saturation: 0.42
gamma: 0.92
gamma_r: 1.01
gamma_g: 1.06
gamma_b: 0.98
vignette: -44
temp: 7363