tweet_id: 1694332730794815496
masto_id: 110939038024559809

n_iter: 412
ct: 1
hue_offset: 101
saturation: -0.34

num_attempts: 368
dur: 606
std: 51.65
size: 1219206 (1.16 MiB)

xmin: -0.6122849560084505
xmax: -0.6068795506030451
ymin: -0.27958749210514133
ymax: -0.2765469515646008

contrast: 1.71
brightness: 0.09
saturation: 1.07
gamma: 0.92
gamma_r: 1.02
gamma_g: 1.05
gamma_b: 0.94
vignette: -32
temp: 3139