tweet_id: 1698644533595247069
masto_id: 111006410021801859

n_iter: 813
ct: 187
hue_offset: 9
saturation: 0.62

num_attempts: 110
dur: 184
std: 85.39
size: 1351954 (1.29 MiB)

xmin: -0.2368712051997659
xmax: -0.21764043596899668
ymin: 0.712710318181218
ymax: 0.7235276258735257

contrast: 1.48
brightness: 0.21
saturation: 1.19
gamma: 1.08
gamma_r: 1.06
gamma_g: 0.92
gamma_b: 1.06
vignette: 21
temp: 6796