tweet_id: 1694290248698646817
masto_id: 110938374334524333

n_iter: 472
ct: 105
hue_offset: 355
saturation: 0.37

num_attempts: 4
dur: 2
std: 27.63
size: 426038 (416.05 KiB)

xmin: 0.31327138303742963
xmax: 0.36748825050730916
ymin: 0.01959364807091779
ymax: 0.050090636022725024

contrast: 0.92
brightness: 0.17
saturation: 0.85
gamma: 0.93
gamma_r: 0.94
gamma_g: 1.0
gamma_b: 0.94
vignette: -5
temp: 2228