tweet_id: 1696198240667160884
masto_id: 110968186670294267

n_iter: 595
ct: 100
hue_offset: 76
saturation: -0.75

num_attempts: 134
dur: 156
std: 68.87
size: 1522356 (1.45 MiB)

xmin: 0.36904176257878385
xmax: 0.37932453892839824
ymin: -0.3114127904760432
ymax: -0.30562872877938513

contrast: 1.24
brightness: 0.01
saturation: 0.83
gamma: 1.04
gamma_r: 1.01
gamma_g: 1.07
gamma_b: 0.98
vignette: 21
temp: 6987