tweet_id: 1698579453163540920
masto_id: 111005393047434381

n_iter: 157
ct: 168
hue_offset: 355
saturation: 0.97

num_attempts: 138
dur: 56
std: 24.42
size: 652475 (637.18 KiB)

xmin: -1.302611831984092
xmax: -1.065769726720934
ymin: -0.4743551018021943
ymax: -0.341131417591668

contrast: 1.09
brightness: -0.08
saturation: 0.61
gamma: 1.05
gamma_r: 0.93
gamma_g: 1.04
gamma_b: 0.97
vignette: -1
temp: 4892