tweet_id: 1695414499543818342
masto_id: 110955940935760874

n_iter: 237
ct: 106
hue_offset: 141
saturation: -0.62

num_attempts: 99
dur: 53
std: 24.33
size: 838226 (818.58 KiB)

xmin: -0.7192912746024271
xmax: -0.7135441481656455
ymin: -0.311364380092889
ymax: -0.30813162147219936

contrast: 1.13
brightness: 0.04
saturation: 1.69
gamma: 1.08
gamma_r: 1.08
gamma_g: 0.97
gamma_b: 1.03
vignette: -12
temp: 2766