tweet_id: 1697073380560699467
masto_id: 110981860807680525

n_iter: 832
ct: 151
hue_offset: 27
saturation: -0.68

num_attempts: 38
dur: 56
std: 22.74
size: 816017 (796.89 KiB)

xmin: -0.5381764361709784
xmax: -0.5333571590625447
ymin: 0.6182452723462941
ymax: 0.620956115719788

contrast: 1.77
brightness: -0.05
saturation: 1.21
gamma: 1.06
gamma_r: 1.05
gamma_g: 1.05
gamma_b: 0.97
vignette: 9
temp: 2627