tweet_id: 1693992309736739194
masto_id: 110933719522549422

n_iter: 548
ct: 179
hue_offset: 300
saturation: 0.46

num_attempts: 33
dur: 31
std: 97.42
size: 1523854 (1.45 MiB)

xmin: -0.24094289640075273
xmax: -0.24042056681078144
ymin: -0.6429429615930837
ymax: -0.6426491511987249

contrast: 1.41
brightness: -0.1
saturation: 0.61
gamma: 0.94
gamma_r: 0.91
gamma_g: 0.96
gamma_b: 1.03
vignette: -44
temp: 4389