tweet_id: 1697421723891544502
masto_id: 110987303741383608

n_iter: 598
ct: 232
hue_offset: 220
saturation: 0.99

num_attempts: 52
dur: 56
std: 21.71
size: 825040 (805.7 KiB)

xmin: 0.12302552624769625
xmax: 0.12373211518957931
ymin: 0.6537741160723993
ymax: 0.6541715723522086

contrast: 1.76
brightness: 0.08
saturation: 1.67
gamma: 1.03
gamma_r: 1.0
gamma_g: 1.06
gamma_b: 0.9
vignette: 17
temp: 2532