tweet_id: 1697655253586366679
masto_id: 110990952469762230

newton_power: 6
newton_const: -4

n_iter: 152
ct: 16
hue_offset: 191
saturation: -0.95

num_attempts: 80
dur: 600
std: 15.65
size: 619678 (605.15 KiB)

xmin: -0.326219018447365
xmax: -0.31369292241396207
ymin: -0.19048634374297313
ymax: -0.183440414724184

contrast: 1.37
brightness: 0.2
saturation: 0.93
gamma: 1.1
gamma_r: 1.1
gamma_g: 1.04
gamma_b: 0.9
vignette: 1
temp: 4865