tweet_id: 1694519606574985418
masto_id: 110941957965057874

n_iter: 570
ct: 172
hue_offset: 138
saturation: -0.09

num_attempts: 79
dur: 79
std: 88.45
size: 1023475 (999.49 KiB)

xmin: -0.3901502386992588
xmax: -0.38891184860637956
ymin: 0.5888465330915802
ymax: 0.5895431275188248

contrast: 1.0
brightness: 0.14
saturation: 0.54
gamma: 0.99
gamma_r: 0.94
gamma_g: 1.04
gamma_b: 0.99
vignette: 15
temp: 7934