tweet_id: 1697927072277037339
masto_id: 110995199752831623

newton_power: 4
newton_const: -5

n_iter: 222
ct: 111
hue_offset: 43
saturation: -0.25

num_attempts: 114
dur: 605
std: 6.93
size: 908746 (887.45 KiB)

xmin: 0.9607753320251629
xmax: 1.5062298774797083
ymin: -1.5414713164412506
ymax: -1.234653134623069

contrast: 1.12
brightness: -0.05
saturation: 0.26
gamma: 0.9
gamma_r: 0.9
gamma_g: 0.91
gamma_b: 1.04
vignette: -44
temp: 3018