tweet_id: 1692176141786960315
masto_id: 110905341334739946

n_iter: 173
ct: 221
hue_offset: 282
saturation: 0.67

num_attempts: 13
dur: 8
std: 25.54
size: 1953279 (1.86 MiB)

xmin: -0.6065705977001934
xmax: -0.5289843908036417
ymin: -0.7998799020385643
ymax: -0.7562376606592539

contrast: 1.17
brightness: 0.22
saturation: 1.16
gamma: 1.06
gamma_r: 0.95
gamma_g: 0.93
gamma_b: 0.98
vignette: -36
temp: 7339