tweet_id: 1697285436534649310
masto_id: 110985174234475394

n_iter: 709
ct: 202
hue_offset: 12
saturation: 0.43

num_attempts: 64
dur: 66
std: 61.21
size: 739506 (722.17 KiB)

xmin: -0.7589122677013374
xmax: -0.7483021881257406
ymin: -0.07833034969841846
ymax: -0.07236217993714525

contrast: 1.01
brightness: -0.06
saturation: 0.33
gamma: 1.06
gamma_r: 0.99
gamma_g: 0.97
gamma_b: 0.92
vignette: 19
temp: 2581