tweet_id: 1697500349894983885
masto_id: 110988532018465412

n_iter: 365
ct: 1
hue_offset: 212
saturation: 0.56

num_attempts: 369
dur: 605
std: 60.24
size: 306400 (299.22 KiB)

xmin: -0.12612792906484738
xmax: -0.12197424266817032
ymin: -0.809255585850263
ymax: -0.8069191372521322

contrast: 1.34
brightness: -0.07
saturation: 1.59
gamma: 1.02
gamma_r: 1.05
gamma_g: 0.91
gamma_b: 1.09
vignette: 2
temp: 2368