tweet_id: 1696235937473106142
masto_id: 110968775675721275

newton_power: 7
newton_const: -9

n_iter: 209
ct: 67
hue_offset: 1
saturation: -0.02

num_attempts: 76
dur: 611
std: 26.8
size: 1120666 (1.07 MiB)

xmin: 0.22564689119113623
xmax: 0.23385482552766154
ymin: 0.7973913628424145
ymax: 0.80200832590671

contrast: 0.82
brightness: 0.0
saturation: 0.7
gamma: 0.99
gamma_r: 1.04
gamma_g: 1.03
gamma_b: 1.06
vignette: -13
temp: 5230