tweet_id: 1698461589991526853
masto_id: 111003551495669432

n_iter: 281
ct: 243
hue_offset: 224
saturation: -0.71

num_attempts: 98
dur: 54
std: 57.15
size: 1083845 (1.03 MiB)

xmin: -0.08553465629113699
xmax: -0.08074996729592168
ymin: 0.6554591240649885
ymax: 0.6581505116247971

contrast: 1.55
brightness: 0.1
saturation: 1.24
gamma: 0.96
gamma_r: 0.93
gamma_g: 1.01
gamma_b: 1.08
vignette: -6
temp: 6191