tweet_id: 1693876154103398905
masto_id: 110931904005533894

n_iter: 621
ct: 255
hue_offset: 167
saturation: 0.7

num_attempts: 239
dur: 610
std: 90.44
size: 757807 (740.05 KiB)

xmin: -0.15351279799431694
xmax: -0.1466751911567101
ymin: -0.8311016305890347
ymax: -0.8272554767428809

contrast: 1.15
brightness: -0.02
saturation: 0.47
gamma: 1.05
gamma_r: 1.04
gamma_g: 0.91
gamma_b: 1.05
vignette: -3
temp: 5422