tweet_id: 1699074684413952500
masto_id: 111013131155054508

newton_power: 6
newton_const: -5

n_iter: 249
ct: 193
hue_offset: 355
saturation: -0.77

num_attempts: 79
dur: 602
std: 23.23
size: 1066562 (1.02 MiB)

xmin: 2.035497289903409
xmax: 2.222997289903409
ymin: 1.200386999376728
ymax: 1.305855749376728

contrast: 1.28
brightness: -0.04
saturation: 0.67
gamma: 1.04
gamma_r: 1.09
gamma_g: 0.95
gamma_b: 0.98
vignette: -8
temp: 3478