tweet_id: 1696175585389576421
masto_id: 110967832771355126

newton_power: 4
newton_const: 8

n_iter: 255
ct: 110
hue_offset: 268
saturation: 0.94

num_attempts: 124
dur: 601
std: 8.61
size: 827401 (808.01 KiB)

xmin: -1.2105235728637422
xmax: -1.185832214839051
ymin: 0.3930763554793262
ymax: 0.4069652443682151

contrast: 0.78
brightness: 0.21
saturation: 1.66
gamma: 0.98
gamma_r: 1.03
gamma_g: 0.99
gamma_b: 0.97
vignette: -26
temp: 5278