tweet_id: 1692994888650920265
masto_id: 110918134363318660

n_iter: 1022
ct: 183
hue_offset: 245
saturation: -0.46

num_attempts: 18
dur: 56
std: 90.79
size: 527048 (514.7 KiB)

xmin: -0.6058478533930036
xmax: -0.6051426347752321
ymin: 0.4130067064410632
ymax: 0.4134033919135597

contrast: 0.95
brightness: 0.05
saturation: 0.75
gamma: 0.96
gamma_r: 0.99
gamma_g: 1.04
gamma_b: 0.92
vignette: -26
temp: 6030