tweet_id: 1696507352751448200
masto_id: 110973016747180466

n_iter: 375
ct: 1
hue_offset: 354
saturation: 0.83

num_attempts: 399
dur: 605
std: 67.58
size: 1080794 (1.03 MiB)

xmin: 0.36193625405301466
xmax: 0.3725745519253551
ymin: -0.6450495008572916
ymax: -0.6390654583041001

contrast: 1.15
brightness: 0.13
saturation: 1.06
gamma: 0.95
gamma_r: 0.93
gamma_g: 1.09
gamma_b: 0.94
vignette: 10
temp: 2878