tweet_id: 1697111774242484239
masto_id: 110982460802293846

newton_power: 7
newton_const: -9

n_iter: 243
ct: 44
hue_offset: 341
saturation: 0.08

num_attempts: 69
dur: 602
std: 25.67
size: 1446892 (1.38 MiB)

xmin: 1.0366540086899434
xmax: 1.10332067535661
ymin: 0.272942435081879
ymax: 0.31044243508187896

contrast: 0.89
brightness: 0.01
saturation: 0.88
gamma: 1.08
gamma_r: 1.05
gamma_g: 0.94
gamma_b: 1.05
vignette: 21
temp: 2859