tweet_id: 1696144990723068201
masto_id: 110967354624978283

n_iter: 549
ct: 1
hue_offset: 162
saturation: 0.69

num_attempts: 287
dur: 601
std: 83.86
size: 1030671 (1006.51 KiB)

xmin: -0.5549556107710085
xmax: -0.5501363336625748
ymin: -0.359686490039846
ymax: -0.356975646666352

contrast: 1.46
brightness: 0.18
saturation: 0.67
gamma: 0.9
gamma_r: 0.94
gamma_g: 1.01
gamma_b: 0.97
vignette: 9
temp: 6775