tweet_id: 1698793604196581707
masto_id: 111008739267894962

n_iter: 502
ct: 151
hue_offset: 199
saturation: 0.92

num_attempts: 143
dur: 133
std: 43.99
size: 1148092 (1.09 MiB)

xmin: -1.386817773664735
xmax: -1.3859652587457238
ymin: -0.014070925617419183
ymax: -0.01359138597547545

contrast: 0.97
brightness: 0.12
saturation: 1.64
gamma: 1.01
gamma_r: 0.99
gamma_g: 1.06
gamma_b: 0.98
vignette: -41
temp: 5980