tweet_id: 1697741586937844174
masto_id: 110992301356921363

n_iter: 490
ct: 1
hue_offset: 108
saturation: -0.53

num_attempts: 304
dur: 607
std: 65.12
size: 469570 (458.56 KiB)

xmin: 0.2245446622796492
xmax: 0.2301784650965506
ymin: 1.058917016564613
ymax: 1.06208603064912

contrast: 1.33
brightness: 0.04
saturation: 1.67
gamma: 0.94
gamma_r: 0.91
gamma_g: 0.94
gamma_b: 0.91
vignette: 17
temp: 7396