tweet_id: 1696292079901511815
masto_id: 110969652937036274

n_iter: 276
ct: 1
hue_offset: 219
saturation: -0.65

num_attempts: 485
dur: 603
std: 54.34
size: 1412629 (1.35 MiB)

xmin: 0.15942886299564796
xmax: 0.16420783551655596
ymin: 0.8277789139009255
ymax: 0.8304670859439363

contrast: 1.06
brightness: 0.19
saturation: 0.92
gamma: 0.93
gamma_r: 1.0
gamma_g: 0.94
gamma_b: 1.07
vignette: -28
temp: 4394