tweet_id: 1692115866727408024
masto_id: 110904399545426913

n_iter: 378
ct: 59
hue_offset: 256
saturation: 0.69

num_attempts: 5
dur: 5
std: 29.35
size: 742714 (725.31 KiB)

xmin: -0.4159201340526204
xmax: 1.0840798659473796
ymin: -1.3951843273971396
ymax: -0.5514343273971396

contrast: 0.94
brightness: -0.05
saturation: 1.52
gamma: 0.92
gamma_r: 0.94
gamma_g: 0.92
gamma_b: 1.06
vignette: -23
temp: 3558