tweet_id: 1695974395238347181
masto_id: 110964689133778971

n_iter: 591
ct: 255
hue_offset: 107
saturation: -0.53

num_attempts: 236
dur: 609
std: 75.24
size: 1001217 (977.75 KiB)

xmin: 0.34646483614206414
xmax: 0.370274359951588
ymin: -0.6529794976334942
ymax: -0.6395866404906371

contrast: 1.02
brightness: 0.08
saturation: 0.92
gamma: 1.09
gamma_r: 0.99
gamma_g: 1.02
gamma_b: 1.06
vignette: 20
temp: 4958