tweet_id: 1697070241392595368
masto_id: 110981811670719588

n_iter: 425
ct: 123
hue_offset: 75
saturation: 0.54

num_attempts: 1
dur: 3
std: 61.07
size: 1225959 (1.17 MiB)

xmin: -0.6737130101397546
xmax: -0.528551719817174
ymin: -0.7611826900487646
ymax: -0.679529464242313

contrast: 1.37
brightness: 0.17
saturation: 1.06
gamma: 1.08
gamma_r: 1.09
gamma_g: 0.99
gamma_b: 0.96
vignette: 22
temp: 7631