tweet_id: 1698198844117340362
masto_id: 110999446109536893

newton_power: 5
newton_const: -1

n_iter: 87
ct: 9
hue_offset: 75
saturation: -0.61

num_attempts: 107
dur: 609
std: 12.2
size: 1088439 (1.04 MiB)

xmin: 2.6922322763475792
xmax: 2.7225353066506095
ymin: 1.6413304859558138
ymax: 1.6583759405012684

contrast: 1.7
brightness: -0.08
saturation: 1.37
gamma: 0.94
gamma_r: 1.04
gamma_g: 1.02
gamma_b: 1.05
vignette: -27
temp: 3722