tweet_id: 1691822630607741106
masto_id: FAIL

n_iter: 636
ct: 1
hue_offset: 174
saturation: -0.85

num_attempts: 337
dur: 611
std: 72.31
size: 1155208 (1.1 MiB)

xmin: 0.1805766571308367
xmax: 0.1918760921590853
ymin: 1.04927961713409
ymax: 1.0556355493374798

contrast: 0.82
brightness: 0.1
saturation: 1.52
gamma: 1.06
gamma_r: 0.91
gamma_g: 0.9
gamma_b: 1.03
vignette: 30
temp: 4602