tweet_id: 1693420847598379246
masto_id: 110924789946156675

n_iter: 385
ct: 163
hue_offset: 109
saturation: 0.33

num_attempts: 1
dur: 2
std: 24.25
size: 491369 (479.85 KiB)

xmin: -1.4227479329884651
xmax: 0.8272520670115349
ymin: -0.9110764875662725
ymax: 0.35454851243372754

contrast: 0.75
brightness: -0.08
saturation: 0.52
gamma: 1.01
gamma_r: 1.08
gamma_g: 1.02
gamma_b: 1.02
vignette: 11
temp: 2391