tweet_id: 1693058898335350817
masto_id: 110919134357161260

n_iter: 426
ct: 111
hue_offset: 333
saturation: 0.06

num_attempts: 17
dur: 7
std: 31.56
size: 160703 (156.94 KiB)

xmin: -1.1466978989644254
xmax: -0.5841978989644254
ymin: -0.5555577255568818
ymax: -0.23915147555688177

contrast: 1.46
brightness: 0.08
saturation: 1.17
gamma: 0.99
gamma_r: 0.92
gamma_g: 0.91
gamma_b: 1.08
vignette: 0
temp: 5243