tweet_id: 1693783242762080705
masto_id: 110930452268650424

n_iter: 275
ct: 249
hue_offset: 324
saturation: 0.17

num_attempts: 4
dur: 1
std: 37.29
size: 1892691 (1.81 MiB)

xmin: -0.2963250815290084
xmax: -0.24945008152900838
ymin: -1.0321635620923
ymax: -1.0057963745923

contrast: 1.51
brightness: -0.08
saturation: 1.12
gamma: 0.99
gamma_r: 1.03
gamma_g: 0.98
gamma_b: 1.06
vignette: 12
temp: 5897