tweet_id: 1697012405237068107
masto_id: 110980908085840787

n_iter: 289
ct: 168
hue_offset: 17
saturation: -0.67

num_attempts: 33
dur: 16
std: 15.38
size: 897376 (876.34 KiB)

xmin: -0.24278782172146496
xmax: -0.24196882090246413
ymin: 0.7435243569677097
ymax: 0.7439850449283977

contrast: 1.69
brightness: 0.21
saturation: 0.47
gamma: 1.06
gamma_r: 1.06
gamma_g: 1.0
gamma_b: 0.99
vignette: -21
temp: 4383