tweet_id: 1692578135370350866
masto_id: 110911622569192946

n_iter: 579
ct: 255
hue_offset: 59
saturation: -0.07

num_attempts: 164
dur: 603
std: 79.62
size: 502246 (490.47 KiB)

xmin: -0.5464314058915059
xmax: -0.5376594760669444
ymin: -0.23117458626892096
ymax: -0.22624037574260517

contrast: 1.39
brightness: 0.03
saturation: 0.58
gamma: 0.95
gamma_r: 0.99
gamma_g: 1.06
gamma_b: 0.94
vignette: 22
temp: 5162