tweet_id: 1699244563104231513
masto_id: 111015785368807966

n_iter: 455
ct: 195
hue_offset: 181
saturation: -0.79

num_attempts: 16
dur: 24
std: 71.26
size: 2231425 (2.13 MiB)

xmin: 0.04581610332067143
xmax: 0.12914943665400475
ymin: -1.125660397682338
ymax: -1.078785397682338

contrast: 1.16
brightness: 0.11
saturation: 1.38
gamma: 1.07
gamma_r: 0.91
gamma_g: 0.92
gamma_b: 0.94
vignette: -30
temp: 5116