tweet_id: 1697522170497560720
masto_id: 110988873045632585

n_iter: 204
ct: 207
hue_offset: 7
saturation: -0.2

num_attempts: 12
dur: 6
std: 27.45
size: 1447803 (1.38 MiB)

xmin: -0.7000011683129945
xmax: -0.3785725968844231
ymin: -1.1208357656603103
ymax: -0.9400321942317389

contrast: 0.8
brightness: 0.15
saturation: 0.79
gamma: 0.95
gamma_r: 0.94
gamma_g: 0.99
gamma_b: 1.03
vignette: -22
temp: 5043