tweet_id: 1691996053262807307
masto_id: 110902527486427976

n_iter: 384
ct: 173
hue_offset: 329
saturation: -0.79

num_attempts: 7
dur: 5
std: 32.55
size: 893411 (872.47 KiB)

xmin: -1.4530611693100033
xmax: -0.3280611693100033
ymin: -1.4072001793246747
ymax: -0.7743876793246747

contrast: 1.21
brightness: -0.07
saturation: 0.34
gamma: 1.06
gamma_r: 0.99
gamma_g: 0.98
gamma_b: 1.04
vignette: -13
temp: 5085