tweet_id: 1695722558484582461
masto_id: 110960754167724302

newton_power: 4
newton_const: 6

n_iter: 203
ct: 55
hue_offset: 140
saturation: -0.2

num_attempts: 131
dur: 602
std: 6.27
size: 679255 (663.33 KiB)

xmin: -0.05468138887785878
xmax: -0.04348735902711252
ymin: 1.0792425991408763
ymax: 1.0855392409319211

contrast: 1.25
brightness: 0.08
saturation: 0.77
gamma: 1.02
gamma_r: 0.96
gamma_g: 1.01
gamma_b: 1.06
vignette: -5
temp: 5293