tweet_id: 1692936083103752438
masto_id: 110917215470341606

n_iter: 159
ct: 144
hue_offset: 302
saturation: -0.67

num_attempts: 68
dur: 27
std: 43.07
size: 1190819 (1.14 MiB)

xmin: -0.23461543252770456
xmax: -0.23381350790861877
ymin: -0.747761435324813
ymax: -0.7473103527265772

contrast: 1.06
brightness: -0.01
saturation: 1.0
gamma: 0.96
gamma_r: 1.05
gamma_g: 0.97
gamma_b: 0.93
vignette: -10
temp: 5045