tweet_id: 1697189360804749660
masto_id: 110983672875975339

n_iter: 461
ct: 236
hue_offset: 330
saturation: 0.43

num_attempts: 4
dur: 3
std: 58.78
size: 722764 (705.82 KiB)

xmin: -1.1517433897523404
xmax: -1.0333223371207614
ymin: -0.45255524373978195
ymax: -0.3859434016345188

contrast: 1.61
brightness: 0.12
saturation: 0.53
gamma: 0.94
gamma_r: 1.06
gamma_g: 0.9
gamma_b: 0.99
vignette: -35
temp: 2146