tweet_id: 1697258441306423508
masto_id: 110984752370981867

n_iter: 363
ct: 1
hue_offset: 305
saturation: -0.69

num_attempts: 348
dur: 601
std: 71.94
size: 1218568 (1.16 MiB)

xmin: -0.36288701183303185
xmax: -0.35888701183303184
ymin: -0.6574551805088651
ymax: -0.6552051805088651

contrast: 1.35
brightness: 0.21
saturation: 0.49
gamma: 1.08
gamma_r: 1.1
gamma_g: 1.03
gamma_b: 1.06
vignette: -24
temp: 6283