tweet_id: 1693487852103897249
masto_id: 110925836897191390

newton_power: 3
newton_const: -1

n_iter: 223
ct: 81
hue_offset: 294
saturation: 0.19

num_attempts: 285
dur: 600
std: 4.23
size: 980117 (957.15 KiB)

xmin: -0.43271910749711884
xmax: -0.4243039602320417
ymin: -0.1926993368292209
ymax: -0.187965816492615

contrast: 1.09
brightness: 0.07
saturation: 1.11
gamma: 0.92
gamma_r: 1.07
gamma_g: 1.04
gamma_b: 1.01
vignette: -38
temp: 7953