tweet_id: 1698526713217466515
masto_id: 111004568950033533

n_iter: 574
ct: 255
hue_offset: 32
saturation: 0.79

num_attempts: 254
dur: 603
std: 54.66
size: 839367 (819.69 KiB)

xmin: -0.5957796617902598
xmax: -0.5901219531622541
ymin: 0.5901711385624644
ymax: 0.5933535996657175

contrast: 1.78
brightness: 0.19
saturation: 1.23
gamma: 0.95
gamma_r: 1.07
gamma_g: 1.0
gamma_b: 0.94
vignette: 32
temp: 6699