tweet_id: 1692392274007867500
masto_id: 110908718368741888

n_iter: 961
ct: 9
hue_offset: 310
saturation: 0.13

num_attempts: 53
dur: 108
std: 159.0
size: 616531 (602.08 KiB)

xmin: -0.7760396419041209
xmax: -0.7754474879440912
ymin: -0.11073479977273637
ymax: -0.11040171317021971

contrast: 1.42
brightness: 0.12
saturation: 1.45
gamma: 1.01
gamma_r: 0.96
gamma_g: 0.95
gamma_b: 0.93
vignette: -32
temp: 2973