tweet_id: 1692029877749162243
masto_id: 110903055862953270

n_iter: 358
ct: 127
hue_offset: 62
saturation: -0.4

num_attempts: 96
dur: 93
std: 18.51
size: 31214 (30.48 KiB)

xmin: -1.0588064964829418
xmax: -1.0530676155647207
ymin: -0.2536027049506302
ymax: -0.2503745844341309

contrast: 1.74
brightness: 0.06
saturation: 1.1
gamma: 0.99
gamma_r: 0.97
gamma_g: 1.03
gamma_b: 0.93
vignette: -6
temp: 3657