tweet_id: 1692632450491462131
masto_id: 110912471261195982

n_iter: 706
ct: 48
hue_offset: 141
saturation: -0.89

num_attempts: 1
dur: 1
std: 74.25
size: 1243312 (1.19 MiB)

xmin: -0.2482068900566552
xmax: -0.18666842851819365
ymin: 0.645040055658826
ymax: 0.6796554402742107

contrast: 1.46
brightness: 0.03
saturation: 1.39
gamma: 0.94
gamma_r: 1.03
gamma_g: 0.97
gamma_b: 0.97
vignette: -36
temp: 3819