tweet_id: 1698552489040048522
masto_id: 111004971927689439

n_iter: 204
ct: 237
hue_offset: 40
saturation: 0.34

num_attempts: 31
dur: 10
std: 18.69
size: 877447 (856.88 KiB)

xmin: 0.42464245943780776
xmax: 0.4258593745579781
ymin: -0.20689130568439984
ymax: -0.206206790929304

contrast: 1.34
brightness: 0.16
saturation: 1.74
gamma: 1.09
gamma_r: 0.94
gamma_g: 0.99
gamma_b: 0.99
vignette: -12
temp: 2657