tweet_id: 1696502987508551853
masto_id: 110972948511228727

n_iter: 776
ct: 255
hue_offset: 353
saturation: -0.73

num_attempts: 76
dur: 95
std: 37.2
size: 832650 (813.13 KiB)

xmin: -0.12637983660670926
xmax: -0.12588120783582918
ymin: 0.8815890226276135
ymax: 0.8818695013112335

contrast: 1.59
brightness: 0.03
saturation: 0.71
gamma: 1.0
gamma_r: 0.92
gamma_g: 0.91
gamma_b: 1.03
vignette: 17
temp: 2255