tweet_id: 1698186158650404952
masto_id: 110999247882983730

n_iter: 425
ct: 63
hue_offset: 80
saturation: 0.92

num_attempts: 16
dur: 10
std: 69.26
size: 1958674 (1.87 MiB)

xmin: -1.428288932053218
xmax: -1.278288932053218
ymin: -0.30001301754410714
ymax: -0.21563801754410716

contrast: 0.94
brightness: 0.18
saturation: 0.31
gamma: 0.94
gamma_r: 0.95
gamma_g: 1.06
gamma_b: 0.94
vignette: 29
temp: 4419