tweet_id: 1697769308883996792
masto_id: 110992734620203560

n_iter: 168
ct: 62
hue_offset: 250
saturation: -0.33

num_attempts: 2
dur: 2
std: 23.07
size: 1306368 (1.25 MiB)

xmin: 0.08765216429173472
xmax: 0.16800930714887757
ymin: -1.1175352872725415
ymax: -1.0723343944153987

contrast: 1.23
brightness: 0.09
saturation: 1.3
gamma: 0.99
gamma_r: 1.01
gamma_g: 0.93
gamma_b: 0.95
vignette: -41
temp: 7631