tweet_id: 1697594301994156056
masto_id: 110990000308459713

n_iter: 398
ct: 255
hue_offset: 243
saturation: -0.01

num_attempts: 295
dur: 607
std: 55.18
size: 1201972 (1.15 MiB)

xmin: 0.1197748360069184
xmax: 0.12400316581664357
ymin: -0.7674850003499393
ymax: -0.7651065648319688

contrast: 1.51
brightness: 0.08
saturation: 1.39
gamma: 1.05
gamma_r: 1.02
gamma_g: 1.06
gamma_b: 0.98
vignette: -31
temp: 3562