tweet_id: 1692333718357340163
masto_id: 110907803499264164

n_iter: 512
ct: 83
hue_offset: 43
saturation: -0.27

num_attempts: 43
dur: 32
std: 80.25
size: 1403004 (1.34 MiB)

xmin: -1.262822620185398
xmax: -1.1530665226244223
ymin: -0.36902637590867626
ymax: -0.30728857103062746

contrast: 1.27
brightness: 0.11
saturation: 0.78
gamma: 1.02
gamma_r: 1.01
gamma_g: 0.97
gamma_b: 0.91
vignette: 22
temp: 7082