tweet_id: 1698591526102741118
masto_id: 111005581837505887

newton_power: 6
newton_const: -10

n_iter: 213
ct: 227
hue_offset: 46
saturation: 0.56

num_attempts: 63
dur: 601
std: 16.38
size: 906862 (885.61 KiB)

xmin: 0.19924254997470126
xmax: 0.3146271653593167
ymin: 1.081254245427814
ymax: 1.1461580915816603

contrast: 1.02
brightness: 0.12
saturation: 1.09
gamma: 0.95
gamma_r: 0.91
gamma_g: 0.92
gamma_b: 0.98
vignette: 9
temp: 3372