tweet_id: 1698522886665887817
masto_id: 111004509320756476

n_iter: 278
ct: 180
hue_offset: 316
saturation: 0.97

num_attempts: 18
dur: 8
std: 33.27
size: 1062054 (1.01 MiB)

xmin: -1.0487205549097944
xmax: -1.047549251835124
ymin: -0.25312065559645525
ymax: -0.25246179761695303

contrast: 1.15
brightness: 0.19
saturation: 1.4
gamma: 0.94
gamma_r: 1.1
gamma_g: 0.92
gamma_b: 0.98
vignette: -24
temp: 7120