tweet_id: 1699187613180047573
masto_id: 111014895637385132

n_iter: 603
ct: 41
hue_offset: 144
saturation: 0.53

num_attempts: 178
dur: 280
std: 15.4
size: 973857 (951.03 KiB)

xmin: -0.2166958967910202
xmax: -0.2148892120575062
ymin: -0.8273773550852839
ymax: -0.8263610949226823

contrast: 1.17
brightness: 0.18
saturation: 1.68
gamma: 0.93
gamma_r: 0.92
gamma_g: 1.05
gamma_b: 0.9
vignette: -22
temp: 4729