tweet_id: 1696918085385535735
masto_id: FAIL

n_iter: 512
ct: 225
hue_offset: 235
saturation: -0.08

num_attempts: 31
dur: 33
std: 34.57
size: 938959 (916.95 KiB)

xmin: -1.1109868299542478
xmax: 1.1390131700457522
ymin: -1.8581430420855691
ymax: -0.5925180420855691

contrast: 0.77
brightness: 0.14
saturation: 0.62
gamma: 1.09
gamma_r: 1.02
gamma_g: 0.97
gamma_b: 0.93
vignette: -47
temp: 4476