tweet_id: 1698802843166146883
masto_id: 111008883613800903

newton_power: 4
newton_const: -5

n_iter: 187
ct: 222
hue_offset: 346
saturation: 0.62

num_attempts: 111
dur: 600
std: 7.22
size: 837687 (818.05 KiB)

xmin: -2.4231289364719
xmax: -2.408843222186186
ymin: 1.8235814582330736
ymax: 1.831617172518788

contrast: 0.93
brightness: -0.03
saturation: 0.58
gamma: 1.0
gamma_r: 1.1
gamma_g: 1.03
gamma_b: 1.1
vignette: -47
temp: 7521