tweet_id: 1696469505256386587
masto_id: 110972425268298658

n_iter: 550
ct: 55
hue_offset: 112
saturation: -0.02

num_attempts: 43
dur: 61
std: 88.72
size: 1541366 (1.47 MiB)

xmin: -1.2240569353030493
xmax: -1.2235271339785458
ymin: -0.12030332822315337
ymax: -0.12000531497812025

contrast: 1.59
brightness: 0.15
saturation: 1.38
gamma: 1.09
gamma_r: 0.92
gamma_g: 1.05
gamma_b: 1.01
vignette: 33
temp: 5263