tweet_id: 1697611993375498567
masto_id: 110990276539545150

n_iter: 384
ct: 71
hue_offset: 93
saturation: 0.04

num_attempts: 12
dur: 3
std: 29.71
size: 1284411 (1.22 MiB)

xmin: -0.676550387077089
xmax: -0.47200493253163445
ymin: -1.0616831439760297
ymax: -0.9466263257942115

contrast: 0.99
brightness: 0.21
saturation: 0.33
gamma: 1.07
gamma_r: 0.98
gamma_g: 1.0
gamma_b: 0.98
vignette: -17
temp: 2099