tweet_id: 1692245392308510940
masto_id: 110906423436051575

n_iter: 333
ct: 255
hue_offset: 106
saturation: 0.19

num_attempts: 456
dur: 605
std: 59.04
size: 1289282 (1.23 MiB)

xmin: -0.23472560646981488
xmax: -0.22657896695861326
ymin: 0.7234396230709557
ymax: 0.7280221077960066

contrast: 1.31
brightness: 0.04
saturation: 1.4
gamma: 0.99
gamma_r: 0.94
gamma_g: 1.04
gamma_b: 0.99
vignette: 32
temp: 7853