tweet_id: 1692780611528757293
masto_id: 110914786164298237

n_iter: 324
ct: 60
hue_offset: 177
saturation: 0.18

num_attempts: 19
dur: 17
std: 41.56
size: 1979269 (1.89 MiB)

xmin: -0.6229061331628394
xmax: -0.4272539592497959
ymin: -0.9837348991847255
ymax: -0.8736805513586385

contrast: 1.34
brightness: 0.11
saturation: 1.67
gamma: 1.01
gamma_r: 1.0
gamma_g: 0.95
gamma_b: 1.02
vignette: 28
temp: 7426