tweet_id: 1692310046330228934
masto_id: 110907433667517134

newton_power: 5
newton_const: -4

n_iter: 240
ct: 229
hue_offset: 352
saturation: -0.93

num_attempts: 120
dur: 604
std: 10.63
size: 1186067 (1.13 MiB)

xmin: -0.5361857180854797
xmax: -0.5130196949194565
ymin: -0.87634444873501
ymax: -0.863313560704122

contrast: 1.03
brightness: -0.03
saturation: 1.73
gamma: 1.04
gamma_r: 1.0
gamma_g: 1.09
gamma_b: 1.07
vignette: -26
temp: 3352