tweet_id: 1726915904280080739
masto_id: 111448150133936363
subre_id: Not uploaded, but here's the text: Chin up, buttercup!  #Fractals #Mathematics

n_iter: 487
ct: 255
hue_offset: 150
saturation: 0.21

num_attempts: 555
dur: 600
std: 43.62
size: 571476 (558.08 KiB)

xmin: 0.470986745426925
xmax: 0.48401606138783704
ymin: -0.05228218848940469
ymax: -0.04495319826139166

contrast: 1.1
brightness: 0.06
saturation: 0.7
gamma: 1.02
gamma_r: 0.92
gamma_g: 0.95
gamma_b: 0.97
vignette: 2
temp: 3807