tweet_id: 1725998982642409972
masto_id: 111433823405849555
subre_id: Not uploaded, but here's the text: Hey there, it's Saturday!  #Nature #Art

n_iter: 141
ct: 106
hue_offset: 199
saturation: 0.11

num_attempts: 77
dur: 14
std: 21.68
size: 927490 (905.75 KiB)

xmin: -1.537683850583768
xmax: -1.419262797952189
ymin: -0.24695878969740614
ymax: -0.18034694759214298

contrast: 1.3
brightness: 0.03
saturation: 0.56
gamma: 0.92
gamma_r: 0.98
gamma_g: 1.03
gamma_b: 1.03
vignette: 12
temp: 6815