tweet_id: 1724463205479575873
masto_id: 111409826684521068
subre_id: Not uploaded, but here's the text: Happy Tuesday!  #AI #Nature

n_iter: 606
ct: 65
hue_offset: 237
saturation: 0.97

num_attempts: 74
dur: 35
std: 34.29
size: 1121018 (1.07 MiB)

xmin: -0.6586895175156489
xmax: -0.6567599468451231
ymin: 0.435688323785278
ymax: 0.43677370728744874

contrast: 1.75
brightness: 0.22
saturation: 1.36
gamma: 1.06
gamma_r: 1.06
gamma_g: 1.03
gamma_b: 0.94
vignette: 4
temp: 7945