tweet_id: 1726548183881589149
masto_id: 111442404567972580
subre_id: Not uploaded, but here's the text: Have an awesome day!  #MachineLearning #Nature

n_iter: 678
ct: 214
hue_offset: 88
saturation: -0.08

num_attempts: 7
dur: 7
std: 24.08
size: 692636 (676.4 KiB)

xmin: -0.03485177933073036
xmax: -0.03220977140470658
ymin: -0.6909770866124234
ymax: -0.6894909571540351

contrast: 0.98
brightness: 0.01
saturation: 1.27
gamma: 0.95
gamma_r: 1.02
gamma_g: 1.0
gamma_b: 0.91
vignette: -10
temp: 2270