tweet_id: 1722707630706053397
masto_id: 111382395913202976
subre_id: Not uploaded, but here's the text: you're awesome!  #VisualArt #Programming

n_iter: 185
ct: 10
hue_offset: 358
saturation: -0.71

num_attempts: 7
dur: 2
std: 30.74
size: 1855471 (1.77 MiB)

xmin: -0.38425354237409337
xmax: -0.24362854237409337
ymin: -0.9687428029449412
ymax: -0.8896412404449412

contrast: 1.75
brightness: 0.13
saturation: 1.05
gamma: 1.1
gamma_r: 0.95
gamma_g: 1.05
gamma_b: 1.0
vignette: 30
temp: 3266