tweet_id: 1724282179457261595
masto_id: 111406998250961202
subre_id: Not uploaded, but here's the text: you are awesome.  #Nature #AI

n_iter: 836
ct: 233
hue_offset: 272
saturation: 0.49

num_attempts: 1
dur: 0
std: 41.05
size: 603613 (589.47 KiB)

xmin: 0.2621543903459784
xmax: 0.2627042185246726
ymin: 0.4898155669446884
ymax: 0.4901248452952039

contrast: 1.18
brightness: 0.2
saturation: 0.56
gamma: 0.92
gamma_r: 0.93
gamma_g: 1.06
gamma_b: 1.02
vignette: -12
temp: 7705