tweet_id: 1722786873544765758
masto_id: 111383634225863591
subre_id: Not uploaded, but here's the text: Wishing you the best!  #Nature #VisualArt

n_iter: 579
ct: 200
hue_offset: 309
saturation: 0.0

num_attempts: 83
dur: 26
std: 35.22
size: 977686 (954.77 KiB)

xmin: -0.6568508797293382
xmax: -0.6545198773983358
ymin: -0.41044883239683827
ymax: -0.40913764358564947

contrast: 0.92
brightness: -0.1
saturation: 1.16
gamma: 1.07
gamma_r: 0.93
gamma_g: 1.04
gamma_b: 1.08
vignette: -25
temp: 4277