tweet_id: 1724522775350829247
masto_id: 111410757512774107
subre_id: Not uploaded, but here's the text: Smile on this lovely day!  #Math #Programming

n_iter: 755
ct: 87
hue_offset: 114
saturation: 0.52

num_attempts: 39
dur: 25
std: 33.55
size: 491500 (479.98 KiB)

xmin: -0.8498298812484117
xmax: -0.4053854368039673
ymin: -0.3374946138163708
ymax: -0.0874946138163708

contrast: 1.17
brightness: 0.22
saturation: 1.63
gamma: 0.92
gamma_r: 0.99
gamma_g: 0.95
gamma_b: 1.09
vignette: 6
temp: 4424