tweet_id: 1723561730062909670
masto_id: 111395741124455716
subre_id: Not uploaded, but here's the text: Wishing you a rad Sunday!  #AI #Fractals

n_iter: 358
ct: 255
hue_offset: 230
saturation: 0.21

num_attempts: 597
dur: 601
std: 61.22
size: 681687 (665.71 KiB)

xmin: 0.08847170426936479
xmax: 0.09420236329515276
ymin: -0.791999634016973
ymax: -0.7887761383149673

contrast: 1.69
brightness: 0.1
saturation: 1.69
gamma: 1.07
gamma_r: 0.95
gamma_g: 0.99
gamma_b: 1.03
vignette: -14
temp: 6533