tweet_id: 1727932679776002227
masto_id: 111464037225600036
subre_id: Not uploaded, but here's the text: Chin up, buttercup!  #Art #AI

n_iter: 244
ct: 146
hue_offset: 308
saturation: -0.89

num_attempts: 6
dur: 1
std: 20.13
size: 471607 (460.55 KiB)

xmin: -2.0266519175459345
xmax: 0.22334808245406546
ymin: -1.0447579716890667
ymax: 0.2208670283109333

contrast: 1.29
brightness: 0.0
saturation: 0.58
gamma: 0.99
gamma_r: 1.01
gamma_g: 0.93
gamma_b: 1.09
vignette: -7
temp: 3776