tweet_id: 1726517666020729104
masto_id: 111441927735222239
subre_id: Not uploaded, but here's the text: you are fantastic!  #DigitalArt #DeepLearning

n_iter: 479
ct: 65
hue_offset: 255
saturation: 0.1

num_attempts: 8
dur: 4
std: 17.19
size: 743983 (726.55 KiB)

xmin: 0.15242868322362657
xmax: 0.15299309693887986
ymin: 0.6221832430901266
ymax: 0.6225007258049566

contrast: 1.3
brightness: 0.17
saturation: 0.91
gamma: 1.09
gamma_r: 1.09
gamma_g: 0.93
gamma_b: 0.94
vignette: -23
temp: 2184