tweet_id: 1725849432002887717
masto_id: 111431486421101962
subre_id: Not uploaded, but here's the text: you are cool  #Programming #Mathematics

n_iter: 246
ct: 179
hue_offset: 199
saturation: 0.68

num_attempts: 12
dur: 3
std: 39.33
size: 1797335 (1.71 MiB)

xmin: -1.3991906280606665
xmax: -1.2585656280606665
ymin: -0.3649099915394636
ymax: -0.2858084290394636

contrast: 1.25
brightness: 0.09
saturation: 0.43
gamma: 0.99
gamma_r: 1.05
gamma_g: 0.97
gamma_b: 1.04
vignette: -16
temp: 2880