tweet_id: 1729442172796125348
masto_id: 111487623026897208
subre_id: Not uploaded, but here's the text: How's your day?  #AI #MachineLearning

n_iter: 367
ct: 201
hue_offset: 25
saturation: 0.5

num_attempts: 3
dur: 1
std: 68.79
size: 989209 (966.02 KiB)

xmin: 0.6439543890216068
xmax: 0.6988324378020947
ymin: -1.1337499367789656
ymax: -1.1028810343399413

contrast: 1.42
brightness: 0.06
saturation: 0.52
gamma: 1.03
gamma_r: 1.09
gamma_g: 1.04
gamma_b: 0.97
vignette: 0
temp: 4028