tweet_id: 1728691043543990601
masto_id: 111475886658179060
subre_id: Not uploaded, but here's the text: you are cool  #DigitalArt #Mathematics

n_iter: 1010
ct: 199
hue_offset: 327
saturation: 0.46

num_attempts: 14
dur: 6
std: 176.09
size: 1205049 (1.15 MiB)

xmin: -0.3443598898100406
xmax: -0.34383120886898855
ymin: 0.6127891307649642
ymax: 0.613086513794306

contrast: 1.75
brightness: 0.04
saturation: 0.51
gamma: 0.96
gamma_r: 0.91
gamma_g: 1.0
gamma_b: 1.08
vignette: 2
temp: 6698