tweet_id: 1724286492431024631
masto_id: 111407065600474541
subre_id: Not uploaded, but here's the text: Wishing you the best!  #DigitalArt #Programming

n_iter: 376
ct: 1
hue_offset: 122
saturation: 0.57

num_attempts: 525
dur: 601
std: 68.95
size: 1486444 (1.42 MiB)

xmin: -0.5178431883435328
xmax: -0.512977008294871
ymin: -0.44949564579299106
ymax: -0.4467584195156188

contrast: 1.0
brightness: 0.16
saturation: 1.6
gamma: 1.06
gamma_r: 0.93
gamma_g: 1.04
gamma_b: 1.06
vignette: -18
temp: 4530