tweet_id: 1725125133306650693
masto_id: 111420169417583678
subre_id: Not uploaded, but here's the text: Enjoy your Thursday!  #Science #Fractals

n_iter: 460
ct: 118
hue_offset: 284
saturation: 0.57

num_attempts: 8
dur: 1
std: 21.98
size: 1632684 (1.56 MiB)

xmin: -0.9815038522573962
xmax: -0.8315038522573962
ymin: -0.8771608261555375
ymax: -0.7927858261555375

contrast: 1.75
brightness: -0.08
saturation: 1.3
gamma: 1.02
gamma_r: 0.91
gamma_g: 1.01
gamma_b: 1.03
vignette: 19
temp: 2966