tweet_id: 1727519448150491160
masto_id: 111457580532663623
subre_id: Not uploaded, but here's the text: you are fantastic!  #Science #VisualArt

n_iter: 594
ct: 255
hue_offset: 13
saturation: 0.96

num_attempts: 398
dur: 608
std: 60.0
size: 945191 (923.04 KiB)

xmin: 0.5309160655109668
xmax: 0.5353803512252525
ymin: 0.13102799820478594
ymax: 0.13353915891907167

contrast: 0.76
brightness: -0.09
saturation: 1.41
gamma: 0.99
gamma_r: 1.04
gamma_g: 0.91
gamma_b: 1.09
vignette: 14
temp: 5922