tweet_id: 1728484115110903828
masto_id: 111472653386974600
subre_id: Not uploaded, but here's the text: Enjoy your Saturday!  #DigitalArt #Art

n_iter: 631
ct: 255
hue_offset: 281
saturation: 0.75

num_attempts: 403
dur: 606
std: 74.71
size: 419058 (409.24 KiB)

xmin: 0.580458464848379
xmax: 0.585040366337497
ymin: 0.5893800303966539
ymax: 0.5919573499842827

contrast: 1.05
brightness: -0.06
saturation: 0.99
gamma: 0.94
gamma_r: 1.02
gamma_g: 0.97
gamma_b: 0.97
vignette: -19
temp: 4882