tweet_id: 1727608654268948564
masto_id: 111458974430018097
subre_id: Not uploaded, but here's the text: you're awesome!  #Art #AI

n_iter: 330
ct: 1
hue_offset: 216
saturation: -0.19

num_attempts: 595
dur: 603
std: 59.91
size: 1434133 (1.37 MiB)

xmin: 0.5470048574819955
xmax: 0.5552864309809603
ymin: 0.3272200444586153
ymax: 0.331878429551783

contrast: 0.79
brightness: 0.16
saturation: 0.51
gamma: 1.07
gamma_r: 1.01
gamma_g: 0.93
gamma_b: 0.96
vignette: -35
temp: 5434