tweet_id: 1726854183641378829
masto_id: 111447185720569559
subre_id: Not uploaded, but here's the text: Hey there, it's Tuesday!  #AI #Fractals

n_iter: 457
ct: 255
hue_offset: 138
saturation: -0.69

num_attempts: 569
dur: 601
std: 64.29
size: 918248 (896.73 KiB)

xmin: -0.49590964048045305
xmax: -0.48839084348797185
ymin: -0.0783354118885311
ymax: -0.07410608858026042

contrast: 1.72
brightness: 0.18
saturation: 0.53
gamma: 0.99
gamma_r: 1.07
gamma_g: 1.05
gamma_b: 0.93
vignette: 22
temp: 3982