tweet_id: 1728588089923363170
masto_id: 111474278236240943
subre_id: Not uploaded, but here's the text: Chin up, lovely humans!  #Art #VisualArt

n_iter: 956
ct: 29
hue_offset: 339
saturation: 0.82

num_attempts: 18
dur: 17
std: 20.66
size: 1007020 (983.42 KiB)

xmin: -0.695433672870879
xmax: -0.6950200224055222
ymin: 0.37728449365023486
ymax: 0.377517172036998

contrast: 1.44
brightness: 0.07
saturation: 1.45
gamma: 0.93
gamma_r: 0.96
gamma_g: 0.96
gamma_b: 1.03
vignette: 26
temp: 3486