tweet_id: 1726845520943964596
masto_id: 111447050435405303
subre_id: Not uploaded, but here's the text: Feeling good today!  #AI #Nature

n_iter: 396
ct: 78
hue_offset: 327
saturation: -0.74

num_attempts: 4
dur: 0
std: 42.23
size: 2037153 (1.94 MiB)

xmin: -0.6844060434956758
xmax: -0.6365337030701439
ymin: -0.873108083791666
ymax: -0.8461798923023044

contrast: 1.01
brightness: 0.21
saturation: 1.72
gamma: 0.95
gamma_r: 0.91
gamma_g: 0.91
gamma_b: 1.08
vignette: -13
temp: 3268