tweet_id: 1722652314018660479
masto_id: 111381531595633661
subre_id: Not uploaded, but here's the text: Keep smiling!  #AI #MachineLearning

n_iter: 736
ct: 164
hue_offset: 141
saturation: 0.3

num_attempts: 11
dur: 22
std: 40.64
size: 892131 (871.22 KiB)

xmin: 0.2674901762822257
xmax: 0.3605134320961792
ymin: -0.568591978355317
ymax: -0.5162663969599682

contrast: 1.06
brightness: 0.22
saturation: 1.08
gamma: 1.03
gamma_r: 1.04
gamma_g: 1.03
gamma_b: 1.04
vignette: -29
temp: 7775