tweet_id: 1727699054904111508
masto_id: 111460386866737139
subre_id: Not uploaded, but here's the text: Thursday vibes!  #Mathematics #Fractals

n_iter: 371
ct: 255
hue_offset: 303
saturation: -0.4

num_attempts: 542
dur: 604
std: 69.03
size: 1465840 (1.4 MiB)

xmin: -0.5503845812064969
xmax: -0.5451897760116917
ymin: -0.2231752205525055
ymax: -0.22025314263042758

contrast: 0.97
brightness: 0.07
saturation: 0.81
gamma: 0.96
gamma_r: 0.93
gamma_g: 0.94
gamma_b: 1.04
vignette: -25
temp: 5526