tweet_id: 1727819718135083404
masto_id: 111462272173619883
subre_id: Not uploaded, but here's the text: Happy Thursday!  #VisualArt #DeepLearning

n_iter: 362
ct: 1
hue_offset: 289
saturation: -0.12

num_attempts: 618
dur: 600
std: 54.98
size: 384087 (375.08 KiB)

xmin: 0.4688788102979582
xmax: 0.47607305490227475
ymin: 0.5279989620898173
ymax: 0.5320457246797454

contrast: 1.43
brightness: -0.07
saturation: 0.4
gamma: 1.03
gamma_r: 1.1
gamma_g: 1.03
gamma_b: 0.94
vignette: 27
temp: 4374