tweet_id: 1729089048688382187
masto_id: 111482105674010839
subre_id: Not uploaded, but here's the text: Feeling good today!  #Science #DigitalArt

n_iter: 293
ct: 1
hue_offset: 105
saturation: 0.74

num_attempts: 785
dur: 603
std: 60.21
size: 1351755 (1.29 MiB)

xmin: -0.16023017628958192
xmax: -0.1539408681134813
ymin: -0.7576903996756889
ymax: -0.7541526638266323

contrast: 0.87
brightness: 0.06
saturation: 1.08
gamma: 1.04
gamma_r: 1.07
gamma_g: 0.93
gamma_b: 1.03
vignette: 13
temp: 6224