tweet_id: 1725369715508539767
masto_id: 111423990841600326
subre_id: Not uploaded, but here's the text: Friday vibes!  #Science #Art

n_iter: 189
ct: 4
hue_offset: 245
saturation: -0.17

num_attempts: 1
dur: 0
std: 38.1
size: 46718 (45.62 KiB)

xmin: 0.289256522364433
xmax: 0.2896737975574228
ymin: -0.45878570114563033
ymax: -0.4585509838495736

contrast: 1.57
brightness: -0.07
saturation: 1.09
gamma: 1.1
gamma_r: 0.97
gamma_g: 1.06
gamma_b: 1.1
vignette: -43
temp: 3649