tweet_id: 1723891659283308663
masto_id: 111400896306528976
subre_id: Not uploaded, but here's the text: Hey there, it's Monday!  #DigitalArt #AI

n_iter: 644
ct: 80
hue_offset: 198
saturation: 0.54

num_attempts: 209
dur: 98
std: 38.38
size: 1196851 (1.14 MiB)

xmin: 0.012272119925735847
xmax: 0.012695534766426013
ymin: 0.6587206258111125
ymax: 0.6589587966590007

contrast: 1.51
brightness: 0.2
saturation: 1.58
gamma: 0.99
gamma_r: 0.93
gamma_g: 0.95
gamma_b: 0.97
vignette: 19
temp: 7388