tweet_id: 1724308726465654792
masto_id: 111407413068495235
subre_id: Not uploaded, but here's the text: Hope your Tuesday is awesome!  #Math #Art

n_iter: 243
ct: 98
hue_offset: 157
saturation: -0.27

num_attempts: 5
dur: 4
std: 26.61
size: 480727 (469.46 KiB)

xmin: -1.003545551023441
xmax: 0.496454448976559
ymin: -1.1344853825565542
ymax: -0.2907353825565542

contrast: 1.36
brightness: 0.12
saturation: 0.68
gamma: 0.96
gamma_r: 0.95
gamma_g: 0.98
gamma_b: 1.05
vignette: -2
temp: 2587