tweet_id: 1722800758825812347
masto_id: 111383850982984273
subre_id: Not uploaded, but here's the text: Guess what? It's Burning Ship!  #AI #Art

n_iter: 173
ct: 125
hue_offset: 200
saturation: -0.73

num_attempts: 75
dur: 34
std: 21.32
size: 384460 (375.45 KiB)

xmin: -1.6069332843974222
xmax: -1.3700911791342643
ymin: -0.3927799663410887
ymax: -0.25955628213056237

contrast: 1.61
brightness: 0.13
saturation: 0.72
gamma: 0.99
gamma_r: 1.05
gamma_g: 0.92
gamma_b: 0.96
vignette: 0
temp: 2659