tweet_id: 1728354636573384980
masto_id: 111470630320751724
subre_id: Not uploaded, but here's the text: Wishing you a wonderful Saturday!  #Science #Nature

n_iter: 205
ct: 113
hue_offset: 19
saturation: 0.07

num_attempts: 8
dur: 1
std: 29.33
size: 1156849 (1.1 MiB)

xmin: -1.2661371088854732
xmax: -0.919983262731627
ymin: -0.686387305286333
ymax: -0.4916757668247945

contrast: 1.35
brightness: -0.08
saturation: 1.34
gamma: 1.05
gamma_r: 1.07
gamma_g: 1.0
gamma_b: 1.01
vignette: -17
temp: 3384