tweet_id: 1725374136393122195
masto_id: 111424060023043729
subre_id: Not uploaded, but here's the text: Wishing you the best!  #VisualArt #Science

n_iter: 628
ct: 1
hue_offset: 286
saturation: -0.26

num_attempts: 360
dur: 600
std: 111.98
size: 1090566 (1.04 MiB)

xmin: -0.5185881080458334
xmax: -0.5144214413791668
ymin: 0.43326870194595046
ymax: 0.43561245194595044

contrast: 1.58
brightness: -0.09
saturation: 1.4
gamma: 1.05
gamma_r: 0.96
gamma_g: 1.01
gamma_b: 1.1
vignette: -31
temp: 7578