tweet_id: 1724497944399774192
masto_id: 111410369775328816
subre_id: Not uploaded, but here's the text: Hope you're having a great Tuesday!  #Art #AI

n_iter: 619
ct: 1
hue_offset: 169
saturation: -0.95

num_attempts: 419
dur: 609
std: 81.09
size: 1202510 (1.15 MiB)

xmin: -0.1740193913754957
xmax: -0.16984837990521418
ymin: -1.1162991102316409
ymax: -1.1139529162796076

contrast: 0.93
brightness: 0.12
saturation: 1.43
gamma: 1.02
gamma_r: 1.08
gamma_g: 1.01
gamma_b: 0.92
vignette: 4
temp: 4680