tweet_id: 1729351792390291551
masto_id: 111486210874212030
subre_id: Not uploaded, but here's the text: Surprise! Burning Ship!  #Programming #AI

n_iter: 508
ct: 26
hue_offset: 328
saturation: 0.46

num_attempts: 17
dur: 6
std: 30.32
size: 641345 (626.31 KiB)

xmin: -1.8829407302433692
xmax: -1.1329407302433692
ymin: -0.2927741606912211
ymax: 0.12910083930877891

contrast: 1.34
brightness: 0.05
saturation: 0.46
gamma: 1.02
gamma_r: 1.08
gamma_g: 1.07
gamma_b: 1.0
vignette: -12
temp: 6189