tweet_id: 1726693964915347515
masto_id: 111444682334356832
subre_id: Not uploaded, but here's the text: you are cool  #Programming #Art

n_iter: 163
ct: 132
hue_offset: 304
saturation: 0.68

num_attempts: 17
dur: 3
std: 25.83
size: 2355444 (2.25 MiB)

xmin: -0.4291287650684801
xmax: -0.35654811990718976
ymin: -0.9918493793471359
ymax: -0.9510227664439102

contrast: 0.98
brightness: 0.16
saturation: 1.24
gamma: 1.02
gamma_r: 1.08
gamma_g: 1.05
gamma_b: 1.02
vignette: -41
temp: 3358