tweet_id: 1724160439620395336
masto_id: 111405096221147455
subre_id: Not uploaded, but here's the text: you are cool  #Fractals #Programming

n_iter: 804
ct: 49
hue_offset: 93
saturation: -0.48

num_attempts: 32
dur: 15
std: 17.86
size: 817464 (798.3 KiB)

xmin: -2.153076469168064
xmax: -0.15307646916806394
ymin: -0.11441134461008118
ymax: 1.0105886553899188

contrast: 0.81
brightness: 0.11
saturation: 1.34
gamma: 1.03
gamma_r: 1.0
gamma_g: 1.01
gamma_b: 1.07
vignette: -25
temp: 6392