tweet_id: 1727604505145950583
masto_id: 111458909782065319
subre_id: Not uploaded, but here's the text: Hope you have an amazing Thursday!  #Art #Fractals

n_iter: 696
ct: 216
hue_offset: 60
saturation: 0.99

num_attempts: 53
dur: 32
std: 31.11
size: 726912 (709.88 KiB)

xmin: -0.308782707611166
xmax: -0.308362716010998
ymin: -0.6481564940185245
ymax: -0.64792024874343

contrast: 1.24
brightness: 0.14
saturation: 1.69
gamma: 1.05
gamma_r: 0.99
gamma_g: 0.96
gamma_b: 1.02
vignette: 9
temp: 4313