tweet_id: 1727668195526418489
masto_id: 111459904648797848
subre_id: Not uploaded, but here's the text: you are awesome.  #Fractals #Art

n_iter: 138
ct: 164
hue_offset: 218
saturation: -0.11

num_attempts: 5
dur: 0
std: 28.53
size: 789740 (771.23 KiB)

xmin: -0.22710988850275227
xmax: -0.17891711741841493
ymin: 0.8044990963355687
ymax: 0.8316075300705085

contrast: 1.51
brightness: 0.0
saturation: 1.7
gamma: 1.05
gamma_r: 1.02
gamma_g: 0.94
gamma_b: 0.92
vignette: -18
temp: 2712