tweet_id: 1723915883888681411
masto_id: 111401274787865612
subre_id: Not uploaded, but here's the text: Keep smiling!  #DeepLearning #Programming

n_iter: 440
ct: 155
hue_offset: 76
saturation: -0.45

num_attempts: 7
dur: 1
std: 45.5
size: 1766636 (1.68 MiB)

xmin: -0.6974934378974711
xmax: -0.5651404967210005
ymin: -0.9208775954113082
ymax: -0.8464290659995435

contrast: 1.34
brightness: -0.05
saturation: 0.94
gamma: 1.06
gamma_r: 0.96
gamma_g: 1.08
gamma_b: 1.04
vignette: -9
temp: 2231