tweet_id: 1726090192086340078
masto_id: 111435248429383469
subre_id: Not uploaded, but here's the text: Happy Sunday!  #Science #DigitalArt

n_iter: 448
ct: 1
hue_offset: 174
saturation: -0.63

num_attempts: 5
dur: 2
std: 24.69
size: 336681 (328.79 KiB)

xmin: -2.448404656784011
xmax: -0.9484046567840112
ymin: -0.6419138162127465
ymax: 0.20183618378725354

contrast: 1.35
brightness: 0.04
saturation: 0.96
gamma: 0.98
gamma_r: 1.04
gamma_g: 0.95
gamma_b: 0.97
vignette: -6
temp: 3320