tweet_id: 1723225567921660272
masto_id: 111390488920566801
subre_id: Not uploaded, but here's the text: Chin up, buttercup!  #Art #DigitalArt

n_iter: 691
ct: 37
hue_offset: 142
saturation: -0.33

num_attempts: 150
dur: 65
std: 27.99
size: 816305 (797.17 KiB)

xmin: -1.0918099152552556
xmax: -1.091350409224239
ymin: -0.24200353456161672
ymax: -0.24174506241916985

contrast: 1.02
brightness: -0.09
saturation: 0.78
gamma: 1.05
gamma_r: 1.09
gamma_g: 1.01
gamma_b: 1.06
vignette: 33
temp: 2188