tweet_id: 1727138216032235864
masto_id: 111451623868646633
subre_id: Not uploaded, but here's the text: Chin up, buttercup!  #Math #Programming

n_iter: 751
ct: 169
hue_offset: 20
saturation: -0.47

num_attempts: 18
dur: 11
std: 21.99
size: 772931 (754.82 KiB)

xmin: 0.14617481827619727
xmax: 0.14714146883202134
ymin: -0.6482280059127363
ymax: -0.6476842649750852

contrast: 1.47
brightness: 0.19
saturation: 1.38
gamma: 0.91
gamma_r: 0.99
gamma_g: 0.97
gamma_b: 1.07
vignette: 22
temp: 4177