tweet_id: 1728239309382471889
masto_id: 111468828245126842
subre_id: Not uploaded, but here's the text: Today is awesome!  #DigitalArt #Science

n_iter: 177
ct: 158
hue_offset: 106
saturation: -0.69

num_attempts: 121
dur: 29
std: 45.41
size: 175472 (171.36 KiB)

xmin: -0.9909131149242507
xmax: -0.9901833210910086
ymin: 0.2502004385349639
ymax: 0.2506109475661626

contrast: 1.75
brightness: -0.06
saturation: 1.13
gamma: 1.08
gamma_r: 1.09
gamma_g: 0.92
gamma_b: 0.92
vignette: -9
temp: 7642