tweet_id: 1729205224340869524
masto_id: 111483920747185077
subre_id: Not uploaded, but here's the text: you are cool  #MachineLearning #Mathematics

n_iter: 237
ct: 88
hue_offset: 313
saturation: 0.04

num_attempts: 13
dur: 2
std: 17.29
size: 756247 (738.52 KiB)

xmin: -0.34811460085322254
xmax: -0.34752980553158513
ymin: -0.6636983064617801
ymax: -0.663369359093359

contrast: 1.69
brightness: 0.06
saturation: 0.98
gamma: 1.04
gamma_r: 0.95
gamma_g: 0.99
gamma_b: 1.05
vignette: -16
temp: 7697