tweet_id: 1729148857928540319
masto_id: 111483040190534659
subre_id: Not uploaded, but here's the text: Brighten your Monday!  #VisualArt #Fractals

n_iter: 557
ct: 255
hue_offset: 169
saturation: 0.63

num_attempts: 499
dur: 606
std: 52.9
size: 957617 (935.17 KiB)

xmin: -0.2128974408602886
xmax: -0.1980275523844522
ymin: 0.8985574995665773
ymax: 0.9069218118342353

contrast: 0.99
brightness: 0.02
saturation: 0.27
gamma: 1.06
gamma_r: 1.05
gamma_g: 1.03
gamma_b: 0.91
vignette: 16
temp: 6591