tweet_id: 1727910594525659592
masto_id: 111463692252455840
subre_id: Not uploaded, but here's the text: Cheers to an incredible Friday!  #Science #Nature

n_iter: 483
ct: 1
hue_offset: 68
saturation: -0.85

num_attempts: 666
dur: 604
std: 63.33
size: 926209 (904.5 KiB)

xmin: -0.12158015270223532
xmax: -0.0993579304800131
ymin: 0.7533303832954976
ymax: 0.7658303832954976

contrast: 0.8
brightness: 0.22
saturation: 0.75
gamma: 1.04
gamma_r: 0.9
gamma_g: 0.98
gamma_b: 1.05
vignette: 16
temp: 4661