tweet_id: 1728001734944129240
masto_id: 111465116312804072
subre_id: Not uploaded, but here's the text: Brighten your Friday!  #Mathematics #Nature

n_iter: 604
ct: 255
hue_offset: 119
saturation: -0.68

num_attempts: 417
dur: 604
std: 81.55
size: 1359242 (1.3 MiB)

xmin: -0.49824072126749774
xmax: -0.49394887577393554
ymin: 0.5971439478276657
ymax: 0.5995581109177944

contrast: 1.66
brightness: 0.15
saturation: 0.41
gamma: 1.09
gamma_r: 1.01
gamma_g: 0.98
gamma_b: 0.98
vignette: -29
temp: 4304