tweet_id: 1729382263081562605
masto_id: 111486686969269767
subre_id: Not uploaded, but here's the text: Feeling good today!  #VisualArt #Nature

n_iter: 387
ct: 98
hue_offset: 0
saturation: -0.85

num_attempts: 10
dur: 7
std: 42.48
size: 2134352 (2.04 MiB)

xmin: 0.5163379609554823
xmax: 0.563706382008114
ymin: -1.201873340061221
ymax: -1.1752286032191157

contrast: 0.77
brightness: -0.09
saturation: 0.26
gamma: 0.98
gamma_r: 0.96
gamma_g: 1.03
gamma_b: 1.02
vignette: -24
temp: 4328