tweet_id: 1728544532097294711
masto_id: 111473597433915918
subre_id: Not uploaded, but here's the text: Wow, guess what? it's Multibrot!  #Art #Science

n_iter: 280
ct: 1
hue_offset: 103
saturation: -0.38

num_attempts: 818
dur: 600
std: 52.69
size: 1777371 (1.7 MiB)

xmin: 0.529461610336893
xmax: 0.5336810196195934
ymin: -0.42002269857810326
ymax: -0.41764928085658426

contrast: 1.13
brightness: 0.2
saturation: 1.66
gamma: 0.99
gamma_r: 1.01
gamma_g: 0.97
gamma_b: 1.07
vignette: -45
temp: 6319