tweet_id: 1725042268481188286
masto_id: 111418874761729028
subre_id: Not uploaded, but here's the text: Have an awesome day!  #DigitalArt #Nature

n_iter: 471
ct: 255
hue_offset: 116
saturation: 0.21

num_attempts: 489
dur: 606
std: 65.27
size: 719590 (702.72 KiB)

xmin: -0.08871193678919864
xmax: -0.08449252750649822
ymin: 0.7832834436576452
ymax: 0.7856568613791642

contrast: 1.0
brightness: 0.23
saturation: 0.67
gamma: 0.95
gamma_r: 1.08
gamma_g: 1.02
gamma_b: 1.1
vignette: -3
temp: 5957