tweet_id: 1722534993103139259
masto_id: 111379698308834594
subre_id: Not uploaded, but here's the text: Have a great day!  #Programming #DeepLearning

n_iter: 624
ct: 1
hue_offset: 116
saturation: -0.12

num_attempts: 492
dur: 603
std: 58.65
size: 469699 (458.69 KiB)

xmin: -0.5523726067723311
xmax: -0.5426402466750075
ymin: 0.2021904518445481
ymax: 0.2076649043992926

contrast: 1.78
brightness: 0.12
saturation: 1.73
gamma: 0.99
gamma_r: 0.92
gamma_g: 1.05
gamma_b: 0.9
vignette: -17
temp: 4280