tweet_id: 1728906901973586030
masto_id: 111479259405607755
subre_id: Not uploaded, but here's the text: Hope your Sunday is awesome!  #AI #Art

n_iter: 596
ct: 255
hue_offset: 42
saturation: 0.94

num_attempts: 406
dur: 604
std: 95.11
size: 530748 (518.31 KiB)

xmin: 0.5409197664016596
xmax: 0.5455709291923573
ymin: -0.23294891310246113
ymax: -0.2303326340326937

contrast: 1.37
brightness: -0.08
saturation: 0.69
gamma: 1.0
gamma_r: 1.06
gamma_g: 1.03
gamma_b: 0.97
vignette: 0
temp: 2077