tweet_id: 1722164660080967957
masto_id: 111373912213256005
subre_id: Not uploaded, but here's the text: Feeling good today!  #DeepLearning #Fractals

n_iter: 441
ct: 136
hue_offset: 219
saturation: -0.14

num_attempts: 83
dur: 30
std: 23.61
size: 445138 (434.71 KiB)

xmin: -0.8615331372567634
xmax: 1.3884668627432366
ymin: -0.9721955860870406
ymax: 0.2934294139129594

contrast: 1.58
brightness: 0.23
saturation: 1.64
gamma: 1.09
gamma_r: 0.91
gamma_g: 1.03
gamma_b: 1.08
vignette: 12
temp: 2345