tweet_id: 1723108711646851495
masto_id: 111388662741135317
subre_id: Not uploaded, but here's the text: Have an awesome day!  #Art #Fractals

n_iter: 608
ct: 255
hue_offset: 273
saturation: 0.58

num_attempts: 436
dur: 603
std: 64.47
size: 840621 (820.92 KiB)

xmin: 0.4965369097747261
xmax: 0.5042292174670338
ymin: -0.08533096792080741
ymax: -0.08100404484388433

contrast: 1.46
brightness: 0.16
saturation: 0.93
gamma: 0.94
gamma_r: 1.06
gamma_g: 0.99
gamma_b: 1.04
vignette: 27
temp: 7053