tweet_id: 1722017429683855734
masto_id: 111371611520465703
subre_id: Not uploaded, but here's the text: Keep smiling!  #Fractals #AI

n_iter: 634
ct: 151
hue_offset: 331
saturation: 0.07

num_attempts: 63
dur: 79
std: 88.38
size: 1423183 (1.36 MiB)

xmin: -0.6893209295173865
xmax: -0.6849059184798589
ymin: -0.3328740034228038
ymax: -0.33039055971419456

contrast: 0.9
brightness: -0.06
saturation: 0.3
gamma: 1.09
gamma_r: 1.08
gamma_g: 1.06
gamma_b: 0.98
vignette: -47
temp: 4704