tweet_id: 1728846597604495564
masto_id: 111478317256374943
subre_id: Not uploaded, but here's the text: Smile on this lovely day!  #AI #VisualArt

n_iter: 624
ct: 255
hue_offset: 291
saturation: -0.77

num_attempts: 284
dur: 600
std: 93.92
size: 1396572 (1.33 MiB)

xmin: 0.20374970455935282
xmax: 0.2082090133664877
ymin: -0.974386348671969
ymax: -0.9718779874679556

contrast: 1.2
brightness: 0.18
saturation: 1.34
gamma: 1.09
gamma_r: 0.91
gamma_g: 1.06
gamma_b: 0.97
vignette: -48
temp: 4961