tweet_id: 1723402326243750368
masto_id: 111393250583260716
subre_id: Not uploaded, but here's the text: Brighten your Saturday!  #VisualArt #Art

n_iter: 198
ct: 138
hue_offset: 251
saturation: -0.32

num_attempts: 7
dur: 4
std: 26.8
size: 1907598 (1.82 MiB)

xmin: -1.0744981697307088
xmax: -1.0119981697307088
ymin: -0.616356581097629
ymax: -0.581200331097629

contrast: 0.78
brightness: 0.09
saturation: 0.33
gamma: 1.06
gamma_r: 0.99
gamma_g: 1.09
gamma_b: 0.99
vignette: 31
temp: 5201