tweet_id: 1725274360930271268
masto_id: 111422501256715107
subre_id: Not uploaded, but here's the text: Have a great day!  #DigitalArt #Fractals

n_iter: 371
ct: 187
hue_offset: 84
saturation: -0.83

num_attempts: 27
dur: 5
std: 36.08
size: 828023 (808.62 KiB)

xmin: -1.6423540310546108
xmax: -1.4623540310546108
ymin: -0.1370547236617956
ymax: -0.035804723661795615

contrast: 1.62
brightness: -0.09
saturation: 0.46
gamma: 1.07
gamma_r: 1.04
gamma_g: 1.09
gamma_b: 1.02
vignette: 13
temp: 3249