tweet_id: 1724224496310145332
masto_id: 111406096861123619
subre_id: Not uploaded, but here's the text: Chin up, buttercup!  #Art #Fractals

n_iter: 355
ct: 141
hue_offset: 172
saturation: -0.4

num_attempts: 21
dur: 7
std: 55.07
size: 931825 (909.99 KiB)

xmin: 0.5270980480923435
xmax: 0.6270980480923435
ymin: -1.138417847588868
ymax: -1.082167847588868

contrast: 1.46
brightness: -0.09
saturation: 0.49
gamma: 0.95
gamma_r: 0.94
gamma_g: 0.91
gamma_b: 1.05
vignette: 17
temp: 4948