tweet_id: 1724967038588768755
masto_id: 111417699173787846
subre_id: Not uploaded, but here's the text: Have an extraordinary Thursday!  #Nature #Fractals

n_iter: 471
ct: 1
hue_offset: 335
saturation: 0.17

num_attempts: 454
dur: 606
std: 53.47
size: 1201958 (1.15 MiB)

xmin: -0.21648158941954
xmax: -0.20234731380116544
ymin: 0.7492351232398109
ymax: 0.7571856532751465

contrast: 1.12
brightness: 0.2
saturation: 1.12
gamma: 0.93
gamma_r: 1.01
gamma_g: 1.05
gamma_b: 0.99
vignette: 21
temp: 5584