tweet_id: 1727039925722505264
masto_id: 111450087928194705
subre_id: Not uploaded, but here's the text: Having a blast on Tuesday?  #Math #AI

newton_power: 5
newton_const: 0

n_iter: 209
ct: 40
hue_offset: 349
saturation: 0.82

num_attempts: 226
dur: 850
std: 2.48
size: 95594 (93.35 KiB)

xmin: -3.0
xmax: 3.0
ymin: -1.889503260695488
ymax: 1.485496739304512

contrast: 1.0
brightness: 0.07
saturation: 0.72
gamma: 0.91
gamma_r: 0.99
gamma_g: 0.99
gamma_b: 0.95
vignette: -1
temp: 3278