tweet_id: 1726728649800290454
masto_id: 111445224602847775
subre_id: Not uploaded, but here's the text: Smile!  #Mathematics #Fractals

n_iter: 381
ct: 223
hue_offset: 138
saturation: 0.86

num_attempts: 50
dur: 9
std: 15.41
size: 684817 (668.77 KiB)

xmin: -1.0321427138604455
xmax: -1.0316509508901972
ymin: -0.2584156782005841
ymax: -0.2581390615298194

contrast: 1.17
brightness: 0.16
saturation: 0.36
gamma: 1.04
gamma_r: 1.01
gamma_g: 1.07
gamma_b: 1.05
vignette: 32
temp: 2117