tweet_id: 1722474976354120141
masto_id: 111378760820275964
subre_id: Not uploaded, but here's the text: Wishing you the best!  #Fractals #Math

n_iter: 381
ct: 1
hue_offset: 301
saturation: 0.21

num_attempts: 353
dur: 600
std: 57.44
size: 1300898 (1.24 MiB)

xmin: 0.20150755680486743
xmax: 0.20665556195287257
ymin: -0.9260218358256852
ymax: -0.9231260829299323

contrast: 0.75
brightness: -0.06
saturation: 1.41
gamma: 1.03
gamma_r: 0.94
gamma_g: 1.07
gamma_b: 0.97
vignette: -41
temp: 3353