tweet_id: 1727151035196813469
masto_id: 111451824093899776
subre_id: Not uploaded, but here's the text: Keep shining on Wednesday!  #Science #AI

n_iter: 442
ct: 240
hue_offset: 93
saturation: 0.4

num_attempts: 11
dur: 6
std: 70.02
size: 1441130 (1.37 MiB)

xmin: -0.9553561094308549
xmax: -0.8616061094308549
ymin: -0.6150907700123589
ymax: -0.5623563950123589

contrast: 0.86
brightness: 0.03
saturation: 0.6
gamma: 0.99
gamma_r: 1.07
gamma_g: 1.09
gamma_b: 0.99
vignette: -16
temp: 2667