tweet_id: 1726483283071152633
masto_id: 111441390346285299
subre_id: Not uploaded, but here's the text: Hope your Monday is awesome!  #DigitalArt #Math

n_iter: 193
ct: 210
hue_offset: 80
saturation: 0.01

num_attempts: 18
dur: 2
std: 29.19
size: 466829 (455.89 KiB)

xmin: 0.5317953943337903
xmax: 0.7048723174107134
ymin: -1.1570957786259934
ymax: -1.0597400093952243

contrast: 1.77
brightness: 0.13
saturation: 1.32
gamma: 1.08
gamma_r: 0.96
gamma_g: 1.02
gamma_b: 1.08
vignette: 2
temp: 4256