tweet_id: 1723920048216232315
masto_id: 111401339996394590
subre_id: Not uploaded, but here's the text: Today is awesome!  #Math #Fractals

n_iter: 823
ct: 248
hue_offset: 32
saturation: -0.8

num_attempts: 18
dur: 9
std: 145.76
size: 1374031 (1.31 MiB)

xmin: -1.316801030971173
xmax: -1.313840261171025
ymin: -0.06023000382542931
ymax: -0.058564570812846044

contrast: 1.09
brightness: 0.15
saturation: 0.31
gamma: 1.01
gamma_r: 1.07
gamma_g: 0.96
gamma_b: 1.0
vignette: -19
temp: 5032