tweet_id: 1723104255954071814
masto_id: 111388593211930361
subre_id: Not uploaded, but here's the text: you are awesome.  #MachineLearning #Math

n_iter: 698
ct: 45
hue_offset: 124
saturation: -0.11

num_attempts: 1
dur: 6
std: 123.68
size: 1295477 (1.24 MiB)

xmin: -1.7790342530171572
xmax: -1.7782438953803266
ymin: -0.0012607253748200264
ymax: -0.000816149204102777

contrast: 0.89
brightness: -0.04
saturation: 0.4
gamma: 1.08
gamma_r: 1.05
gamma_g: 0.97
gamma_b: 0.93
vignette: -40
temp: 7108