tweet_id: 1722348661609263522
masto_id: 111376787104917617
subre_id: Not uploaded, but here's the text: Keep smiling!  #AI #Fractals

n_iter: 259
ct: 237
hue_offset: 297
saturation: 0.81

num_attempts: 12
dur: 3
std: 49.78
size: 1564537 (1.49 MiB)

xmin: 0.29043634108430405
xmax: 0.2909265371627354
ymin: -0.46515152529234716
ymax: -0.4648757899982295

contrast: 0.92
brightness: 0.16
saturation: 1.11
gamma: 1.01
gamma_r: 0.95
gamma_g: 1.09
gamma_b: 0.96
vignette: 21
temp: 3220