tweet_id: 1723557979356528644
masto_id: 111395682510629800
subre_id: Not uploaded, but here's the text: Today is awesome!  #DigitalArt #VisualArt

n_iter: 755
ct: 131
hue_offset: 341
saturation: 0.06

num_attempts: 316
dur: 168
std: 54.38
size: 841761 (822.03 KiB)

xmin: -0.21082047461346232
xmax: -0.20990556153020523
ymin: 0.6925531295235616
ymax: 0.6930677681328937

contrast: 1.41
brightness: -0.07
saturation: 0.97
gamma: 1.07
gamma_r: 1.07
gamma_g: 0.98
gamma_b: 1.02
vignette: 33
temp: 5132