tweet_id: 1723019295679291573
masto_id: 111387265861448251
subre_id: Not uploaded, but here's the text: Guess what? It's Multibrot!  #Fractals #Nature

n_iter: 420
ct: 1
hue_offset: 349
saturation: 0.48

num_attempts: 261
dur: 600
std: 53.81
size: 790374 (771.85 KiB)

xmin: -0.2105626941525114
xmax: -0.19691081701940558
ymin: 1.0208933092429335
ymax: 1.0285724901303055

contrast: 1.37
brightness: 0.15
saturation: 0.29
gamma: 1.04
gamma_r: 1.09
gamma_g: 0.99
gamma_b: 1.07
vignette: 33
temp: 3357