tweet_id: 1725345265396408598
masto_id: 111423609089347390
subre_id: Not uploaded, but here's the text: Feeling good today!  #Nature #DigitalArt

n_iter: 615
ct: 255
hue_offset: 299
saturation: 0.81

num_attempts: 359
dur: 605
std: 76.17
size: 1128925 (1.08 MiB)

xmin: 0.5337091438434598
xmax: 0.53902829277963
ymin: 0.40280897021855466
ymax: 0.4058009914951504

contrast: 0.99
brightness: 0.18
saturation: 0.37
gamma: 0.91
gamma_r: 1.04
gamma_g: 1.08
gamma_b: 0.96
vignette: -13
temp: 2269