tweet_id: 1722716142916022428
masto_id: 111382529064096422
subre_id: Not uploaded, but here's the text: Thursday vibes!  #Programming #AI

n_iter: 512
ct: 255
hue_offset: 347
saturation: -0.61

num_attempts: 419
dur: 604
std: 78.88
size: 1328250 (1.27 MiB)

xmin: 0.1559183931281618
xmax: 0.16013335624723452
ymin: 1.0881240344499652
ymax: 1.0904949512044435

contrast: 1.54
brightness: 0.02
saturation: 0.75
gamma: 0.97
gamma_r: 1.06
gamma_g: 1.0
gamma_b: 1.08
vignette: -46
temp: 6785