tweet_id: 1726457021891768486
masto_id: 111440980117892290
subre_id: Not uploaded, but here's the text: Cheers to a fantastic Monday!  #Art #Nature

n_iter: 142
ct: 235
hue_offset: 259
saturation: -0.42

num_attempts: 62
dur: 11
std: 30.79
size: 529708 (517.29 KiB)

xmin: -0.6471698640199062
xmax: -0.6466558573378193
ymin: 0.3569772823289763
ymax: 0.35726641108765017

contrast: 1.46
brightness: 0.22
saturation: 1.01
gamma: 1.05
gamma_r: 0.93
gamma_g: 1.02
gamma_b: 0.95
vignette: 29
temp: 6335