tweet_id: 1722625513402052672
masto_id: 111381112720785123
subre_id: Not uploaded, but here's the text: Keep shining on Thursday!  #Math #Science

n_iter: 473
ct: 255
hue_offset: 53
saturation: -0.45

num_attempts: 481
dur: 602
std: 84.8
size: 949703 (927.44 KiB)

xmin: 0.29679035183586766
xmax: 0.3073166676253413
ymin: -0.6915188399491277
ymax: -0.6855977873175487

contrast: 1.79
brightness: -0.02
saturation: 0.49
gamma: 1.0
gamma_r: 1.07
gamma_g: 0.99
gamma_b: 1.01
vignette: 4
temp: 4248