tweet_id: 1726222556674347435
masto_id: 111437316510215363
subre_id: Not uploaded, but here's the text: Feeling good today!  #Mathematics #Math

n_iter: 483
ct: 255
hue_offset: 33
saturation: 0.96

num_attempts: 555
dur: 601
std: 74.16
size: 467854 (456.89 KiB)

xmin: 0.5055360595602472
xmax: 0.5102364120866867
ymin: 0.45105717756417296
ymax: 0.45370112586029515

contrast: 1.33
brightness: -0.05
saturation: 0.73
gamma: 0.96
gamma_r: 1.06
gamma_g: 1.08
gamma_b: 1.05
vignette: -45
temp: 7198