tweet_id: 1725556861556965558
masto_id: 111426915258403027
subre_id: Not uploaded, but here's the text: Let's rock this Friday!  #Math #Mathematics

n_iter: 405
ct: 1
hue_offset: 75
saturation: 0.91

num_attempts: 639
dur: 600
std: 49.95
size: 859496 (839.35 KiB)

xmin: -0.4806990921745411
xmax: -0.4687587936670784
ymin: 0.5556107493054929
ymax: 0.5623271672159407

contrast: 1.06
brightness: 0.14
saturation: 1.23
gamma: 0.97
gamma_r: 0.97
gamma_g: 1.08
gamma_b: 0.97
vignette: -21
temp: 6382