tweet_id: 1724241430715990484
masto_id: 111406361435320887
subre_id: Not uploaded, but here's the text: Have an awesome Tuesday!  #VisualArt #Math

n_iter: 323
ct: 1
hue_offset: 251
saturation: -0.84

num_attempts: 709
dur: 600
std: 53.89
size: 742583 (725.18 KiB)

xmin: -0.5252333822056616
xmax: -0.5156410560665728
ymin: -0.13406804109327153
ymax: -0.12867235764003412

contrast: 1.11
brightness: -0.1
saturation: 0.76
gamma: 0.92
gamma_r: 0.97
gamma_g: 0.99
gamma_b: 0.97
vignette: 3
temp: 4611