tweet_id: 1725947385954570413
masto_id: 111433017066326150
subre_id: Not uploaded, but here's the text: you're awesome!  #MachineLearning #Mathematics

n_iter: 462
ct: 255
hue_offset: 295
saturation: 0.2

num_attempts: 458
dur: 600
std: 76.21
size: 1166145 (1.11 MiB)

xmin: 0.5650896007491393
xmax: 0.5704158324402179
ymin: -0.30894049799654466
ymax: -0.305944492670313

contrast: 0.81
brightness: -0.09
saturation: 0.26
gamma: 0.95
gamma_r: 1.01
gamma_g: 1.06
gamma_b: 1.07
vignette: 28
temp: 7022