tweet_id: 1722412478435295262
masto_id: 111377784088100710
subre_id: Not uploaded, but here's the text: Brighten your Thursday!  #DeepLearning #Math

n_iter: 266
ct: 120
hue_offset: 81
saturation: -0.64

num_attempts: 8
dur: 3
std: 43.36
size: 1861053 (1.77 MiB)

xmin: -0.9710524241448892
xmax: -0.9154968685893337
ymin: -0.6121127686178267
ymax: -0.5808627686178267

contrast: 1.68
brightness: -0.05
saturation: 0.56
gamma: 1.08
gamma_r: 0.96
gamma_g: 0.94
gamma_b: 0.9
vignette: -11
temp: 2432