tweet_id: 1726906886891405392
masto_id: 111448009125359381
subre_id: Not uploaded, but here's the text: Let's make it a memorable Tuesday!  #Science #AI

n_iter: 154
ct: 39
hue_offset: 59
saturation: 0.59

num_attempts: 29
dur: 5
std: 29.3
size: 245820 (240.06 KiB)

xmin: -0.48516278597574347
xmax: -0.4387710333984239
ymin: 0.04413282044540168
ymax: 0.07022818127014395

contrast: 1.15
brightness: 0.08
saturation: 0.61
gamma: 0.92
gamma_r: 0.95
gamma_g: 1.02
gamma_b: 0.97
vignette: -5
temp: 2619