tweet_id: 1726543127635251707
masto_id: 111442325479674229
subre_id: Not uploaded, but here's the text: Look closely, it's Burning Ship!  #Math #Nature

n_iter: 220
ct: 159
hue_offset: 251
saturation: 0.55

num_attempts: 1
dur: 0
std: 25.54
size: 115479 (112.77 KiB)

xmin: 0.24086401049811768
xmax: 0.30802818960259526
ymin: -0.45233719784015247
ymax: -0.4145573470938838

contrast: 1.51
brightness: 0.16
saturation: 0.91
gamma: 1.0
gamma_r: 0.98
gamma_g: 1.06
gamma_b: 1.05
vignette: 28
temp: 2883