tweet_id: 1725707114285502491
masto_id: 111429262870087185
subre_id: Not uploaded, but here's the text: You are lovely!  #VisualArt #Math

n_iter: 360
ct: 1
hue_offset: 332
saturation: -0.07

num_attempts: 634
dur: 603
std: 61.1
size: 1403364 (1.34 MiB)

xmin: -0.23728291130958068
xmax: -0.23063839303715544
ymin: -0.7258059823057756
ymax: -0.7220684407775364

contrast: 0.87
brightness: 0.09
saturation: 1.71
gamma: 1.08
gamma_r: 1.02
gamma_g: 1.06
gamma_b: 0.95
vignette: -35
temp: 3917