tweet_id: 1728056979925459135
masto_id: 111465979369651907
subre_id: Not uploaded, but here's the text: Feeling good today!  #Math #Fractals

n_iter: 201
ct: 69
hue_offset: 169
saturation: -0.24

num_attempts: 67
dur: 17
std: 59.92
size: 426367 (416.37 KiB)

xmin: -0.7295533855754588
xmax: -0.7285092717670537
ymin: 0.1685326356284209
ymax: 0.1691199496456488

contrast: 1.74
brightness: 0.22
saturation: 1.13
gamma: 1.02
gamma_r: 1.04
gamma_g: 0.93
gamma_b: 1.07
vignette: -17
temp: 6659