tweet_id: 1723372174960980389
masto_id: 111392779434881697
subre_id: Not uploaded, but here's the text: Let's rock this Saturday!  #DeepLearning #AI

n_iter: 423
ct: 85
hue_offset: 225
saturation: -0.05

num_attempts: 19
dur: 16
std: 70.33
size: 1371971 (1.31 MiB)

xmin: -0.13743785342190762
xmax: -0.04560111872803006
ymin: -1.0333086085656047
ymax: -0.9816504453002985

contrast: 1.74
brightness: 0.22
saturation: 1.63
gamma: 0.99
gamma_r: 1.03
gamma_g: 0.97
gamma_b: 1.09
vignette: -7
temp: 2126