tweet_id: 1722565532300591485
masto_id: 111380175626572775
subre_id: Not uploaded, but here's the text: Surprise! Multibrot!  #Programming #Nature

n_iter: 625
ct: 1
hue_offset: 301
saturation: 0.68

num_attempts: 438
dur: 603
std: 82.04
size: 587909 (574.13 KiB)

xmin: 0.3420987964806135
xmax: 0.35842532709285835
ymin: 0.6505828592937206
ymax: 0.6597665327631084

contrast: 1.12
brightness: -0.05
saturation: 0.53
gamma: 1.0
gamma_r: 0.96
gamma_g: 1.1
gamma_b: 1.0
vignette: -5
temp: 3032