tweet_id: 1727153713087729783
masto_id: 111451865991858213
subre_id: Not uploaded, but here's the text: Chin up, buttercup!  #Fractals #DeepLearning

n_iter: 384
ct: 206
hue_offset: 330
saturation: -0.94

num_attempts: 35
dur: 10
std: 20.27
size: 1355513 (1.29 MiB)

xmin: 0.3959465940718303
xmax: 0.3975152215228107
ymin: -0.26588142393708836
ymax: -0.2649990709959119

contrast: 1.65
brightness: 0.17
saturation: 0.99
gamma: 1.02
gamma_r: 1.01
gamma_g: 1.06
gamma_b: 0.97
vignette: -35
temp: 5904