tweet_id: 1721927589323796774
masto_id: 111370207719089370
subre_id: Not uploaded, but here's the text: Happy Tuesday!  #Programming #DeepLearning

n_iter: 439
ct: 91
hue_offset: 175
saturation: -0.65

num_attempts: 9
dur: 4
std: 74.04
size: 1917180 (1.83 MiB)

xmin: 0.28864310393833925
xmax: 0.2890745568560396
ymin: -0.46616223265758083
ymax: -0.4659195403913744

contrast: 1.22
brightness: 0.09
saturation: 1.57
gamma: 0.95
gamma_r: 1.1
gamma_g: 0.96
gamma_b: 0.94
vignette: -37
temp: 5330