tweet_id: 1721953137710231826
masto_id: 111370606928628001
subre_id: Not uploaded, but here's the text: Enjoy your Tuesday!  #AI #Nature

n_iter: 293
ct: 149
hue_offset: 357
saturation: -0.78

num_attempts: 52
dur: 30
std: 36.75
size: 1215842 (1.16 MiB)

xmin: -1.649010718938054
xmax: -1.349010718938054
ymin: -0.34946460348661446
ymax: -0.18071460348661447

contrast: 1.24
brightness: -0.06
saturation: 0.98
gamma: 1.09
gamma_r: 1.08
gamma_g: 0.97
gamma_b: 1.07
vignette: -26
temp: 6493