tweet_id: 1728445525366600161
masto_id: 111472050371436963
subre_id: Not uploaded, but here's the text: Today is awesome!  #Programming #VisualArt

n_iter: 352
ct: 46
hue_offset: 8
saturation: -0.19

num_attempts: 7
dur: 3
std: 38.87
size: 440006 (429.69 KiB)

xmin: -0.3516547798285754
xmax: 0.3983452201714246
ymin: -1.3082314033925093
ymax: -0.8863564033925093

contrast: 1.54
brightness: -0.08
saturation: 1.2
gamma: 0.96
gamma_r: 1.01
gamma_g: 1.05
gamma_b: 0.9
vignette: 0
temp: 2928