tweet_id: 1725515961925525602
masto_id: 111426275983254684
subre_id: Not uploaded, but here's the text: How's your day?  #MachineLearning #Programming

n_iter: 224
ct: 199
hue_offset: 237
saturation: -0.54

num_attempts: 11
dur: 1
std: 37.77
size: 1152090 (1.1 MiB)

xmin: -1.5062264727760462
xmax: -1.4506709172204906
ymin: -0.19355996224486205
ymax: -0.16230996224486205

contrast: 0.89
brightness: 0.09
saturation: 0.59
gamma: 0.98
gamma_r: 1.07
gamma_g: 0.98
gamma_b: 0.98
vignette: 3
temp: 3099