tweet_id: 1722078796172362202
masto_id: 111372570335465515
subre_id: Not uploaded, but here's the text: Guess what? It's Mandelbrot Set!  #Science #AI

n_iter: 459
ct: 191
hue_offset: 267
saturation: 0.85

num_attempts: 51
dur: 21
std: 38.7
size: 540941 (528.26 KiB)

xmin: -1.0604170815899838
xmax: -1.0599777142789117
ymin: -0.2583152322747292
ymax: -0.25806808816225113

contrast: 1.38
brightness: 0.1
saturation: 1.32
gamma: 1.03
gamma_r: 0.99
gamma_g: 1.0
gamma_b: 0.98
vignette: -1
temp: 5874