tweet_id: 1722957305107689501
masto_id: 111386297239778207
subre_id: Not uploaded, but here's the text: Brighten your Friday!  #Math #Mathematics

n_iter: 816
ct: 199
hue_offset: 235
saturation: 0.54

num_attempts: 82
dur: 135
std: 81.58
size: 563629 (550.42 KiB)

xmin: -0.743276452110877
xmax: -0.7370166712032088
ymin: -0.10829608695739679
ymax: -0.10477496019683341

contrast: 1.41
brightness: 0.16
saturation: 0.84
gamma: 1.08
gamma_r: 1.06
gamma_g: 0.96
gamma_b: 1.06
vignette: -14
temp: 2907