tweet_id: 1728781291179454566
masto_id: 111477296891239968
subre_id: Not uploaded, but here's the text: Have an awesome day!  #VisualArt #Art

n_iter: 641
ct: 207
hue_offset: 50
saturation: -0.5

num_attempts: 48
dur: 25
std: 44.78
size: 657050 (641.65 KiB)

xmin: 0.28220159170786374
xmax: 0.286434395940668
ymin: 0.4609249241929918
ymax: 0.4633058765739442

contrast: 0.91
brightness: 0.11
saturation: 1.72
gamma: 1.02
gamma_r: 1.06
gamma_g: 1.04
gamma_b: 1.07
vignette: -26
temp: 3067