tweet_id: 1727865371351458222
masto_id: 111462985562727226
subre_id: Not uploaded, but here's the text: Let's rock this Friday!  #Nature #AI

n_iter: 438
ct: 255
hue_offset: 121
saturation: 0.49

num_attempts: 538
dur: 602
std: 65.3
size: 552654 (539.7 KiB)

xmin: -0.18405788811875423
xmax: -0.17998871212689257
ymin: 1.0537317647125604
ymax: 1.0560206762079825

contrast: 1.64
brightness: -0.04
saturation: 0.72
gamma: 0.93
gamma_r: 0.93
gamma_g: 0.92
gamma_b: 1.08
vignette: 15
temp: 2497