tweet_id: 1726211934565945829
masto_id: 111437150593888580
subre_id: Not uploaded, but here's the text: Hope your Sunday is awesome!  #Art #Programming

n_iter: 171
ct: 15
hue_offset: 122
saturation: 0.99

num_attempts: 55
dur: 9
std: 26.92
size: 1787378 (1.7 MiB)

xmin: 0.4851149884931041
xmax: 0.5310333558400429
ymin: -1.1980267792394828
ymax: -1.1721976976068298

contrast: 0.91
brightness: 0.08
saturation: 0.37
gamma: 0.98
gamma_r: 1.07
gamma_g: 1.0
gamma_b: 1.01
vignette: -5
temp: 3316