tweet_id: 1729234380177236384
masto_id: 111484376447412389
subre_id: Not uploaded, but here's the text: Today is awesome!  #Nature #Science

n_iter: 375
ct: 30
hue_offset: 358
saturation: -0.97

num_attempts: 59
dur: 13
std: 32.1
size: 1638552 (1.56 MiB)

xmin: -1.3547286831720262
xmax: -1.3540963720749664
ymin: -0.04972321177649741
ymax: -0.0493675367844013

contrast: 1.76
brightness: -0.08
saturation: 0.85
gamma: 1.01
gamma_r: 0.98
gamma_g: 1.06
gamma_b: 1.08
vignette: -32
temp: 2720