tweet_id: 1727755442342830409
masto_id: 111461267957713744
subre_id: Not uploaded, but here's the text: Thursday vibes!  #AI #Programming

n_iter: 455
ct: 49
hue_offset: 253
saturation: 0.34

num_attempts: 68
dur: 20
std: 17.99
size: 1258049 (1.2 MiB)

xmin: -0.870887207461948
xmax: -0.8610349907131796
ymin: 0.24835789338763914
ymax: 0.2538997653088214

contrast: 1.03
brightness: -0.02
saturation: 1.16
gamma: 1.01
gamma_r: 0.95
gamma_g: 1.01
gamma_b: 0.92
vignette: -29
temp: 3796