tweet_id: 1725758077557674435
masto_id: 111430059123566616
subre_id: Not uploaded, but here's the text: Wishing you a wonderful Saturday!  #Fractals #Math

n_iter: 255
ct: 76
hue_offset: 221
saturation: 0.8

num_attempts: 6
dur: 1
std: 41.0
size: 1834279 (1.75 MiB)

xmin: 0.3410543150808474
xmax: 0.3987466227731551
ymin: -1.1515871968735998
ymax: -1.1191352737966767

contrast: 1.55
brightness: 0.18
saturation: 0.65
gamma: 1.03
gamma_r: 0.99
gamma_g: 0.98
gamma_b: 1.06
vignette: 14
temp: 7412