tweet_id: 1728052604607877277
masto_id: 111465911144314566
subre_id: Not uploaded, but here's the text: you are cool  #VisualArt #Fractals

n_iter: 237
ct: 81
hue_offset: 318
saturation: 0.35

num_attempts: 2
dur: 0
std: 37.31
size: 1834602 (1.75 MiB)

xmin: -0.2960832322542184
xmax: -0.24251180368278982
ymin: -0.9736227194765101
ymax: -0.9434887909050815

contrast: 1.77
brightness: 0.11
saturation: 1.41
gamma: 0.98
gamma_r: 1.03
gamma_g: 1.07
gamma_b: 0.91
vignette: -4
temp: 3900