tweet_id: 1725218959908045067
masto_id: 111421635531419648
subre_id: Not uploaded, but here's the text: Wishing you the best!  #Nature #Art

n_iter: 341
ct: 188
hue_offset: 204
saturation: 0.57

num_attempts: 23
dur: 6
std: 18.66
size: 500284 (488.56 KiB)

xmin: -0.36677322999187645
xmax: -0.3290373809352727
ymin: 0.6579084929204977
ymax: 0.6791349080148373

contrast: 1.05
brightness: 0.23
saturation: 1.4
gamma: 1.0
gamma_r: 1.09
gamma_g: 1.08
gamma_b: 0.91
vignette: 3
temp: 2179