tweet_id: 1724554241010778436
masto_id: 111411249227433204
subre_id: Not uploaded, but here's the text: Ever heard of this Mandelbrot Set?  #MachineLearning #DigitalArt

n_iter: 966
ct: 133
hue_offset: 146
saturation: -0.8

num_attempts: 85
dur: 71
std: 15.17
size: 729925 (712.82 KiB)

xmin: -2.75
xmax: 1.25
ymin: -1.122745147226365
ymax: 1.127254852773635

contrast: 1.0
brightness: 0.0
saturation: 1.7
gamma: 1.08
gamma_r: 0.98
gamma_g: 1.04
gamma_b: 0.99
vignette: -45
temp: 2341