tweet_id: 1728717158203703467
masto_id: 111476294690148802
subre_id: Not uploaded, but here's the text: Hey there, it's Sunday!  #Nature #AI

n_iter: 196
ct: 189
hue_offset: 228
saturation: 0.98

num_attempts: 12
dur: 1
std: 32.46
size: 1360346 (1.3 MiB)

xmin: -0.2284819420424573
xmax: -0.055405018965534236
ymin: -1.0304360144832523
ymax: -0.933080245252483

contrast: 1.48
brightness: 0.22
saturation: 0.41
gamma: 1.04
gamma_r: 0.91
gamma_g: 1.07
gamma_b: 0.96
vignette: -19
temp: 2915