tweet_id: 1726331363723207094
masto_id: 111439016691278245
subre_id: Not uploaded, but here's the text: Chin up, lovely humans!  #AI #Mathematics

n_iter: 235
ct: 113
hue_offset: 164
saturation: -0.36

num_attempts: 24
dur: 5
std: 39.48
size: 2187486 (2.09 MiB)

xmin: -0.6664540299318018
xmax: -0.5258290299318018
ymin: -0.8337526423776356
ymax: -0.7546510798776356

contrast: 1.62
brightness: -0.04
saturation: 0.74
gamma: 0.99
gamma_r: 0.96
gamma_g: 1.07
gamma_b: 0.94
vignette: 22
temp: 4453