tweet_id: 1722254497932841241
masto_id: 111375315611323256
subre_id: Not uploaded, but here's the text: you are awesome.  #DeepLearning #Math

n_iter: 393
ct: 28
hue_offset: 164
saturation: -0.63

num_attempts: 32
dur: 11
std: 42.24
size: 526756 (514.41 KiB)

xmin: -0.8244148001880718
xmax: -0.6287626262750283
ymin: -0.6836217392554018
ymax: -0.5735673914293149

contrast: 1.66
brightness: 0.08
saturation: 1.01
gamma: 0.94
gamma_r: 1.07
gamma_g: 0.98
gamma_b: 1.07
vignette: 24
temp: 7681