tweet_id: 1729175771883749582
masto_id: 111483460761022258
subre_id: Not uploaded, but here's the text: Today is awesome!  #MachineLearning #Nature

n_iter: 458
ct: 122
hue_offset: 247
saturation: -0.68

num_attempts: 67
dur: 29
std: 29.85
size: 1323279 (1.26 MiB)

xmin: -0.8985104901419432
xmax: -0.8955097399543963
ymin: -0.24317584261271485
ymax: -0.24148792063221974

contrast: 0.75
brightness: 0.14
saturation: 0.3
gamma: 0.97
gamma_r: 0.98
gamma_g: 0.94
gamma_b: 1.07
vignette: -35
temp: 6351