tweet_id: 1723410706895196531
masto_id: 111393381445088573
subre_id: Not uploaded, but here's the text: Today is awesome!  #Programming #Math

n_iter: 509
ct: 1
hue_offset: 83
saturation: 0.48

num_attempts: 256
dur: 601
std: 86.1
size: 1559590 (1.49 MiB)

xmin: 0.3066717682906317
xmax: 0.31338317768660484
ymin: 0.6824708695507442
ymax: 0.6862460373359791

contrast: 0.97
brightness: 0.1
saturation: 0.99
gamma: 0.91
gamma_r: 1.01
gamma_g: 1.07
gamma_b: 1.06
vignette: -37
temp: 3364