tweet_id: 1724831829859967118
masto_id: 111415586428059226
subre_id: Not uploaded, but here's the text: Keep smiling!  #AI #DeepLearning

n_iter: 551
ct: 1
hue_offset: 96
saturation: 0.49

num_attempts: 466
dur: 605
std: 80.22
size: 631383 (616.58 KiB)

xmin: 0.52074702452629
xmax: 0.5271572809365463
ymin: 0.14364267637041261
ymax: 0.14724844560118183

contrast: 1.6
brightness: 0.23
saturation: 1.16
gamma: 1.06
gamma_r: 0.99
gamma_g: 1.02
gamma_b: 1.03
vignette: -21
temp: 2445