tweet_id: 1727751231420928128
masto_id: 111461202153150063
subre_id: Not uploaded, but here's the text: Surprise! It's a Burning Ship!  #Math #VisualArt

n_iter: 272
ct: 33
hue_offset: 139
saturation: -0.61

num_attempts: 2
dur: 0
std: 22.89
size: 878352 (857.77 KiB)

xmin: -1.687650078636801
xmax: -0.9376500786368009
ymin: -0.8161539175049877
ymax: -0.39427891750498767

contrast: 0.92
brightness: 0.15
saturation: 1.52
gamma: 0.92
gamma_r: 0.99
gamma_g: 0.91
gamma_b: 0.95
vignette: 7
temp: 6830