tweet_id: 1723553362509955460
masto_id: 111395610406513169
subre_id: Not uploaded, but here's the text: Have an awesome day!  #Programming #Nature

n_iter: 203
ct: 57
hue_offset: 222
saturation: -0.44

num_attempts: 11
dur: 2
std: 24.94
size: 549629 (536.75 KiB)

xmin: -0.9935582374395389
xmax: 0.13144176256046114
ymin: -0.9610078531127493
ymax: -0.3281953531127493

contrast: 1.1
brightness: -0.1
saturation: 1.06
gamma: 1.09
gamma_r: 1.01
gamma_g: 1.03
gamma_b: 0.91
vignette: 17
temp: 3948