tweet_id: 1722353767293886893
masto_id: 111376866784138402
subre_id: Not uploaded, but here's the text: How's your day?  #Nature #Programming

n_iter: 272
ct: 255
hue_offset: 115
saturation: 0.16

num_attempts: 750
dur: 602
std: 49.33
size: 1137375 (1.08 MiB)

xmin: 0.09627302713037089
xmax: 0.10269357287675933
ymin: 0.7871134064495591
ymax: 0.7907249634319026

contrast: 0.95
brightness: 0.04
saturation: 0.34
gamma: 1.03
gamma_r: 0.99
gamma_g: 0.94
gamma_b: 1.03
vignette: 21
temp: 6471