tweet_id: 1725817889674907846
masto_id: 111430993683463500
subre_id: Not uploaded, but here's the text: Keep smiling!  #Mathematics #Fractals

n_iter: 380
ct: 62
hue_offset: 28
saturation: -0.03

num_attempts: 4
dur: 0
std: 22.68
size: 792838 (774.26 KiB)

xmin: -2.4126785073209267
xmax: -0.9126785073209267
ymin: -0.9041666162680413
ymax: -0.06041661626804129

contrast: 1.6
brightness: -0.04
saturation: 0.95
gamma: 0.9
gamma_r: 1.01
gamma_g: 0.97
gamma_b: 1.03
vignette: -42
temp: 3609