tweet_id: 1723471060878917690
masto_id: 111394324603723549
subre_id: Not uploaded, but here's the text: Today is awesome!  #Mathematics #DigitalArt

n_iter: 316
ct: 1
hue_offset: 233
saturation: -0.6

num_attempts: 690
dur: 601
std: 48.02
size: 1016254 (992.44 KiB)

xmin: 0.5321553359287661
xmax: 0.537069340842771
ymin: 0.3923524185552869
ymax: 0.3951165463194147

contrast: 1.09
brightness: 0.21
saturation: 0.53
gamma: 0.99
gamma_r: 0.98
gamma_g: 0.95
gamma_b: 0.94
vignette: 20
temp: 5906