tweet_id: 1723514817057608023
masto_id: 111395008164722305
subre_id: Not uploaded, but here's the text: you're awesome!  #Mathematics #AI

n_iter: 749
ct: 255
hue_offset: 317
saturation: 0.33

num_attempts: 73
dur: 146
std: 129.81
size: 1407347 (1.34 MiB)

xmin: -0.5137558239915627
xmax: -0.5123807810214699
ymin: -0.602865627675019
ymax: -0.6020921660043418

contrast: 0.78
brightness: 0.21
saturation: 1.3
gamma: 0.92
gamma_r: 1.0
gamma_g: 1.03
gamma_b: 1.02
vignette: 8
temp: 4887