tweet_id: 1722285270899556796
masto_id: 111375796495697315
subre_id: Not uploaded, but here's the text: Smile!  #Science #DigitalArt

n_iter: 243
ct: 78
hue_offset: 161
saturation: 0.78

num_attempts: 1
dur: 0
std: 34.69
size: 1744525 (1.66 MiB)

xmin: -0.3046485022997052
xmax: -0.2476864769832495
ymin: -1.0342637606375549
ymax: -1.0022226213970487

contrast: 1.3
brightness: 0.09
saturation: 0.72
gamma: 0.96
gamma_r: 0.9
gamma_g: 1.05
gamma_b: 1.09
vignette: 2
temp: 7290