tweet_id: 1724795656953614593
masto_id: 111415021371940940
subre_id: Not uploaded, but here's the text: Feeling good today!  #VisualArt #Math

n_iter: 245
ct: 190
hue_offset: 147
saturation: -0.77

num_attempts: 11
dur: 4
std: 27.88
size: 855736 (835.68 KiB)

xmin: -0.6824494671029844
xmax: -0.6805001493641929
ymin: -0.3647611018923067
ymax: -0.36366461066423655

contrast: 1.07
brightness: 0.18
saturation: 1.26
gamma: 0.98
gamma_r: 1.1
gamma_g: 1.06
gamma_b: 1.0
vignette: 31
temp: 2598